100 10000 5 0
6980 2235 1118 7026 4663 6270 6709 5608 4576 1484 390 1824 264 7021 7264 3360 8143 5284 2038 4504 9033 8447 1921 5858 5685 309 5851 5816 8496 8842 5736 5952 2322 3002 6497 7306 6136 4871 784 7448 3567 4 331 4464 285 470 2611 2971 3805 3237 5217 8827 7713 7397 5094 4236 3529 2066 2937 6169 9509 1456 282 3546 2762 3222 555 4781 163 3146 3746 648 9778 9059 7762 8394 6297 3781 9708 5295 6304 4814 299 7054 1813 4490 2343 4029 2564 9216 6550 9206 8483 3141 7522 7791 4957 7039 8774 7346 
0 14
0 12
0 74
11 9708 8563 2767 7582 151 402 7482 6526 6700 2107 1212
1 5536
0 17
1 2756
0 69
0 64
1 7440
0 17
0 53
1 2663
1 723
0 87
0 15
1 6244
0 76
1 8807
0 10
1 3743
0 40
0 72
0 6
1 6629
0 40
0 36
3 2192 9828 7787
2 8034 8122
0 96
3 1273 5637 7864
0 21
2 9928 7783
0 29
1 6624
0 12
0 85
1 2072
0 75
0 67
1 598
0 58
0 64
0 27
1 2432
0 95
0 71
0 37
3 8050 6756 5670
2 9677 148
0 88
3 7848 3588 6691
2 2265 9900
0 86
1 5906
2 9820 2490
0 84
0 22
0 31
0 27
0 45
2 9791 985
2 3310 6851
0 65
1 1189
0 91
0 77
2 155 4078
0 61
5 6777 5042 7359 8290 5183
4 3541 3313 1274 995
0 22
0 11
0 1
0 48
0 22
3 6707 5796 862
0 99
1 8804
0 52
0 53
1 1163
0 34
1 9481
0 44
1 5072
0 83
2 5390 2012
2 3377 7428
0 39
3 2844 6922 6902
0 65
1 4132
1 6063
3 270 787 208
0 46
2 5012 2989
0 63
0 99
1 6259
0 39
0 11
0 70
2 5770 1883
0 72
0 36
0 95
0 57
1 561
3 7028 3876 1644
0 47
0 98
0 85
1 3446
4 4268 1733 9421 669
1 874
1 6362
0 64
1 7364
0 11
0 42
2 2348 276
0 14
2 6118 3332
3 8589 2999 132
2 5626 99
0 1
1 2604
0 80
0 62
0 58
0 91
2 5725 2373
2 2035 8581
0 80
1 142
0 94
0 86
0 26
0 23
1 5044
0 61
1 9893
0 7
5 8130 6174 2153 6767 6221
0 35
0 88
0 35
1 1844
3 3699 586 5401
4 7233 7747 4102 2750
0 11
0 21
0 96
2 8045 4415
0 62
2 3441 1583
0 26
0 79
3 9729 3571 554
2 1282 5028
6 3043 3562 2253 4991 422 1900
8 3746 1799 417 6627 6946 4565 2738 1880
0 70
0 98
0 75
0 48
1 3447
1 896
0 3
3 5384 6082 8201
0 36
1 7622
1 9744
1 6542
0 100
0 45
1 5991
1 8980
0 49
1 4807
2 702 9000
1 4947
6 8062 352 1152 500 8422 919
0 1
1 4228
1 7224
2 575 5711
0 18
1 9046
3 2281 7868 1391
0 47
0 98
0 30
0 34
0 55
0 58
0 16
0 54
1 8525
1 2691
0 33
0 85
0 74
4 5859 3201 2339 8745
0 42
0 13
1 7985
2 5343 3620
1 7847
0 25
2 3298 8224
0 32
0 70
2 9854 9114
0 72
1 2051
0 17
2 231 883
1 1748
1 4881
0 29
0 44
2 298 9124
1 3800
4 5820 395 7249 9262
0 69
2 4624 7577
0 67
5 3084 5050 81 4895 7908
3 2662 5024 8326
0 95
0 74
0 43
1 8173
0 91
0 64
1 3927
0 17
3 5112 7557 7220
1 5437
2 9332 1992
3 5003 9268 3782
1 1791
1 8434
0 26
2 2099 3153
0 15
1 3185
0 12
1 588
0 5
0 45
1 8578
0 13
0 98
1 2384
0 89
3 3221 8946 2839
0 60
2 1927 662
1 5578
0 32
5 4504 6739 618 8830 7083
1 3428
2 8203 6879
0 100
1 8474
0 93
3 2236 166 937
1 3811
0 4
0 76
0 97
0 27
1 913
4 4659 9923 6346 9474
1 5618
0 23
2 1279 4170
2 1855 2009
6 4802 1640 1179 8389 8346 4082
1 8691
2 4468 1703
7 3222 2745 3518 3892 4607 4798 9251
1 5278
0 43
0 13
1 8383
0 31
0 21
3 8499 4115 9230
5 4739 3422 9819 1164 3713
0 97
2 977 2934
0 17
1 494
1 4838
7 7039 866 6839 2676 9284 2843 3553
0 69
2 809 9514
0 57
5 8824 5671 7830 3758 6835
0 66
1 6418
1 938
1 7556
0 61
5 2322 6550 9314 653 8294
0 90
0 11
1 9287
0 58
1 8391
0 36
1 9705
1 9543
0 17
1 6787
0 78
0 74
1 5331
0 79
0 66
0 51
1 5797
0 26
2 6772 9107
0 76
1 1053
4 7213 4830 1998 2413
1 8947
0 5
1 9588
0 23
1 7609
2 9322 1840
0 85
1 4892
0 48
1 6417
0 35
0 62
0 76
0 98
2 1765 5224
0 21
3 1652 4643 6923
1 3109
0 70
0 11
3 4018 1582 6498
0 98
1 6149
1 3402
1 7347
0 77
2 947 4472
1 4338
0 47
1 6759
0 63
1 9651
0 72
0 33
0 32
4 3361 3646 7425 5562
0 60
2 9157 5931
0 89
1 6333
0 23
0 85
0 12
0 36
1 5233
3 2453 5714 658
0 33
2 3375 4692
0 71
0 88
1 7559
4 8282 3193 5909 748
0 43
2 5583 2319
0 52
3 3269 2249 3148
3 9495 2755 6991
0 60
5 9033 2343 8025 6476 6409
3 4124 145 5903
4 2622 800 9469 5406
1 9131
1 9127
1 2569
2 2865 8162
0 64
3 88 7811 7922
0 25
2 4550 3884
0 68
2 1697 6382
0 38
3 1038 5350 447
1 7295
1 6127
3 9038 3606 1471
0 49
2 2840 3131
0 88
0 78
0 73
1 2812
0 42
0 27
0 63
4 3174 385 8538 6319
0 82
0 78
2 7148 3593
0 28
0 2
1 3526
0 23
0 7
0 57
0 81
2 9822 4544
0 68
3 456 7500 5752
0 50
0 52
1 2600
1 8370
0 52
2 9842 7022
1 2526
3 9710 1873 7294
1 4198
0 23
2 2552 9021
0 85
6 6539 8811 7318 6854 339 83
0 89
0 58
1 9028
0 33
1 2593
0 12
0 17
0 34
0 12
1 3463
1 3046
1 4238
4 802 8697 4705 7548
7 8810 8107 5446 6385 2572 6401 7534
0 20
0 24
0 41
1 8777
2 499 2285
0 52
5 3904 6241 9200 401 9650
1 4444
3 6820 7074 8646
3 9924 2243 3846
0 67
0 22
6 5981 7734 6764 5411 9313 312
0 43
0 54
1 4491
1 5781
1 6042
0 93
0 89
2 1371 5232
2 3858 5093
1 8231
0 4
0 33
0 9
1 5069
0 40
3 946 837 5833
4 9576 7898 6001 4601
1 9208
5 2378 2626 6427 5929 1049
0 69
3 517 9665 5334
2 3715 948
0 31
0 54
1 1613
0 29
0 50
0 52
3 7952 7955 1140
2 1107 1945
0 96
6 560 7893 226 6529 3905 9350
0 86
2 7972 988
1 1551
0 81
0 15
0 51
0 91
1 2782
1 3847
0 47
0 35
2 4902 8079
0 58
0 24
1 1411
1 9913
0 41
2 6892 7302
0 36
0 26
0 17
1 3911
1 2649
2 8410 2033
0 54
0 54
0 37
1 4479
2 8190 8641
1 1814
0 99
0 19
0 63
1 283
4 1528 8443 437 6140
0 96
0 91
3 2768 1439 5443
1 5632
0 96
1 4189
0 8
0 97
1 3245
1 5196
0 51
2 1702 838
2 1919 4257
0 62
3 9463 8624 5014
0 18
0 26
9 5340 7925 7604 8765 7873 6210 3404 1271 9448
1 5901
0 12
0 33
6 9637 8333 2875 4503 8021 1623
3 4350 6339 6263
0 42
2 6891 7617
0 45
1 5388
1 4724
2 5804 9613
1 1518
2 6322 7729
1 9570
0 22
1 6332
1 3050
0 2
0 6
0 18
0 90
1 7589
0 22
0 3
0 68
0 58
0 23
0 63
0 17
1 993
1 7904
2 2030 7452
0 1
3 1310 2559 5592
2 4355 8211
0 66
0 61
6 8465 9944 3293 4719 1270 3536
2 3429 2272
1 3845
0 65
0 59
0 73
0 93
0 75
0 94
0 74
0 16
0 87
1 4046
1 4285
4 3033 3572 3586 108
0 37
0 42
1 3525
2 1416 7094
0 10
2 936 6984
0 37
0 47
1 7570
0 43
1 5889
0 6
0 27
2 3692 5398
1 5934
0 81
0 34
0 26
7 4752 730 5585 29 4613 1341 7118
0 86
0 53
0 56
1 9280
0 92
8 7618 4638 2633 3424 3837 4816 5138 3450
0 50
2 400 5800
1 4155
2 9631 164
1 9022
0 1
1 5888
0 70
0 30
0 17
0 63
6 3328 8599 963 1417 749 2735
1 8879
3 7759 2454 3777
0 98
2 7420 5999
0 58
0 86
0 48
0 72
2 3128 1421
4 9592 8754 8536 5573
0 73
0 39
3 4373 8682 173
2 7656 5025
1 192
4 7655 7113 5584 6421
4 8661 1327 4462 5253
0 34
0 5
1 8252
1 531
0 72
1 8949
0 10
0 83
2 193 2703
1 1470
0 51
2 1295 2345
5 842 3707 1710 7180 3133
0 45
0 38
0 83
0 44
0 80
0 51
0 26
0 38
0 14
0 21
3 8623 3577 6407
1 3037
1 3784
6 5339 280 9091 6834 7651 4395
5 518 6457 8026 7243 7779
3 1440 2073 4067
0 93
0 15
0 100
0 6
1 9193
2 5957 1552
0 26
1 498
1 1156
0 19
1 229
3 3119 1766 8116
0 16
0 33
0 19
0 99
0 61
1 7661
0 82
2 7802 4873
0 68
0 9
0 99
5 5491 3162 2802 7801 955
2 54 795
1 9977
3 7460 5039 8482
0 65
0 65
0 43
0 7
0 60
1 1514
0 92
0 75
0 77
0 88
1 4234
1 7098
2 1991 5960
4 1724 5785 2652 5123
4 5648 2087 8452 7416
1 4872
0 27
0 83
0 9
0 66
3 5636 3677 9803
0 69
0 38
0 51
2 8934 4904
1 2000
0 15
0 53
1 1521
0 80
2 6402 6561
1 6852
1 2550
7 2463 689 8171 5407 4260 4109 3731
0 54
0 81
1 4750
0 30
0 84
0 14
1 3142
2 8881 8043
1 68
1 7889
0 42
0 29
0 54
0 2
2 9931 2815
3 8717 2476 5315
0 23
0 80
0 60
1 1052
1 6755
2 2985 8981
0 51
0 23
0 48
1 8413
1 3685
3 7489 5806 7381
1 2389
1 8279
1 172
1 5629
2 5094 6169
1 1759
6 9140 6226 2919 3741 4842 1568
0 71
2 9722 1146
0 17
2 6279 4302
0 32
0 52
4 4160 1752 4298 7390
1 1476
0 68
2 1229 2973
3 2582 3698 5280
0 19
0 80
6 5616 4362 9320 3816 6894 2213
0 91
1 2848
0 78
0 63
2 1234 6730
1 7621
4 5728 215 8770 1601
5 5432 1145 4309 3083 791
0 85
2 7882 6810
7 9738 124 9398 5294 5745 2119 5045
3 6696 4948 9688
1 9318
0 23
1 8058
0 98
1 5819
0 32
1 44
3 6471 5381 6295
0 31
1 2013
3 3514 9764 5078
0 25
0 31
0 60
8 5262 5149 2888 7594 7951 4856 7836 4183
0 15
0 99
1 814
3 5291 7275 9336
1 341
1 1727
0 82
2 2728 7853
0 41
0 57
0 27
0 64
0 5
1 9526
2 225 6875
2 5383 3725
4 3394 2693 9809 6742
3 6681 6646 3076
5 1808 3821 4282 5956 2335
0 98
0 71
0 94
2 5037 4144
1 616
1 5008
1 6363
0 39
3 7536 9077 7407
0 69
1 41
2 8895 7006
1 6186
0 7
0 13
0 4
0 30
0 30
0 78
4 8084 8191 1540 7484
0 88
0 46
1 3907
1 3068
1 1550
0 70
1 4026
0 33
2 2658 1631
3 5980 6046 6424
3 6962 6036 7909
1 1806
1 619
2 7201 3227
1 5155
1 5790
0 83
0 4
4 2037 7626 6666 1339
0 42
2 4517 8339
0 74
3 3874 5880 6864
0 1
2 7881 119
4 6415 4015 4950 5121
0 40
2 1213 9429
3 6491 6775 3570
0 73
0 69
2 5528 9571
0 51
0 60
0 40
0 95
0 47
1 6993
0 67
0 21
3 7115 829 305
1 4493
0 35
0 64
1 30
0 45
0 18
1 1667
0 26
2 4666 2201
5 6243 9898 6114 4141 384
2 695 3735
0 61
5 1301 7995 9591 9518 3023
0 7
0 45
2 7160 5356
1 3242
1 2082
1 6904
0 34
0 23
2 8759 8621
0 96
1 3624
1 4656
0 95
1 9792
1 4827
2 8217 8056
0 21
0 25
4 3423 613 2732 2634
0 46
3 610 7337 3498
4 5730 5428 8357 490
1 5553
2 7462 1901
2 7586 5066
2 6313 5857
3 4121 5300 1250
0 73
1 5101
0 21
0 58
1 6597
1 6883
0 93
0 38
2 8055 4240
1 7388
0 97
2 2502 8323
1 1979
1 7879
2 8302 7896
4 8222 348 9297 5624
1 5763
1 6569
1 2753
3 9926 2287 2102
0 43
0 85
2 8375 5539
1 4117
0 32
2 4637 5572
0 98
0 44
1 8365
1 1573
3 4951 5362 1947
0 85
0 33
0 53
0 38
0 12
0 29
1 7194
0 5
4 6543 4330 2136 3761
1 2591
1 5878
0 81
0 7
1 9467
1 5576
3 125 2358 330
0 82
0 62
0 68
0 60
0 37
1 6863
0 63
1 3770
0 75
0 77
2 5345 5279
1 4414
0 67
3 9725 3694 2006
0 75
3 8545 574 4197
2 1641 8941
0 60
0 12
0 11
1 8870
1 8835
0 17
0 42
0 2
1 1874
0 99
1 3437
0 37
1 2474
0 70
2 8029 9772
0 25
0 74
3 923 4774 6419
1 7970
1 8526
1 5478
0 48
0 16
0 68
0 97
0 39
3 1958 3209 4305
0 29
0 25
1 1498
1 2155
2 2685 3971
0 69
0 35
0 66
4 8603 2130 7525 6079
0 10
0 19
0 98
3 674 582 9354
0 52
0 84
0 88
0 46
1 3509
0 85
5 6808 405 8352 356 281
0 100
1 5215
0 40
1 9146
0 2
1 2579
1 5689
0 98
0 19
0 8
0 88
0 31
0 88
0 40
0 96
0 84
0 55
0 19
0 53
1 4714
3 9246 135 2311
0 75
1 8069
1 6895
0 83
2 673 4506
1 368
3 5266 8579 7798
3 9950 9462 5087
1 5454
2 9277 9748
0 90
1 207
2 6590 6482
1 9796
1 9783
0 81
0 41
2 6358 7158
0 45
2 7823 1325
0 82
0 87
1 7808
0 76
0 50
0 26
1 3061
1 5841
0 7
0 8
0 12
0 74
0 65
1 6357
0 6
4 2088 8262 8469 9742
1 7467
1 8612
6 2038 8447 6136 3805 3141 2668
2 3930 6623
0 81
2 912 7254
3 3420 636 9795
0 91
0 4
0 98
2 9155 8181
0 24
1 1987
1 5139
2 965 8996
1 2016
0 34
1 8208
1 1755
3 8298 6200 6907
0 19
1 1542
3 8015 6926 1718
0 76
0 84
0 37
1 9408
2 6047 8300
1 7474
2 8639 6445
0 1
0 53
3 8887 1745 4022
0 86
3 3621 146 3619
1 6986
3 1092 9774 1627
0 7
0 10
1 2100
0 48
0 23
1 4962
0 7
2 1081 3967
1 3197
1 7492
0 8
1 5098
1 7982
6 688 2609 3152 8395 5463 3014
0 93
1 5529
2 4313 268
0 21
1 3775
3 5022 6951 3398
1 4908
0 76
0 41
0 77
0 72
2 7727 8974
1 1962
1 6585
2 9500 6110
0 23
1 6314
0 27
1 9438
0 70
2 1809 7081
0 91
0 81
0 36
1 4914
0 42
0 23
3 8843 8663 2689
2 3539 1304
0 48
0 20
0 33
0 56
0 62
0 38
0 20
0 14
0 70
1 3830
0 78
2 4336 4514
0 55
0 79
0 36
0 81
1 1367
1 8748
4 2143 7687 7055 1534
1 8799
3 1959 287 6025
1 5119
0 51
0 77
3 8813 31 4454
1 521
6 3284 5526 6233 1643 5313 379
1 581
0 45
0 76
3 6520 6003 4403
2 8384 2578
1 1989
0 17
0 31
0 77
2 5409 4445
1 9415
3 5543 7707 9624
1 5414
0 97
0 1
0 78
0 80
1 1368
0 27
1 9953
0 4
0 57
1 9328
1 8184
0 65
2 1908 7914
0 27
0 78
0 30
0 89
0 87
1 2046
1 3531
0 87
1 7692
0 25
3 7683 7924 6584
0 66
1 9298
0 46
1 2916
1 9685
3 4498 5845 2121
0 87
0 8
1 6712
1 1180
1 4760
1 2118
1 4562
0 51
3 978 4424 9943
0 37
4 8849 9453 5538 887
1 5678
0 3
0 19
2 2468 5301
1 3793
3 2314 440 6289
0 20
0 40
1 5082
1 5974
3 8528 6433 6705
0 13
5 9441 5945 5979 5664 3318
5 160 945 844 7127 7414
0 48
0 73
0 57
0 86
1 1004
2 4993 9226
1 5136
0 33
0 51
1 7076
3 706 9307 2673
1 4855
0 35
0 59
2 752 3626
1 4138
0 58
0 21
1 7446
0 18
0 84
1 9192
0 21
0 95
0 83
1 5338
0 35
4 8557 1911 5673 1560
4 1865 1246 7019 2990
0 80
0 40
1 1044
0 7
0 40
1 1414
1 3739
1 5942
0 57
2 9940 9359
4 9019 8295 8957 7782
0 63
0 68
1 9579
0 33
0 76
0 84
4 1990 8960 9294 8635
3 5309 3262 6931
0 5
0 13
2 2032 4392
0 91
1 1822
0 89
0 23
0 52
1 6698
0 67
5 6600 848 6531 1030 1742
1 3436
0 13
0 15
3 9256 8455 9232
1 2008
1 2327
0 93
1 7907
0 89
0 56
0 52
3 5385 542 3039
1 4507
5 1051 549 1168 1467 3860
2 4122 4575
5 4608 7311 9252 5470 7528
0 22
0 34
1 7580
4 6246 9640 9657 1595
2 6519 107
3 9333 1303 7742
1 2029
1 1235
0 34
0 70
0 83
1 3798
3 5080 101 2801
0 54
2 1944 7855
1 5031
2 3335 2612
6 1087 9374 7503 7523 1986 9017
0 76
0 50
0 43
0 68
0 87
1 7176
2 1259 1460
0 5
0 44
2 5982 5662
1 8271
2 2340 3578
0 48
1 6618
1 9412
0 39
0 57
1 4044
5 6552 1360 7196 8792 8626
4 2064 6797 8227 532
0 98
0 55
0 90
0 19
0 45
0 90
3 9299 6791 39
1 2606
1 7624
0 76
0 39
0 15
3 9563 5250 8157
5 2225 363 7144 6925 6556
3 5150 1489 2878
0 76
0 78
1 6490
1 1457
0 38
0 32
1 100
0 90
1 7636
0 24
1 4790
1 2874
0 74
0 55
2 9863 2731
2 4036 587
1 8572
1 9060
0 21
1 389
0 78
0 20
0 99
0 1
1 606
0 59
1 3056
1 1027
0 82
1 7216
0 39
0 11
0 3
0 46
0 15
1 2200
2 478 1272
5 537 9130 7906 7537 2377
0 73
0 58
0 81
0 74
1 6165
0 82
0 23
4 9023 4000 9458 631
0 79
3 6586 4446 8689
3 591 2062 9496
2 940 4788
0 10
0 22
0 22
1 1153
1 7111
0 78
4 3365 715 892 2991
0 6
1 7383
0 29
0 62
0 17
1 1700
3 9058 130 7344
3 3893 6180 3828
6 6497 5337 7911 624 961 3054
3 3435 1129 5302
0 64
3 8549 5421 8083
0 3
1 5715
0 19
0 70
2 5186 8188
1 5921
1 8831
2 8097 8461
2 9789 7517
1 5234
0 15
0 57
0 84
1 2404
0 28
1 2101
1 6634
0 93
2 9368 1063
0 70
2 2538 6645
4 5767 5766 8438 7187
0 74
0 87
0 18
3 6464 6752 2053
0 37
0 45
0 10
3 7459 7600 6694
0 83
0 75
0 60
1 7384
3 5467 5886 6733
2 8644 6076
0 84
0 69
1 4383
0 45
2 2571 1899
1 4587
3 6152 6981 5332
0 32
0 14
0 69
1 1771
0 74
1 3877
0 73
4 7340 6083 5701 6715
0 2
1 8355
0 77
0 67
0 24
2 2275 7075
0 63
2 1532 6487
0 26
4 7307 8134 3717 3596
1 660
1 2302
0 83
0 86
1 4214
1 8750
0 10
0 28
0 58
1 8991
0 10
0 81
3 6877 1351 8233
2 2459 4918
0 57
1 6088
1 818
1 9135
1 8793
0 69
1 4765
0 15
0 23
6 1694 5704 2444 2044 3647 9149
0 3
2 8911 4332
2 5132 7276
0 84
1 1343
1 9165
3 8256 4296 3898
1 9851
2 2257 857
1 621
1 9426
1 3111
0 32
0 22
0 84
0 64
2 190 9026
0 22
5 1117 9057 3953 9491 9714
0 60
3 7309 2250 4939
1 7356
0 30
2 3996 5043
0 93
0 69
0 56
1 2125
0 73
1 9292
1 7657
0 42
0 78
0 84
5 1330 5481 4478 4878 6684
0 7
5 3900 7749 8440 3583 6501
0 39
0 12
1 1374
0 64
0 64
1 9720
1 6039
0 86
0 95
0 82
0 18
1 9994
1 8232
1 5919
2 5811 3651
0 51
2 5326 8369
0 74
1 5100
1 7362
2 8701 6881
2 5065 4577
0 36
2 201 9344
0 5
1 6301
0 30
1 7400
1 9055
3 4204 3108 7365
3 5287 8151 7845
0 80
0 48
2 1194 4477
1 5686
0 28
0 53
2 4821 5433
0 33
0 77
2 9030 5847
0 80
0 13
0 10
0 62
0 51
0 25
0 70
0 92
0 5
0 55
0 87
2 2494 9086
3 5794 4356 7509
0 53
0 80
2 4614 9471
0 16
9 4288 1624 5641 6714 6728 3542 8244 3440 2193
2 6541 7877
0 32
1 6793
0 95
1 8920
0 7
1 5887
0 91
2 2856 8784
2 13 2892
0 72
1 1936
0 39
4 5017 8009 6989 5153
0 30
2 9450 9536
0 95
0 47
1 3192
0 47
2 3256 2867
2 1878 7358
0 97
0 26
1 1389
4 3065 5835 2477 9751
0 41
2 2217 327
3 4529 8351 7354
0 52
1 9069
2 5879 9498
1 6749
1 9025
0 39
2 4733 5063
4 6456 5936 5918 362
5 4166 3987 5021 4912 1358
0 59
2 1319 4660
2 3579 6080
3 2042 6245 4999
0 11
2 9807 5426
3 2886 4654 1077
0 98
5 7538 8678 6523 9016 214
2 997 4081
1 4689
1 3230
0 59
1 2636
1 2018
2 2595 9661
1 8291
1 711
0 65
0 44
1 8903
4 7974 7858 2590 8574
3 7178 2535 7992
0 73
0 41
1 9482
6 8327 6166 5429 1097 7255 1907
1 167
0 12
1 5483
0 61
1 8763
0 92
2 5312 2871
0 25
2 807 9056
0 70
0 82
0 62
2 5645 8801
1 8841
0 17
0 86
1 1171
2 9711 6668
1 1067
0 92
1 4366
0 30
3 1798 1859 6990
2 2613 7933
0 48
0 17
0 7
1 1463
0 84
1 3870
1 4012
0 96
0 42
0 7
1 2959
0 83
1 4941
0 3
3 9018 6781 5171
0 56
2 8642 2211
2 6580 1922
0 5
0 53
4 2054 7991 2392 3087
0 67
2 726 7238
0 32
0 89
0 100
0 40
1 2567
0 56
2 8080 1649
0 90
0 100
1 7226
0 18
3 8185 1622 2807
0 89
3 3686 4473 2092
0 30
0 53
0 90
3 7427 2956 4263
4 5551 5614 4146 4621
1 9765
5 6601 2323 3598 2829 4674
1 6448
1 1340
6 832 5161 9618 781 7664 4456
1 7958
1 7978
0 73
1 2586
2 4255 5073
3 4748 2152 2851
4 307 5821 5497 5893
0 55
5 371 1130 3954 2850 712
0 8
0 72
1 1825
1 1520
0 44
0 42
1 1202
1 3783
0 48
2 7813 4792
6 2564 4986 8652 1909 5954 6236
0 29
0 37
0 35
0 79
0 25
0 34
0 2
2 1079 4453
2 4964 5754
1 1422
1 7850
0 54
1 340
2 9012 824
3 9966 8937 3027
0 84
0 24
0 41
2 491 4108
1 2341
0 10
1 3941
1 1826
3 2861 434 4648
1 4969
1 4265
1 3802
0 25
0 61
0 33
0 25
2 7611 9532
0 28
1 3211
0 53
2 1642 4281
2 657 1144
0 29
1 2486
0 100
1 822
0 41
4 4093 8378 7940 7281
2 2117 868
0 82
2 3523 8577
0 6
0 84
1 297
0 60
0 96
0 87
2 4778 5902
1 9769
1 3513
0 71
0 1
0 56
1 8194
0 15
4 4085 6324 5547 3521
2 3154 1078
2 4314 5803
2 2077 7015
0 90
0 37
0 40
1 9660
0 26
2 3456 122
1 2315
0 29
0 98
0 75
0 37
0 30
2 9632 8289
2 7793 2847
1 4492
1 3312
1 3550
1 7987
3 8044 1408 8075
0 42
2 8214 5948
0 52
3 744 1454 4690
0 48
1 1586
1 4687
2 7093 1317
0 90
0 39
0 35
2 4609 3959
1 3650
8 470 5295 3096 4780 7131 7014 8385 5591
0 98
4 7241 1429 7900 3397
0 15
2 893 4785
2 7634 1618
1 2655
2 4708 7953
5 8396 4396 840 4120 5145
0 38
0 92
2 3210 6008
2 1757 6137
0 28
0 17
3 875 4426 2067
1 651
3 296 1636 6534
2 2820 3327
0 88
0 1
4 4377 53 9846 3786
1 8437
1 216
0 10
1 9773
0 53
2 303 1832
0 48
0 42
1 4874
0 19
1 1852
0 5
0 45
0 33
0 40
1 1291
0 62
2 8848 3026
0 34
2 1485 6796
0 46
1 6679
0 53
0 83
0 84
0 48
1 4348
1 2806
0 98
2 7797 705
2 7575 2733
1 7826
0 47
2 4295 399
1 605
1 2684
0 97
2 4940 1111
0 65
0 48
0 95
0 60
3 562 833 232
1 2350
0 63
3 1064 8114 2383
0 28
0 27
0 58
0 40
0 59
0 3
1 6351
2 9289 3
1 8882
0 35
0 56
0 88
0 94
1 1254
2 8729 4633
0 10
1 2312
0 2
1 4353
1 863
1 1335
1 6172
2 6015 2796
0 24
0 55
0 40
1 1040
0 43
3 3678 9446 4171
0 18
0 53
2 5387 691
2 9499 6038
0 32
1 1674
4 6054 4954 8610 1039
1 8967
2 4783 9013
0 75
3 6795 178 1110
0 47
0 85
1 3488
2 9561 3636
1 5639
6 2964 6227 1744 6841 2787 7436
1 4512
3 5839 8223 159
0 71
7 5736 1813 6607 9990 8771 8467 6651
3 5320 3149 8406
0 16
0 96
2 5612 7647
2 5809 2305
0 82
5 5541 5486 7331 6636 5700
1 2744
1 3929
2 7431 7062
1 8000
0 74
1 2491
0 19
1 9572
2 4805 7815
1 8643
0 41
2 5555 6814
0 65
1 1075
3 6965 4139 7282
4 5152 3066 2247 8972
0 25
0 16
3 2195 7246 2995
0 6
8 9778 7456 4347 9094 8540 4163 6185 4889
0 37
0 1
3 9110 2212 4771
1 9479
4 6608 5620 6898 6101
2 3297 5905
1 9916
0 11
1 9306
1 8673
1 4757
0 14
1 7938
1 8164
1 1879
1 8698
0 50
0 96
3 7819 9995 4849
1 3533
1 1888
5 2898 9611 6662 2091 1935
0 41
1 7299
1 9151
0 98
0 24
2 9793 2584
0 4
2 6939 157
0 96
0 50
0 78
0 88
0 82
0 77
3 9369 6298 6383
2 9741 4040
1 5208
1 7013
0 16
2 4681 4343
0 20
1 3241
0 87
4 7541 1705 3915 7357
0 88
2 9888 5143
4 594 889 3485 9177
6 8019 6957 1482 7287 2665 6198
1 3376
0 76
0 12
0 86
0 6
1 2870
2 4326 5265
0 35
1 1767
1 6578
3 8997 778 4602
0 4
2 5096 2700
1 140
0 24
0 71
0 28
0 26
0 6
1 7107
4 9304 4979 7630 3020
0 74
1 2110
0 65
0 89
1 6840
2 5299 9620
0 27
1 772
1 579
0 55
2 8090 2299
0 98
0 2
0 84
1 9166
0 75
1 3920
0 52
0 19
2 6107 8856
0 7
0 36
0 7
1 8990
1 372
0 98
1 9541
1 1571
0 19
1 623
0 33
0 56
0 45
1 9444
0 59
0 85
0 33
0 94
6 8096 1668 7202 1577 9533 9712
1 7455
0 56
0 93
1 4700
0 33
3 1084 3979 9169
2 974 2864
0 77
0 31
0 37
0 61
0 68
3 8481 3466 4754
0 2
4 2785 9402 7248 7842
3 2020 3062 6706
0 90
2 6654 2427
1 2270
0 51
0 40
0 14
1 5601
2 3520 9881
1 5192
0 68
0 49
1 6685
2 4328 9097
0 18
1 6277
1 2169
0 39
0 25
1 1388
3 7487 753 1036
0 93
1 6688
2 990 7103
0 15
3 1003 2086 7245
1 5419
2 7156 5126
0 44
0 28
0 14
0 51
1 3801
1 4194
0 73
2 6868 756
0 36
0 93
0 12
2 916 8825
4 1248 4459 4734 428
0 92
2 4836 4935
12 1118 4663 1484 7021 5816 8394 5114 9006 7650 813 4107 8943
1 3569
1 8875
0 43
2 9984 4384
0 17
2 1951 3556
0 34
0 27
2 9997 9785
1 6661
1 2513
3 4469 5018 7209
0 47
0 95
0 100
4 1867 6175 7109 3622
0 68
0 76
0 37
2 1968 6589
1 4723
0 4
0 61
0 1
0 29
2 7803 4154
1 7999
0 71
0 44
1 9991
0 47
1 5782
1 9762
1 4857
0 85
0 41
0 81
0 22
1 9629
0 72
0 34
4 4203 4583 6215 3864
1 9811
2 1870 7659
1 4516
1 3382
1 2219
0 98
0 26
1 7475
0 77
2 4127 9730
0 36
0 63
0 37
1 8380
3 4727 4539 2399
2 4304 9220
1 8573
0 56
0 62
5 2116 4759 8544 1468 3018
2 3641 6381
0 10
0 85
0 58
0 87
1 2150
0 90
0 7
0 78
0 84
1 3942
0 80
1 671
1 8332
3 1983 5687 8680
1 7096
2 7117 8175
2 5027 5696
2 1014 1670
0 98
0 72
0 65
0 42
1 6967
9 6510 457 5713 6032 1395 1108 8180 1372 7237
1 6283
0 52
0 83
0 71
0 79
2 8832 9937
0 53
0 46
0 5
2 3069 4497
1 9370
2 8183 6160
1 8738
1 9687
0 17
1 8345
0 12
0 14
1 6132
3 3790 9779 5314
8 5748 1545 7590 8032 5285 3088 6635 2592
1 123
0 22
4 8104 2837 1392 7411
2 3809 6108
1 6163
4 750 8159 8149 2031
0 3
0 97
0 40
0 6
1 4192
4 5358 589 4419 707
0 53
0 18
0 77
0 12
0 81
0 98
3 8982 8497 4105
0 15
0 42
0 21
3 1536 3232 1376
4 9520 1143 708 3395
2 854 4266
0 65
0 62
1 1396
0 47
4 3372 4279 4834 666
0 82
1 118
1 4532
0 23
2 2472 6397
0 98
1 6975
0 6
5 6617 3787 2678 6893 7433
1 4811
1 6690
2 1405 221
2 6518 3655
1 596
0 42
0 19
3 8014 5549 3289
0 76
2 6865 1956
0 60
0 16
5 9525 8594 143 2866 7962
0 20
0 80
2 8950 4496
0 90
0 39
0 26
0 39
0 69
1 984
0 69
0 36
2 5726 3566
0 83
0 42
1 6096
1 6544
0 34
1 8650
0 29
0 68
0 3
1 5330
0 10
0 44
2 1866 493
3 5828 1932 4125
1 4321
1 1147
3 6057 1768 9849
1 3862
0 97
1 2227
3 1895 6932 7066
0 74
0 16
2 7300 9158
0 20
4 6440 5177 5068 476
2 7477 6064
0 38
3 1370 8587 704
1 6303
1 5001
1 4625
1 7710
0 7
0 43
5 3093 5970 4925 5864 9843
1 3764
1 5920
1 7376
0 43
0 23
0 11
0 97
2 1216 5165
0 69
1 8576
2 8636 8078
1 789
2 2805 4354
0 37
1 165
1 9801
0 41
0 81
1 9947
2 4062 19
0 48
2 4032 1925
0 17
0 23
1 3353
0 80
0 63
2 6983 7870
1 8908
0 4
0 17
0 44
0 52
0 18
0 45
1 6113
1 5009
0 71
0 25
0 47
1 8815
0 55
0 42
1 3973
0 56
1 643
1 1934
0 93
1 1464
0 72
0 59
2 6827 8560
3 6994 960 2164
1 234
1 106
0 56
0 1
0 26
0 78
0 23
1 8767
7 9887 4311 7851 2936 62 6652 3537
0 26
2 7520 7325
1 5410
4 3188 9817 7521 8880
1 40
1 794
2 8059 4636
1 8048
0 93
0 14
0 82
2 506 4179
0 56
2 7513 7649
1 9935
0 66
3 5659 7353 696
6 7360 3122 7341 63 295 3459
0 92
0 37
0 16
1 5691
1 2414
2 2748 9583
1 2726
0 43
0 92
0 93
4 9707 7259 2135 3552
0 78
1 8382
6 4004 3926 4641 6028 3644 1305
0 89
0 20
0 60
0 19
1 7690
0 24
1 9156
5 4846 8609 9529 8890 199
0 24
0 4
0 19
0 56
2 5472 1479
0 19
0 93
7 3894 882 552 8900 3948 9253 8756
0 76
0 62
0 25
0 5
0 32
0 59
0 7
0 26
0 17
2 2855 4345
3 593 1072 316
0 17
3 4208 7033 6470
0 76
2 2544 1782
3 2941 9602 2585
0 22
2 6792 3947
0 93
0 2
0 73
2 8710 2223
1 6230
0 56
0 32
2 5110 9212
0 47
1 4907
1 8704
6 5493 8458 8590 45 5939 9601
0 67
0 2
2 6308 6545
1 677
0 80
0 43
3 5369 3099 9459
1 5985
0 18
0 6
2 3481 220
0 9
0 1
0 39
1 6642
0 81
0 90
1 9047
0 14
1 5814
0 49
8 5360 5489 162 1689 334 6366 5848 6648
1 1701
1 1787
1 5768
1 8010
0 36
6 5217 8163 9267 2702 5623 3049
0 58
2 1563 9460
1 1409
5 4887 7818 1616 2987 2827
3 1475 5556 9885
1 6406
2 7920 1112
0 22
1 6570
2 9875 5137
2 5464 6812
0 54
0 12
2 2929 5653
1 4431
3 7639 5377 2957
0 37
3 3530 2050 6478
0 76
3 2108 2366 4224
0 89
1 597
0 94
0 100
1 7218
1 5237
0 7
2 6234 4271
1 9694
0 25
0 52
3 5103 4094 3766
1 8329
0 98
0 89
0 71
1 7928
0 6
1 8480
1 4640
0 20
2 9816 4749
1 2709
0 60
1 4087
1 300
0 97
2 3391 7822
0 21
1 5807
0 79
0 9
0 76
0 69
1 86
0 81
3 8954 2234 2962
0 15
3 1190 8356 872
1 9910
0 71
2 4186 404
0 65
0 92
3 1704 1835 1294
1 5354
2 5261 3484
0 29
0 100
0 5
0 25
1 4787
0 92
0 18
4 5445 4363 254 9958
0 60
1 137
0 72
0 47
0 97
0 95
0 69
0 48
0 19
1 1593
0 68
0 2
3 4970 1462 4730
1 3759
0 92
2 5579 7000
0 20
0 65
0 48
0 21
4 5335 4508 1415 350
0 15
0 46
4 7846 5032 3347 6306
0 12
2 7234 1397
1 760
5 9072 3482 3267 98 523
1 2242
4 4112 169 175 3451
0 48
0 19
1 7708
2 485 8052
2 2879 4017
1 115
0 48
0 78
0 10
0 81
2 2818 5743
2 5588 956
3 74 1085 463
1 6785
0 88
1 755
1 8067
4 3116 3968 3918 7883
0 41
0 12
1 2784
2 8619 9825
0 4
1 7685
2 55 7333
2 4930 1239
0 13
0 32
5 8494 664 4604 8133 1842
4 6352 3880 8376 7217
0 73
2 4009 1379
0 66
1 4287
2 483 2506
1 5947
0 7
0 14
1 1655
2 6870 699
1 3348
0 10
2 6806 2924
4 5557 367 9535 9300
0 29
3 4685 2385 3718
3 2465 9671 5076
3 8532 5292 1863
1 1184
0 48
2 3771 6494
1 3015
0 65
0 28
0 68
0 69
0 40
1 5187
0 67
1 3403
0 15
0 87
0 59
0 98
0 74
0 49
2 6794 1930
2 6815 8306
1 7751
0 60
0 13
0 44
0 5
0 18
0 100
0 53
1 8632
0 77
0 99
0 64
2 1740 9622
0 96
0 17
3 9399 6450 3075
0 37
3 6437 9873 8318
2 7869 7351
2 8196 5586
0 73
1 6703
0 47
1 2074
0 45
1 5190
0 33
0 65
0 77
0 35
0 50
1 6206
5 1333 8888 9523 239 8877
0 36
2 8659 3810
0 59
0 5
0 29
0 50
0 17
2 8896 6195
0 16
0 48
0 88
2 6748 6387
0 7
0 11
2 3415 8984
0 84
0 80
1 335
0 97
0 39
0 34
1 7116
1 558
3 3196 8989 6430
1 8638
1 6789
3 7863 3945 7605
0 16
1 7551
0 26
2 5450 8013
3 3573 3430 8762
0 81
0 48
5 9531 5698 5 9301 3216
1 85
0 52
0 43
1 3283
2 7918 910
1 2619
0 91
0 85
2 3803 4710
0 19
1 6682
0 98
2 3009 7677
1 1438
0 50
0 5
3 5580 1437 8285
0 23
0 17
0 58
0 8
2 4864 2783
2 1519 9735
1 7439
0 38
0 13
0 15
1 1157
0 41
0 22
3 2137 2653 970
0 11
0 53
1 9296
0 9
2 3121 5953
1 3986
2 7753 4996
0 15
0 29
2 4540 8425
0 62
1 9423
0 77
1 2671
3 3051 9892 8405
0 52
0 61
2 2380 3112
0 63
0 49
1 2307
0 96
0 50
1 5865
0 62
2 5323 3826
0 57
1 4057
0 50
5 8723 2274 5400 5542 5382
0 63
0 20
2 9692 4495
2 3679 252
0 63
1 7406
1 1324
3 6400 4217 6425
0 50
2 2972 1553
0 17
1 3799
0 84
1 9283
0 2
2 7471 6773
0 67
1 3478
0 41
0 87
1 3278
0 74
2 4946 1574
8 7346 6250 7698 3601 6805 3426 3720 4019
1 8794
0 96
1 8654
2 2860 9245
1 233
2 9036 2461
2 585 59
2 3808 9895
4 7064 8372 7070 441
2 3261 8128
3 4248 5222 6355
1 473
0 73
1 3795
0 40
1 856
0 79
0 86
0 8
0 82
0 28
0 28
0 1
1 5802
0 7
0 73
0 72
0 28
0 92
1 7564
1 5976
0 26
3 7200 2447 6345
5 1220 8299 2945 4546 2379
3 766 9983 7545
0 75
0 22
0 36
0 68
0 38
2 7151 6224
1 1665
3 8712 5061 544
7 5971 3158 6653 8555 6454 2708 9439
2 9920 1404
1 6162
0 93
0 98
1 5240
0 47
1 1726
0 20
0 35
1 407
1 1862
1 1219
3 5322 9492 652
1 6503
4 5363 7643 8906 7106
1 7905
3 9962 670 408
0 87
0 63
0 80
9 331 7713 648 7921 4860 4972 8426 8121 4045
0 44
0 82
0 39
2 7048 6530
0 40
0 94
0 49
0 96
0 6
1 4809
0 5
1 7336
0 40
1 8037
1 8889
1 6350
3 7678 8510 5456
1 5151
3 7699 7507 4777
0 3
0 5
0 29
1 5577
0 44
0 59
0 58
2 6232 6687
1 4929
0 94
3 6949 5245 2765
3 1621 3433 2647
1 627
0 44
1 6268
0 89
1 275
0 80
0 37
1 1275
0 80
2 6848 7715
2 5548 3943
0 34
0 84
0 1
0 50
2 4380 7027
0 2
1 8785
0 78
0 57
0 72
5 2631 8119 7090 4277 4185
0 35
0 87
4 759 7316 4803 7565
0 62
0 78
0 97
3 3665 2388 534
0 20
1 9546
1 370
1 9182
2 9164 9001
1 8431
1 9139
0 25
1 2761
0 82
0 51
0 68
0 93
1 1851
1 274
0 25
0 6
3 1549 9108 277
1 8788
0 48
0 71
2 1868 7095
0 99
0 32
0 84
1 6024
3 6710 8747 9184
2 5092 6302
4 1412 365 5214 6191
1 9070
3 904 8679 4649
1 1786
0 67
3 398 1364 2846
2 3559 8864
0 24
2 5605 344
0 17
0 78
2 9753 7852
0 87
0 19
0 59
2 488 1474
1 7894
1 1228
0 86
2 763 4500
0 9
0 46
0 11
1 381
0 42
0 29
5 7769 7916 3167 9539 7097
0 30
0 49
0 9
2 9009 2448
4 8730 5517 4505 9829
1 180
0 82
2 9020 7804
1 8865
1 2576
1 611
1 2470
3 8720 8061 4196
0 41
0 41
1 26
1 969
1 4545
0 100
2 4773 4848
2 6976 3881
1 6239
1 3113
3 1684 4123 3388
2 1654 3737
1 209
0 79
4 819 8951 7175 4264
4 967 6622 4207 8867
1 4900
0 94
1 803
0 39
4 2793 1197 5422 2705
0 7
0 77
0 43
0 90
0 93
0 7
1 634
0 70
3 4682 2112 3207
1 6086
1 608
1 2967
0 16
0 48
0 88
0 66
0 13
1 3906
0 73
1 911
1 8297
0 37
4 5967 7542 7736 7009
7 2716 5877 346 9202 1013 4611 3779
1 8726
1 5297
0 32
2 3682 8266
1 3753
0 56
0 10
1 6317
1 9172
0 58
0 57
0 82
7 3823 6272 5749 9204 8007 7183 6861
1 8457
0 22
1 2940
1 6150
3 8583 455 5638
3 7476 1428 80
0 96
2 2154 6023
0 72
0 17
0 96
4 2232 6121 6857 4801
0 12
0 74
3 7393 5899 8073
0 72
1 5460
0 90
1 2833
0 5
0 47
0 12
0 56
0 66
0 2
5 1801 3843 9455 7942 9768
1 3632
0 34
1 4499
3 6809 5940 2165
0 39
0 30
2 6507 1590
5 4128 8796 6194 6026 6321
3 4717 7543 914
0 63
4 1772 3055 8487 8584
1 2244
0 59
0 20
2 4799 9468
0 85
2 3985 1200
0 79
1 6620
1 8170
0 36
0 24
2 1378 9339
2 7329 7688
1 9049
2 9039 5930
0 1
0 10
1 9927
0 4
0 56
1 6751
0 3
0 32
0 14
0 37
0 44
0 22
1 9841
2 4831 6122
4 4219 9042 3990 6067
0 65
0 38
1 9128
5 9965 9956 9704 5425 7506
1 1711
0 62
0 34
0 19
2 5053 7738
0 29
0 64
1 7324
0 85
0 64
2 4060 1496
3 7320 5604 2648
0 19
3 9099 6763 9879
1 2493
0 25
1 2747
5 5829 2292 6693 8648 6010
0 28
0 57
0 53
0 63
5 9686 3383 9366 6153 5709
3 4111 9461 764
1 3587
0 54
1 2206
1 5996
0 60
0 51
0 87
0 16
1 4315
1 1677
0 8
0 84
5 9377 1819 2368 7319 2978
0 81
0 39
0 33
0 19
4 5016 7862 3067 2336
2 3213 7387
2 5175 4763
0 43
0 70
0 38
0 49
0 91
0 44
1 4740
1 2019
0 67
3 5270 202 2483
0 82
0 9
0 2
1 3150
3 850 4199 5738
0 78
0 57
0 76
0 22
0 66
2 7161 4316
0 41
2 836 3819
2 6284 6214
0 63
2 322 4868
1 9724
0 11
1 8554
4 7057 3410 7457 7007
0 38
0 29
0 1
2 1975 7876
1 7750
5 9407 9684 6439 8141 2173
0 35
0 3
1 8344
4 2127 8448 5255 3252
0 80
0 35
0 16
0 92
0 5
1 2331
1 8806
1 3234
1 9646
0 31
1 5590
1 2475
0 14
1 2163
0 58
0 21
7 309 2971 7397 4781 4683 3275 9224
1 3706
0 7
0 7
2 3748 462
3 811 1326 7366
1 2452
1 8617
0 20
0 82
2 654 5199
1 6504
1 1054
0 97
0 5
0 4
2 336 7123
2 6871 9241
2 481 2228
4 8419 8507 8742 185
1 972
1 6475
1 7705
1 6347
1 894
0 39
1 2904
0 7
3 1633 622 247
1 3155
0 86
0 43
0 47
0 21
4 4054 5527 4096 2974
0 34
1 7946
1 4135
0 44
1 425
0 76
0 31
0 44
1 6720
1 7369
0 37
3 2397 8239 9393
0 38
6 90 3896 4393 8564 5510 6626
0 13
1 3358
0 33
0 13
3 1302 6837 6532
0 34
1 5884
0 10
1 414
0 55
0 83
0 46
0 24
1 7073
0 1
0 51
1 3268
3 5587 6631 3638
0 75
2 5706 444
0 4
0 78
2 1436 7040
1 5501
1 3028
3 8778 9395 6288
1 5352
1 3922
0 24
1 1297
0 39
1 7134
0 96
1 5048
2 5477 4738
0 8
0 50
0 31
0 44
0 55
0 16
2 4937 930
0 1
1 539
0 42
0 99
0 18
8 4494 1513 9349 38 8154 2462 9427 6973
3 7225 5801 7758
0 46
2 6571 2276
0 81
0 55
0 51
0 47
0 46
1 8373
0 66
0 23
1 7532
3 266 5988 1656
3 1353 181 9856
0 57
1 4329
2 6292 1523
0 36
5 5571 3684 5019 9558 1610
0 58
1 915
0 57
0 52
0 7
2 4320 6540
0 11
0 23
0 46
0 45
0 97
0 62
0 23
0 79
1 2356
0 84
0 20
2 9238 2482
0 9
1 342
0 7
1 9865
0 84
2 6817 2436
3 1032 9391 6717
0 40
1 6465
0 62
0 54
0 80
4 3549 9974 6276 556
2 7835 7310
1 1413
0 18
1 4451
0 64
0 80
1 8076
0 62
3 9040 8450 4463
0 82
2 7632 6065
3 6800 6731 6671
1 4100
0 63
3 9383 4843 5795
0 24
2 5707 2289
5 9878 9348 2789 5769 8193
0 94
0 8
2 5823 6845
2 308 577
5 163 1150 4023 7806 8874
1 2902
0 89
2 5134 8101
0 67
0 45
0 6
0 98
0 52
0 60
0 88
0 18
4 8331 6489 9586 4791
0 15
0 19
2 1029 4938
1 4786
4 9205 2346 6278 7693
1 573
0 37
0 27
0 15
1 884
0 99
4 4853 3369 3129 2052
1 1585
0 46
0 99
0 79
0 42
1 2300
3 6441 5403 639
0 100
1 4167
0 75
2 3060 1981
3 8993 5546 4402
1 1
6 4736 2509 566 3812 4137 8040
0 4
3 4793 9071 5442
0 49
0 99
3 7190 8017 2049
2 1699 7585
0 57
2 6670 9589
0 41
0 61
2 1375 3202
1 6853
1 4699
4 1609 6218 6995 6689
2 7671 4960
1 8558
0 13
2 1225 2515
1 808
1 9276
0 61
1 6686
0 48
0 72
1 4959
0 63
0 73
1 6353
0 51
0 22
0 51
0 6
0 38
2 2147 2351
1 8915
2 4645 2084
0 97
3 735 7546 5912
1 6560
1 5843
6 5560 6513 8477 6103 3136 8694
1 4501
1 6954
0 72
0 85
2 3085 4877
2 8820 6403
2 9487 3563
0 27
3 7930 873 9109
0 61
2 7515 4351
0 72
5 6572 7969 4535 9118 9889
2 8844 9315
1 7263
1 8336
4 9085 8655 9697 1732
0 96
0 29
0 67
4 1006 9845 6933 6055
0 4
1 1750
0 13
0 69
0 39
0 62
0 82
0 56
1 739
4 9782 4560 1751 7150
0 83
1 4443
0 75
0 72
3 4460 3125 7092
1 5088
2 369 512
0 27
2 5855 3095
0 58
0 65
0 3
0 76
0 20
0 55
0 15
2 7567 2216
0 34
0 85
0 57
0 17
1 543
1 9240
5 4050 4905 6090 6029 1598
0 64
0 95
1 7313
1 8361
0 61
0 90
4 1011 646 4927 7247
0 33
0 84
1 5731
0 31
0 95
0 65
2 7518 5131
0 75
1 9324
1 2466
1 5540
1 6109
1 3839
0 96
0 70
1 7825
4 9827 6732 6102 257
2 5120 1313
0 53
0 60
2 8602 5589
1 9749
3 6271 9340 332
1 3912
2 4833 6148
0 74
0 79
0 16
0 39
3 9540 1517 6807
3 9045 4427 3849
1 2256
2 263 3047
0 23
0 67
3 9044 5308 886
2 6496 683
2 10000 4886
5 7890 4031 6095 9674 4526
0 29
0 60
2 4987 6208
0 81
0 63
0 89
4 7105 9981 2374 8868
0 51
1 4190
1 1917
1 1950
0 36
0 98
0 47
0 82
3 4974 3115 2371
2 4037 4226
0 40
2 5376 8790
2 8325 7473
0 93
3 3406 1345 6377
0 47
1 6182
2 2140 5928
0 76
5 6963 7831 6273 3469 4103
0 74
0 25
1 8089
0 98
2 8607 7872
1 7967
0 75
0 89
0 5
2 299 4020
1 2255
3 6423 5394 6761
0 17
0 52
1 604
1 4181
0 90
3 5968 5703 445
0 4
3 8628 9261 1620
0 17
0 35
1 2614
0 74
0 12
2 448 6758
1 3625
1 1570
2 959 2240
1 4401
2 983 7709
1 4335
0 76
0 57
0 86
0 41
0 95
0 73
0 77
0 35
0 55
1 6253
0 9
0 57
5 4143 7663 939 895 7447
4 1205 9527 2190 3669
3 9794 3452 5739
0 12
5 5570 3418 9187 3863 9004
0 36
2 8022 7463
1 5413
1 7454
3 1125 3326 3752
1 7153
0 16
2 34 8174
1 2589
0 100
0 100
0 98
2 3507 3342
1 1630
0 60
0 52
0 67
0 37
0 2
6 3237 7843 8350 2505 28 5408
2 4863 2926
1 8407
1 8684
1 1208
0 18
0 67
2 9894 9219
0 29
0 13
0 74
1 7739
0 13
0 22
0 8
0 12
5 9410 9084 2718 804 3925
0 4
3 150 5229 153
0 49
0 90
1 3933
0 54
1 23
0 24
2 8198 9290
0 52
0 57
1 2687
0 11
2 5169 5364
0 19
2 9607 1281
1 8933
0 49
3 5622 8595 4553
0 83
1 9257
0 48
3 4761 2706 4249
0 59
1 9573
1 1731
0 64
0 22
0 100
3 5431 2489 3041
0 24
0 14
0 37
1 3768
0 38
3 8940 2736 9054
2 4487 7045
0 50
0 67
0 36
0 98
0 63
1 6680
0 61
2 7157 2628
0 19
2 4817 5563
0 48
1 7770
4 3091 4824 6192 2960
2 2920 3503
3 9936 5683 2743
0 86
2 7496 8724
0 50
1 8732
0 41
1 8968
0 88
0 29
4 4104 5723 453 6860
0 26
0 91
1 2942
0 22
0 30
1 1070
1 5932
0 55
0 63
4 1161 5844 6535 7162
3 4408 8414 908
2 4450 2821
1 7223
3 3687 8063 2508
0 17
0 35
1 1073
4 8082 3701 742 3490
5 1277 355 7108 2880 8093
0 20
0 26
2 6455 4726
0 57
2 1566 8963
0 68
0 72
1 6512
0 58
0 100
0 81
2 237 5760
0 65
0 41
0 50
6 8862 2893 1113 4559 2581 2460
0 88
1 5525
0 92
0 16
0 6
0 32
0 58
0 16
1 1559
6 7267 966 944 4233 6222 3825
1 1891
2 7399 3098
0 5
0 22
0 9
0 54
1 6151
1 3832
0 61
2 2757 1864
0 38
0 99
3 668 1177 8503
1 7163
0 78
0 8
3 1876 9174 999
0 68
0 18
1 8527
3 104 9522 8711
2 482 3337
1 9698
0 18
1 4042
0 57
0 30
4 5983 2328 5298 1937
3 9416 396 5452
1 333
1 4212
0 50
1 4673
0 22
1 1543
7 8484 8670 8508 2776 6745 6078 6873
0 96
0 90
0 66
0 73
0 36
2 6334 9386
2 3609 1193
0 99
3 1503 5675 9183
0 6
0 56
0 75
1 4819
1 4406
0 15
1 2043
0 21
0 13
2 9706 5130
4 1804 8401 2925 9662
1 7386
0 23
0 90
3 7345 6604 5179
1 8136
2 2047 7789
0 79
1 9719
1 9152
0 30
0 28
0 46
2 4764 3534
3 6882 8479 9976
0 88
0 87
0 23
2 8517 195
0 17
2 2259 6479
5 4595 3163 8030 8362 6747
0 40
0 69
1 6084
2 740 5193
0 35
1 2980
2 3308 9656
0 82
0 25
0 30
2 1778 3827
0 55
0 43
5 3750 943 9585 2410 1286
0 28
0 48
1 9273
0 64
4 4215 3633 9503 449
0 27
2 8429 1831
0 56
0 14
3 3048 6657 6157
3 2650 5503 1892
0 42
3 1481 4435 6282
2 2548 771
1 1789
0 36
1 3212
2 4642 617
1 5396
1 2078
0 21
0 12
0 63
1 8324
1 1916
0 70
0 32
2 4953 1707
5 1569 2415 7581 1794 7112
1 951
1 4610
4 9883 5089 2922 2168
1 6768
0 46
0 69
1 2961
0 90
0 38
0 31
0 89
1 5235
2 2442 7794
0 90
3 2795 595 2134
2 989 3952
0 67
1 5890
1 8566
0 36
1 507
5 1929 4397 136 5324 8254
1 7965
0 40
0 66
6 9329 8664 6451 4567 3151 2742
3 3697 9378 8235
1 1472
0 48
1 1221
0 33
0 54
0 41
0 98
1 5762
0 41
0 53
2 9317 2900
0 55
0 20
0 90
0 45
0 97
1 5077
0 39
3 6735 7072 3815
0 98
0 71
0 35
2 7418 3170
0 77
2 8242 776
0 4
3 5251 1127 7844
0 56
2 2467 1953
3 2496 7752 4223
1 6855
3 3233 8418 6801
0 78
0 55
1 1173
0 71
2 203 3511
1 5883
0 54
0 54
1 8828
2 6941 7957
2 641 8160
2 3106 3502
1 7349
0 98
0 67
0 100
3 6305 5062 2079
4 2528 4829 4909 8501
0 46
1 9330
0 30
8 4318 6379 9557 8808 9627 9154 4202 2428
2 3791 8789
0 21
0 30
0 34
0 18
0 89
0 57
1 8761
3 2278 8265 5353
0 22
1 2955
2 2724 211
0 19
2 8640 5559
2 2395 8783
0 53
0 35
2 7277 7994
0 16
1 861
1 6978
0 87
0 43
3 2405 7935 5719
0 69
0 68
2 3359 7856
8 3840 5869 7269 8625 6766 4159 8226 7363
1 9435
1 1069
0 12
1 9341
0 55
1 9771
2 4906 154
0 43
2 8592 3834
1 1449
0 51
0 78
3 6591 1394 2915
0 26
0 74
2 9934 4897
0 84
2 2264 8921
0 13
0 80
0 7
0 45
0 51
1 2777
0 83
0 55
0 61
0 6
1 5552
1 1131
1 2560
0 56
0 70
0 37
0 77
0 80
1 7495
0 48
1 9979
0 92
0 28
1 996
0 68
0 60
2 3991 8110
1 3248
3 5720 8912 5907
2 4686 4547
0 45
0 34
6 8751 1607 502 4156 5508 6077
3 6374 3462 8904
0 77
0 15
0 85
0 51
1 2179
0 48
2 609 2511
0 99
0 47
2 6945 7261
0 44
0 8
1 6255
0 77
1 4990
0 84
0 77
0 88
0 46
2 1091 4542
0 31
1 3966
0 13
0 20
1 6405
0 79
1 8423
2 5774 5074
4 8442 8700 7976 1241
0 38
0 83
0 13
2 3366 6549
0 95
1 8668
0 60
0 29
0 52
0 98
6 7612 9508 7348 2106 6129 4364
1 3140
2 2928 5254
0 70
1 9271
1 1233
1 7228
2 9312 5950
0 93
0 25
0 33
0 41
3 8740 9236 1818
3 93 9548 4381
0 97
0 34
0 50
0 99
0 69
4 8028 4252 7221 9562
2 4165 7274
1 8708
1 6486
2 7291 9664
0 52
0 36
2 9430 6033
0 4
3 644 1712 4590
0 3
1 18
1 1837
2 7023 73
0 92
4 4306 5826 1357 343
3 3688 7271 3964
1 4090
0 16
0 6
1 2497
6 3584 880 8204 680 3445 8945
1 9231
0 42
0 95
2 8424 3132
5 5840 2907 5697 5925 9723
5 4605 7728 6609 9519 1614
2 8552 1105
1 7638
0 8
0 58
3 1823 9897 1625
0 41
3 9776 4865 5435
2 20 7662
2 6499 6190
0 16
0 35
0 26
1 3627
0 41
0 43
0 74
3 5818 6341 5133
0 99
2 8706 9575
0 30
1 2
0 15
0 4
2 9554 465
0 47
1 8144
0 87
0 22
1 8016
0 73
0 68
0 6
0 91
3 9598 7210 9505
1 7174
0 27
0 79
0 78
0 50
0 46
0 10
8 6414 4631 3214 5737 1632 7875 7786 9472
3 6824 3540 403
0 76
0 90
0 55
1 3796
0 61
0 49
3 3668 5773 9653
0 38
0 23
4 7724 8894 5067 2603
1 7312
0 94
1 2857
2 976 6138
3 2480 2620 6850
1 4481
1 1535
0 62
0 30
0 67
0 70
0 44
0 10
0 90
2 9918 8301
1 6664
0 90
2 925 24
0 74
0 69
0 19
0 17
1 5533
0 86
0 60
0 25
0 77
1 770
2 3371 2696
1 1594
3 6373 4703 1779
2 5621 6380
1 5395
0 55
1 378
0 73
1 7553
0 14
1 8462
0 46
0 47
0 54
0 78
1 6050
1 6862
0 21
1 640
0 67
2 8988 5856
1 112
0 7
1 9449
8 920 6384 607 2382 2115 8281 9442 6914
0 49
0 83
1 8737
4 6119 1086 2446 7563
0 7
0 98
1 5518
2 2406 8236
3 3273 3392 592
1 7572
3 1716 709 6320
2 6444 8371
0 42
0 7
0 13
0 49
1 5708
0 42
0 75
0 36
4 392 5083 5594 6187
2 5070 3110
0 25
2 6254 3543
0 1
1 3052
2 394 2637
3 2260 2862 6217
2 3432 6159
0 90
0 61
5 6034 7888 8917 4982 5634
0 10
3 4578 841 9635
0 78
0 26
0 72
4 2194 2003 9075 3652
1 9428
1 6030
0 86
0 37
2 3180 9270
0 36
0 98
1 359
0 42
0 61
0 57
1 3138
1 9142
0 6
0 14
0 70
0 33
0 11
0 35
0 36
5 2556 1176 9594 9746 147
2 1580 3467
0 82
1 1747
0 79
2 8342 8760
0 47
1 5923
0 89
1 6537
0 86
1 7776
0 11
0 84
1 9537
0 6
0 4
0 62
4 2357 7884 1399 5852
1 1869
1 2266
0 47
0 55
0 12
0 29
0 90
1 6576
0 81
2 4250 6143
0 25
1 783
1 928
1 5047
1 1924
0 66
3 8210 8139 2221
0 72
1 4737
1 3501
0 84
0 73
0 27
3 3938 8498 1955
0 1
0 75
6 8496 5952 9206 4439 8200 1488
1 741
1 2400
0 88
2 7917 5854
0 30
1 8539
2 8542 347
0 35
1 3208
1 3053
0 65
1 6950
1 1298
1 2369
0 7
3 1708 5581 529
3 2120 9610 5355
0 65
1 3708
0 90
0 36
2 4043 2884
2 418 2435
1 1192
1 8548
1 5399
1 855
2 9493 9555
0 81
0 59
0 96
0 41
1 4300
4 7173 6566 2034 2023
2 8504 1957
2 7629 7154
1 4007
0 23
1 1928
0 46
3 2931 2001 1897
0 55
3 1939 7757 5951
2 7771 2124
0 68
2 637 6017
0 46
0 85
0 94
1 2430
4 6168 6613 6903 5661
1 7790
4 5325 4095 7169 4222
1 468
0 30
5 5086 4772 8303 2237 9625
2 6514 5922
0 85
4 7061 1525 149 6066
0 17
0 33
0 27
3 3984 6285 3951
2 2450 177
1 7443
0 17
0 100
1 2027
3 3857 1386 4696
4 2858 6348 3788 8787
0 90
7 1824 5851 6170 9143 8476 1276 638
0 23
1 3931
2 805 4688
0 34
0 77
0 55
0 56
1 5545
1 4652
0 46
0 2
0 8
1 5146
5 6092 569 3656 8284 9513
2 245 450
4 5663 6146 6509 9478
1 6753
5 2065 3850 4471 6711 3558
2 7135 3413
0 52
0 63
2 8267 121
0 12
3 6426 5359 7136
0 50
2 2207 4551
0 52
2 801 4581
1 6821
3 3126 5176 1020
2 7373 8138
4 831 3175 1572 7579
0 26
0 24
0 96
2 7817 3740
0 26
1 2759
0 34
0 74
0 26
0 11
1 4519
0 75
0 93
4 526 8744 4116 9373
0 8
2 4413 6231
1 620
0 6
3 8166 5666 3749
0 18
0 89
8 1682 9670 3934 9717 3978 4267 7251 3255
1 4334
0 3
0 42
0 21
0 89
2 2749 7606
0 53
2 3475 5389
3 9490 7608 3611
3 5221 4511 5747
2 7377 64
0 60
0 56
0 55
0 90
0 9
0 9
0 73
0 59
2 6790 2558
0 3
0 29
1 3235
0 77
3 8427 1410 6410
0 53
0 55
0 68
0 92
1 4437
0 12
1 4952
4 784 7791 7270 3145
1 7437
0 48
0 71
1 1604
0 72
0 48
0 40
2 7910 7748
0 35
1 1120
0 2
0 48
1 9422
4 7139 5231 2610 1103
0 45
0 23
2 1628 8910
1 9194
4 182 3266 1074 7401
6 2946 626 2162 8925 952 5729
0 10
2 6802 5499
2 1942 6247
0 96
3 5780 8955 2014
1 2098
0 15
0 5
0 62
1 3965
1 9709
0 54
0 21
2 219 8460
2 261 7429
0 81
0 72
1 1159
5 5606 6505 4308 8145 7673
3 7104 3011 4837
2 2869 1015
2 4063 7343
1 5649
2 3634 9954
2 3628 9095
0 91
0 78
3 9052 4527 6913
0 83
0 16
0 51
1 826
0 8
2 4806 4657
1 3471
2 2710 2958
4 2621 1191 4875 3924
0 13
1 9905
0 68
0 1
2 2654 435
0 77
0 72
0 68
0 73
0 38
4 8247 2714 9265 2994
0 45
1 8550
1 6220
0 78
8 71 3560 1390 8038 7652 2859 2666 6395
1 3757
2 3527 1588
2 1459 5554
2 5978 2695
1 4173
2 7303 1119
1 4967
0 81
0 65
1 571
0 16
3 170 6240 5144
1 2138
0 85
0 23
6 1138 7788 7051 2752 1352 9702
0 98
1 4536
0 5
2 3528 4712
0 53
2 2320 8027
1 656
1 8085
0 68
1 8902
0 45
0 91
1 1940
1 3228
0 75
5 5842 8221 9473 5007 9545
1 2758
0 2
1 1101
1 314
0 22
1 4552
0 28
1 4570
1 8722
2 8983 7901
0 14
1 9899
6 3321 8131 5202 4883 2993 2433
0 84
0 12
0 34
0 21
0 67
0 12
0 77
0 48
0 94
0 1
0 14
0 22
1 11
0 52
0 14
1 8927
2 4910 1965
0 30
0 59
0 74
5 4400 3058 8087 6106 7824
0 25
0 92
0 62
1 259
1 6483
1 2248
0 9
1 7610
0 15
0 94
0 64
3 7367 6564 3547
0 91
2 7260 429
0 49
1 7505
0 98
1 3617
1 5607
2 60 410
0 14
2 9544 1299
1 1734
0 78
0 63
1 424
2 2434 1461
0 34
0 81
1 4769
0 58
1 2599
2 2172 2546
0 88
1 1685
0 62
4 4169 3250 7530 2439
0 74
0 90
1 1237
1 6145
0 44
0 60
1 7745
4 6368 3891 3334 6021
0 54
0 74
0 74
1 1541
0 82
1 8667
0 40
1 7049
0 61
0 46
3 7810 4301 9850
3 2282 4711 4944
5 7961 1780 319 6299 9121
2 4433 3164
2 8630 1001
1 432
0 41
0 32
1 3981
0 13
0 36
3 8598 7571 3914
1 1045
11 5894 5393 8176 3080 8568 3500 1210 9396 6736 628 6830
0 32
0 11
0 14
2 3007 117
0 85
0 94
0 26
0 90
0 21
1 7558
3 7644 6971 5495
2 5500 2370
0 88
0 45
0 47
0 63
0 91
0 42
3 8234 4728 196
4 4404 1792 6349 4440
0 49
2 9565 3169
0 52
0 58
0 74
0 40
0 83
2 7091 2799
0 74
0 48
0 60
0 27
0 65
1 942
0 65
0 54
0 8
0 34
2 3955 6147
0 54
0 95
0 69
1 6927
2 508 3657
0 6
0 65
0 6
0 34
0 55
0 75
0 27
0 23
0 17
2 8213 950
0 11
2 1504 7258
0 24
0 16
2 1329 2754
0 96
3 9196 6181 9145
1 4804
0 97
0 99
5 7292 3921 7494 3674 469
0 45
2 1098 2004
2 2214 4061
0 47
0 89
0 20
1 8675
0 68
0 85
3 3742 3414 4958
0 28
2 3940 4195
0 57
0 86
0 77
0 18
1 4523
2 7268 509
0 11
0 48
4 2616 6438 8387 7168
1 5492
0 5
1 2197
0 57
0 55
0 9
0 60
2 2291 8187
0 17
1 7941
0 17
0 50
0 7
3 3603 8551 8909
0 43
0 21
1 5054
0 50
0 43
3 7078 1034 320
0 82
0 37
1 6134
1 84
2 4284 6209
0 11
1 5530
0 79
9 4378 4376 1639 1706 540 6408 8283 6555 1678
5 7328 6621 9229 2623 3374
0 6
0 32
0 90
2 5941 1258
0 87
0 6
1 765
1 8690
0 8
3 1548 6474 5812
0 40
2 5734 3487
4 9470 1650 7047 3957
0 31
0 67
3 6154 4949 2409
0 50
1 3438
0 15
2 9274 6678
2 7616 8308
4 1530 6953 7535 2353
0 11
0 42
0 94
3 6784 5213 897
0 53
0 18
3 133 8553 835
1 1332
0 9
2 4016 4823
1 2988
1 3454
1 5490
0 59
0 15
0 59
1 1149
2 4161 2822
0 34
3 9830 9122 6952
1 3304
0 88
0 58
5 8914 3917 6982 1600 9243
0 29
1 6472
1 9784
0 26
0 64
1 3280
1 9264
0 70
2 1578 8959
3 2740 692 583
1 2986
0 23
0 55
0 35
1 4923
1 8797
0 45
0 80
2 5657 8006
0 6
1 9701
4 1527 3389 9938 7668
0 13
0 77
1 4178
3 8177 7861 1218
0 36
0 10
4 7730 5170 703 2484
0 78
2 8681 3336
0 38
2 909 6959
2 885 8408
0 42
2 7561 386
1 7195
1 7114
0 42
2 8363 2828
2 6637 2849
2 1969 3044
0 2
0 80
0 52
2 6216 294
0 5
1 3409
2 9082 4206
4 8772 2316 9286 3000
0 24
1 8837
1 3895
0 78
0 4
2 9582 2063
1 451
0 72
0 100
1 8998
5 6297 9285 9623 1715 3512
0 57
4 2451 7375 8334 1240
1 769
0 93
1 8979
0 44
0 67
2 3868 3574
0 89
2 2984 9968
2 5430 3817
3 4573 3254 7959
0 60
1 9176
0 85
0 91
2 47 3176
2 5307 2543
0 54
5 2481 5436 2817 949 7765
0 28
0 69
2 1401 2149
2 2766 9272
0 25
2 6328 7865
0 41
1 6708
0 71
1 1659
0 3
1 567
1 4001
0 3
0 90
0 17
0 98
1 2402
0 77
0 79
4 1242 2391 4797 474
0 7
0 60
0 100
0 87
1 3535
3 5059 5342 6844
0 34
2 8976 6798
0 7
0 72
0 53
1 7445
0 20
1 9343
4 3691 313 10 3561
0 84
0 70
0 59
0 51
1 8588
0 34
0 2
3 6567 7171 4114
0 59
0 22
2 1090 8683
0 33
0 50
1 288
0 25
2 9668 5631
0 85
2 4558 2675
0 31
2 9615 8206
1 1068
1 5367
0 63
2 6075 2737
0 76
0 2
0 91
0 60
0 21
0 39
0 56
0 73
0 100
0 5
3 4896 1647 7451
0 26
0 77
0 100
0 60
0 1
0 43
0 34
0 27
0 45
0 43
0 59
2 5613 9112
0 51
0 51
5 1996 1948 5633 2906 2151
0 22
3 5972 8899 1795
0 97
0 35
1 2166
0 23
0 31
1 5404
1 9673
0 97
2 8534 4241
0 52
0 55
2 7840 6104
0 2
0 81
3 4029 4630 8618
1 9443
1 2683
1 7785
0 68
3 4720 7539 1151
1 6782
2 1753 4346
3 3135 354 4021
0 99
0 2
0 92
0 58
2 3240 2565
2 8169 9890
0 56
0 45
0 48
0 23
0 37
0 3
1 9035
2 9419 546
0 25
0 15
0 35
1 3305
1 4634
0 51
0 59
0 96
4 5210 7763 1978 6178
0 6
0 40
1 256
2 4485 8653
0 84
0 64
0 11
5 7283 2997 849 3702 4484
0 32
0 17
0 43
1 4639
1 2160
3 9835 413 903
4 5439 3253 2854 1681
0 28
0 23
2 1838 7068
6 632 5676 8278 5643 547 4319
2 2791 6647
1 5241
2 479 3767
0 26
0 43
5 877 2979 6326 5944 2111
1 6404
1 6053
0 90
0 25
1 6640
0 82
1 7230
7 1383 9382 1522 289 8197 5836 9497
0 70
1 4056
7 7448 8827 9866 9679 4073 9488 7125
0 28
0 19
1 1830
3 6488 1263 5172
0 97
0 8
4 3107 3732 6266 8948
1 6035
0 47
1 878
4 8687 4746 4164 9580
2 1243 7079
0 82
2 6197 5628
2 3645 792
0 15
0 2
1 2326
3 8146 1042 1381
0 37
5 4276 3663 9067 1526 3734
0 29
0 59
2 7874 6524
0 35
2 2717 3878
1 7011
2 4812 6511
2 7029 7179
3 3274 1431 3590
0 65
1 1455
0 82
2 3021 6869
2 8511 1741
0 59
2 8929 1673
1 522
1 1967
1 5680
1 7544
1 5813
3 5627 3401 1288
3 1602 2148 9247
0 71
2 2672 5030
1 6237
0 84
0 33
0 66
1 3299
0 89
3 5122 3120 1605
0 16
0 34
2 7702 2191
0 14
2 4398 291
1 3123
1 975
0 28
2 3258 8436
0 36
0 27
3 7923 7297 9608
0 48
2 3460 8512
1 6459
0 21
0 59
2 871 7438
1 2530
0 36
2 779 9551
2 6889 7773
1 3425
0 62
2 6257 2185
7 7361 898 8897 6826 8884 2398 8492
0 28
0 6
0 45
1 1796
2 2507 3022
4 8556 8491 8755 1941
3 6126 5992 1256
0 77
0 69
0 93
1 2332
3 2890 9682 4531
0 64
0 46
2 3635 568
0 20
0 19
0 64
0 60
1 1971
2 3673 1615
1 2503
0 65
1 7290
1 8601
2 1850 210
3 3772 1938 1435
1 3322
0 72
1 409
0 83
0 42
0 62
0 11
0 5
1 6431
2 6999 6485
0 2
1 9385
4 881 3340 5361 8113
0 2
0 61
1 4066
7 9693 9891 3443 7481 8276 817 6296
2 7723 7566
0 65
1 5447
1 6750
0 51
0 100
0 97
1 1347
2 7372 4582
3 4729 7020 9431
1 4097
1 6896
1 4697
0 44
0 58
0 51
0 41
0 87
1 4876
0 38
0 37
0 26
0 86
3 4879 9868 1244
1 8780
0 3
0 76
0 42
5 7124 7034 6141 2458 1738
0 85
0 61
0 90
0 86
0 96
0 27
1 5424
0 45
5 9740 5926 7645 8516 4678
1 423
0 75
0 45
3 4303 7137 7674
0 23
0 68
0 20
0 97
0 86
0 72
3 3616 1499 4486
2 3676 7754
0 80
0 85
0 38
1 5473
0 55
0 5
1 4374
2 3789 5669
0 27
3 4676 1982 1974
0 49
0 73
1 9279
3 4554 5732 5825
0 50
4 3658 6579 9295 3477
0 40
0 64
0 51
2 2215 7239
1 2836
0 78
2 1227 9939
0 61
1 6669
2 3932 246
3 7834 8736 2170
0 52
0 50
1 8741
0 52
2 9218 3733
2 6699 5722
1 5204
1 4436
2 935 8353
2 7031 3522
1 8011
0 59
2 5642 8753
0 33
0 94
1 3994
0 76
0 72
1 4716
0 83
1 3182
1 421
3 3716 1886 3396
0 81
0 76
0 31
3 1425 1486 1980
1 5558
0 70
0 36
0 35
1 9480
5 550 8826 9645 7207 4556
0 79
2 5160 3852
0 47
0 73
0 20
2 7486 4911
0 74
2 8399 6130
1 645
3 255 7256 9003
1 8012
1 9948
1 6312
0 42
0 43
1 1857
1 6422
0 94
0 65
0 79
2 9745 2021
0 84
0 100
1 8860
2 6985 867
1 1060
3 3189 8886 2028
0 96
0 59
2 3381 5293
1 6480
0 69
3 9777 1754 2966
2 6007 4747
0 85
2 8620 8873
0 79
0 59
0 80
2 6371 6014
1 3958
1 9125
2 3045 1158
1 5672
1 5216
0 100
0 93
0 45
2 3346 8876
0 88
0 7
0 29
1 3187
4 3329 6583 1555 4053
0 48
0 70
0 29
2 9394 979
1 7479
0 57
0 77
2 8275 5575
2 7371 5900
0 89
0 63
4 971 9321 9323 1657
1 2719
5 9291 4368 6493 4286 433
1 4644
2 2070 5198
0 49
3 7172 7149 3813
0 47
0 20
0 79
1 2531
1 7682
2 1845 5271
0 96
0 77
0 36
0 43
0 37
0 5
1 7627
0 55
0 3
1 2895
4 9401 8965 3829 2792
0 7
11 3360 917 1756 7058 9502 7781 9186 4662 816 5524 3373
0 20
2 6964 3818
2 8377 9999
3 5786 4098 1546
2 6515 7764
1 3311
0 80
2 5405 7719
0 68
3 260 6329 3908
1 5757
2 6695 4758
0 22
1 5746
1 9642
0 72
0 60
0 90
0 44
2 5038 1018
0 48
3 6998 5264 1714
0 59
4 8066 6059 8404 8305
4 7816 2416 9065 1516
1 8321
3 5290 8057 2057
0 7
1 6615
0 8
0 50
0 21
3 4825 1214 6359
3 1102 9308 6293
1 4417
0 52
2 6554 5246
0 80
0 99
0 30
0 92
0 30
2 7385 7214
3 3118 7964 4407
3 2334 1162 5756
0 79
0 87
0 4
1 9466
0 54
3 2713 9048 2321
2 3393 3612
0 28
0 70
2 9225 2372
2 1898 8822
2 2298 7597
0 95
1 8202
1 9089
0 90
0 84
0 29
2 5349 8883
0 33
1 3319
1 1023
2 8280 1126
1 6610
3 3003 3630 1912
2 6849 3173
1 713
1 1512
1 513
0 22
1 9756
7 4871 5305 8304 4851 2699 7286 113
0 60
0 40
1 3012
0 36
0 25
0 47
3 95 4655 5209
1 1155
0 35
1 2641
0 72
2 6956 9955
1 9992
0 85
0 34
2 2174 4339
1 6632
1 4079
1 4041
1 2095
4 5366 7960 2921 565
0 84
0 64
2 5690 6340
0 43
0 54
0 80
7 907 3989 8851 4981 7508 6663 2527
1 2517
0 90
1 2525
0 67
0 75
1 6062
5 1828 2542 5789 6819 1406
3 6838 6267 5124
0 7
1 2778
2 9672 3183
2 8428 3595
1 4989
5 3480 2575 2204 6813 8449
3 5318 328 3822
0 90
1 4841
0 66
0 69
0 59
0 23
3 8696 8041 3246
6 1456 8416 1026 5321 2845 4220
0 33
0 21
0 41
0 27
4 1581 3239 1035 4317
1 8464
0 67
3 3517 2349 1871
3 446 5205 3903
0 72
0 64
4 7642 5158 9160 8065
2 9690 2953
0 28
0 32
0 16
3 1245 9681 1817
0 7
2 4142 4922
0 64
0 94
1 2220
0 47
0 13
0 7
1 1773
1 6867
0 85
0 73
1 9870
7 6099 9837 659 9775 217 21 6557
0 2
0 28
0 38
0 79
0 89
0 49
8 1166 4869 4997 2218 1307 6568 2982 922
1 5148
4 9689 5682 8205 7944
1 3993
0 34
0 76
0 13
1 3730
1 2770
1 9552
0 19
2 6183 7413
1 7774
0 31
1 6338
1 4808
0 34
2 5933 7043
1 357
0 90
2 7596 3217
0 18
0 88
1 9043
0 21
2 4205 6467
2 8485 6142
2 5597 2269
0 84
1 8893
0 5
0 52
0 22
1 218
2 6087 4072
0 50
2 3949 7550
2 3564 3419
1 4975
0 7
3 1626 8246 9595
2 5166 7800
5 2347 7004 2498 8721 6211
0 39
2 3458 1269
0 53
3 4579 2283 271
1 8791
0 48
1 8816
1 1121
0 72
1 8228
0 80
5 9993 5141 9342 3631 3711
4 9658 6019 1634 7931
0 59
3 7212 4091 5758
1 9747
3 2690 2651 8161
0 45
1 7402
0 91
0 47
0 78
0 27
2 851 9138
0 72
3 2375 4149 8591
0 65
2 4753 1033
0 60
1 6378
2 114 2680
1 8692
0 65
2 2830 4632
13 3567 285 2066 4432 1591 5000 9638 205 6639 3168 8035 7637 584
0 78
1 9855
0 4
1 475
2 7658 2304
1 7085
7 5685 4592 4936 843 1420 9675 7037
0 68
3 7008 8814 2885
0 71
1 6716
1 188
0 98
0 9
2 514 5258
0 95
1 87
0 86
1 7799
1 6799
1 3465
1 2541
0 34
0 13
1 8582
3 3901 467 981
1 2814
0 22
0 73
0 17
0 52
1 8817
2 3078 505
2 9163 5509
0 57
1 8999
2 8433 2912
3 9549 8493 8714
0 38
0 38
0 66
2 1833 7778
1 5333
0 26
2 3427 1046
0 31
1 7424
0 15
1 9703
1 72
3 2553 7128 2203
1 3008
0 58
0 35
1 9024
1 799
0 12
1 2670
0 5
0 28
1 3836
0 48
1 5084
1 5427
0 74
1 8803
1 4344
0 66
0 65
0 48
0 96
2 1315 4385
0 71
1 5189
2 4151 5286
1 7419
0 29
1 3594
0 53
0 41
0 10
0 74
0 96
0 30
2 4457 5537
2 3029 7735
0 34
0 76
0 36
0 2
1 798
0 99
1 3727
2 6012 5897
0 49
0 49
1 9303
0 21
0 80
0 75
5 4236 4622 3225 1318 2301
2 7696 6365
5 8524 5288 1680 3709 2701
1 204
2 9144 2469
0 89
1 9911
0 39
1 4894
0 25
0 66
0 83
2 2114 3352
1 4389
1 4340
0 47
0 55
0 85
3 7549 4620 6251
2 1687 5306
0 29
1 7491
0 67
0 5
2 9375 7002
2 8852 1557
0 13
0 42
0 54
1 6667
2 2449 9659
1 2659
1 7379
3 2640 4232 2133
1 5417
2 5959 6203
0 71
1 6940
0 68
0 16
2 4274 1465
1 8109
4 6911 4858 6887 4465
1 301
0 30
1 5615
1 2831
2 1466 4945
2 5871 7469
0 84
1 4588
2 2267 4741
1 2533
6 3944 8024 6778 6771 7490 7670
0 76
0 3
0 99
0 67
1 7919
0 65
2 2473 2580
0 12
2 8240 9919
1 5206
0 49
0 29
2 8459 4327
0 27
1 9787
0 12
1 3341
0 71
0 31
0 23
2 3355 1683
0 97
0 29
0 59
0 89
0 41
6 1365 4977 9363 253 4180 4898
2 6158 821
5 265 3506 7592 9362 9327
0 18
2 9853 8150
0 8
0 90
1 3074
0 32
1 9079
1 2365
1 3776
0 100
0 8
1 5109
2 1676 869
0 30
1 1057
0 65
5 3179 9002 7 1537 8330
0 67
0 82
3 4237 4961 4629
0 63
0 53
0 3
2 7229 5374
0 27
0 30
1 4210
0 50
0 7
0 8
0 66
0 46
0 90
0 67
0 43
0 77
0 88
0 4
1 7432
0 30
0 67
0 36
0 2
0 6
0 57
1 7839
0 86
2 6495 6335
0 56
0 91
2 9556 8237
3 8272 1805 9213
0 97
0 83
0 31
3 8036 905 3400
1 2842
6 1010 9605 2268 5772 6399 5371
1 7501
0 25
0 18
1 9222
0 84
7 788 8435 9090 9384 1608 4245 9788
0 83
0 20
0 70
1 762
2 8922 1954
0 23
0 87
4 2832 6386 4365 1800
0 85
1 754
2 8931 6020
0 34
0 73
0 70
3 572 1480 4447
5 3370 541 7449 4668 8958
1 5275
2 9667 6463
0 54
1 9644
1 1820
0 81
2 714 4574
1 8366
3 6462 2245 1292
0 85
0 9
1 5091
0 69
0 20
2 3024 665
0 61
0 23
0 21
0 32
0 39
2 1342 174
7 4464 2883 3200 2594 8518 8715 5868
0 7
3 1021 9848 2834
0 89
0 41
0 1
1 9483
2 4715 1334
2 7017 7398
0 5
0 6
0 56
0 75
0 91
0 85
3 8707 1293 6120
2 5867 9982
0 20
1 602
0 45
2 3421 519
0 20
0 89
0 39
0 56
0 100
0 6
0 76
0 17
3 3220 8147 888
1 7170
1 1071
1 686
5 3963 8629 7859 4174 186
4 2722 5651 2085 5904
0 18
0 69
0 42
2 387 37
4 1669 5135 9808 8515
1 7339
2 4409 3288
0 49
0 52
3 1268 8533 6094
3 2041 4357 4665
1 551
1 510
1 2056
0 74
0 53
0 97
1 2601
0 49
2 859 2808
0 65
3 4379 4386 8605
0 60
3 6605 7480 6909
1 8918
0 80
0 48
0 57
0 62
4 3349 6123 3244 461
0 19
0 55
0 49
2 5328 3092
0 54
0 8
0 83
1 7812
0 91
4 8522 7996 729 4367
3 9733 6031 9404
2 3670 5005
0 54
0 12
1 8463
2 1169 2457
0 13
1 4980
0 27
0 89
0 32
0 42
0 28
0 77
2 5244 7012
3 8445 8374 8354
2 138 3721
0 57
1 1366
0 19
0 98
1 982
4 9434 3324 3191 2252
0 19
1 5474
2 1065 5397
0 7
0 86
0 23
2 9235 2963
0 73
0 21
5 4882 9037 8562 6391 3807
1 9860
0 29
1 2224
1 9922
0 44
1 2284
5 9800 3473 5989 9405 1443
2 5015 5465
0 3
0 67
0 2
0 56
2 2096 5416
0 91
1 4349
0 39
1 5914
0 11
2 6294 5496
3 7743 7165 8713
0 45
2 1278 1133
0 88
0 64
0 41
0 71
7 5608 8143 7054 8454 8633 5461 3279
0 59
2 5724 1099
1 2376
0 99
0 57
2 393 6502
1 1251
0 97
2 2293 9452
0 58
4 773 198 6655 8651
0 42
0 16
0 86
1 1348
3 9464 2104 2954
0 40
0 75
0 62
1 5610
1 5640
1 8241
0 91
1 6779
0 51
0 48
4 1774 4069 1821 8322
2 3714 2596
4 4971 1565 152 1788
0 5
3 3722 5242 7554
1 9275
0 97
5 8774 2948 5051 4518 8421
3 7871 9234 2156
0 98
0 33
1 1211
1 5174
0 43
0 47
0 21
0 88
0 71
0 46
2 5071 3710
0 88
0 21
2 9739 6006
0 50
0 29
0 11
1 5097
2 4101 1050
0 84
1 3648
1 4162
0 11
0 91
3 7478 6878 3555
1 1993
0 94
3 1306 2464 2977
3 5866 2437 3295
0 59
0 51
2 4549 3307
0 99
0 93
0 54
1 3147
1 3548
2 4541 5805
0 93
0 39
0 92
1 454
1 4651
1 6650
0 40
0 89
0 61
0 54
0 48
0 78
0 71
0 88
1 7143
0 72
3 661 7140 719
0 19
0 11
0 49
1 9831
0 9
0 49
3 5296 9034 4058
1 9718
0 43
1 4615
6 1856 9989 8977 3385 4779 364
2 5935 7370
2 4612 2022
1 6225
0 30
2 953 4008
2 5827 4845
3 4561 775 8258
2 1964 7330
0 26
0 76
1 8039
0 22
5 3763 7280 2901 2401 3873
5 7392 9643 6803 8836 1836
0 7
0 43
0 75
0 53
0 93
0 54
3 4782 2075 426
1 3773
0 91
0 35
0 12
0 5
1 5507
1 1104
0 4
0 58
0 98
1 58
0 99
0 28
0 59
1 9414
0 16
0 28
3 8869 1008 5966
0 60
1 2772
1 746
3 8049 2139 323
1 8390
0 90
1 9727
0 98
0 10
1 2089
0 93
2 5881 5977
0 41
0 84
0 50
1 5107
0 39
1 9190
0 38
1 2418
0 80
1 9507
0 85
0 57
1 5147
1 2394
0 99
4 184 8288 9170 5203
0 37
2 5090 3962
5 9593 2825 6058 2036 9858
2 2080 5157
0 32
0 49
3 5684 1599 8938
7 8105 9381 8514 8926 5667 5173 2425
0 96
0 4
0 3
0 96
1 9761
2 2629 1095
2 7152 7720
0 36
3 3272 921 6979
0 35
3 2002 3875 3897
1 9188
0 84
1 2863
0 54
1 7775
0 65
0 6
1 1719
2 9621 4002
0 38
0 93
0 84
0 57
0 39
1 745
0 63
2 6367 7206
0 80
1 5026
4 4231 6156 2819 2222
0 95
0 92
0 69
2 8003 6070
0 79
0 12
1 2644
0 19
1 7926
0 82
3 6452 2025 642
2 9116 545
0 86
1 3831
2 7378 3219
1 4596
2 2983 6093
0 48
0 50
6 282 2176 2355 3623 3855 1612
0 25
0 59
4 2570 9178 3762 5513
0 37
0 32
2 8565 9961
1 6184
1 1115
0 30
0 16
1 2788
0 89
5 8453 2297 846 4702 8728
1 6722
1 603
1 2774
0 17
0 89
0 84
2 1314 4312
0 57
1 8086
2 7232 8939
0 75
0 60
4 7805 2333 3614 690
3 7595 7010 9367
2 8312 8002
0 3
0 32
0 60
4 9179 1114 7099 1320
0 96
8 3019 5824 9351 8637 3016 6248 4901 6658
0 97
0 30
0 98
0 18
1 2771
0 43
0 14
1 2263
2 2697 8249
4 8417 3166 9347 4854
0 49
0 86
1 9255
0 61
0 64
1 8615
0 29
3 5506 1776 675
3 2598 3259 8444
0 80
4 4884 1902 1487 7317
3 431 7284 5822
1 5468
1 5644
1 6325
2 3696 1592
0 27
0 58
0 47
0 13
0 27
0 60
2 9269 3082
0 100
4 4818 7145 8033 6638
3 3604 67 3804
0 85
0 70
0 81
1 2908
2 9132 9759
1 3844
1 6754
0 96
0 49
1 1664
0 85
0 77
0 39
2 9454 516
0 37
3 3330 2015 8100
1 4647
2 9326 9568
4 1354 1918 9971 2058
0 31
1 2076
0 42
3 4310 5514 6133
0 33
0 74
0 23
0 34
1 1451
0 85
0 44
0 45
0 78
6 1369 559 8099 3785 2144 2779
0 16
1 227
3 5998 9356 828
2 6072 5599
6 7102 2566 6938 415 7389 8238
2 8403 8502
4 3723 6262 4187 8845
5 1019 710 5993 1261 3416
3 5181 1646 9258
0 66
0 66
1 7110
2 5488 4068
1 6527
2 8439 8468
0 45
3 5455 3662 358
2 5182 9754
0 34
0 33
3 1223 3031 8251
3 1207 3130 3856
1 6804
0 82
5 4932 7155 3794 8686 4262
0 65
3 8072 9726 1385
1 7977
2 9716 8834
0 78
0 85
0 72
0 57
1 8400
1 7069
1 3156
1 7902
1 7583
2 2723 1066
0 24
0 90
0 9
0 14
1 1249
0 36
2 1344 9005
0 93
0 46
0 94
0 33
0 77
0 38
1 3215
1 501
1 310
2 7434 647
0 23
0 71
0 74
0 91
1 5282
0 59
1 1056
1 8008
0 95
1 8165
0 19
0 58
0 77
1 5787
0 99
3 4694 9195 4992
0 95
0 24
4 2205 2362 6723 1984
1 3100
2 1651 6906
1 8571
1 5718
0 76
3 5735 8995 3186
3 3081 9316 6594
1 8604
0 72
0 60
1 8662
1 4832
0 63
0 18
0 5
0 12
0 65
0 68
0 80
5 9596 7939 7203 4548 8580
4 6625 793 7464 9626
0 80
0 59
3 2456 7989 4005
1 4410
0 59
0 84
0 17
2 7052 4273
0 78
1 4086
0 49
0 77
7 3146 1846 9578 6323 524 2643 69
0 83
0 7
0 72
1 5647
1 6674
2 5650 5272
1 7204
0 92
0 65
1 6831
0 73
1 4239
1 2930
2 4684 6822
0 41
0 21
0 14
2 6533 5201
1 9360
0 21
0 16
2 375 9763
2 168 4070
0 25
0 62
2 2081 4591
1 672
2 1556 4861
5 2996 6446 4140 6389 1236
2 564 4890
5 3282 1538 3544 1501 9964
0 77
0 83
4 8046 6009 9752 3247
1 3306
1 9941
0 58
0 75
0 24
0 20
0 25
0 54
1 3325
3 7971 9137 8189
0 73
0 52
0 79
0 28
0 84
1 6776
3 2011 1770 676
0 17
0 65
0 15
4 52 2157 5927 3077
1 5434
3 777 5702 8614
0 40
0 40
0 53
0 56
2 2711 304
0 60
1 6097
0 11
1 1116
0 3
0 6
1 2944
3 6286 7499 1531
2 8858 1359
0 69
1 3724
1 6060
0 63
0 99
1 1450
3 2061 9663 6929
0 47
0 30
0 94
1 8314
1 612
0 9
0 19
0 50
2 7391 6641
0 48
0 58
1 8543
4 4118 1082 1016 1761
0 15
4 5164 9833 8575 8866
0 4
0 85
1 7689
0 14
1 4230
2 3936 5603
0 40
0 80
3 5831 7885 3738
0 60
2 3144 8415
0 89
0 41
1 5895
1 9387
1 2441
0 31
0 100
1 899
1 725
0 85
4 7766 6746 8259 9117
1 9538
2 5444 131
0 17
2 3680 7665
0 85
0 35
1 1398
0 77
1 7587
0 5
1 9119
0 33
0 58
1 1686
2 6364 9093
2 6022 2715
1 472
1 5788
1 2105
0 64
0 85
0 18
0 23
0 3
0 69
1 9214
2 7253 9309
0 13
0 11
0 7
0 89
2 4077 2186
0 80
0 59
1 8106
1 3923
0 23
0 71
0 47
1 820
0 7
1 3489
0 5
0 100
1 3705
1 2932
5 1547 236 761 3887 4246
1 3867
0 46
0 36
0 88
4 5482 1012 5336 8529
2 5469 8913
0 4
0 74
0 51
1 1515
0 43
0 52
4 2521 4038 7640 2514
0 5
0 14
4 3303 4756 6596 158
1 9379
0 76
0 59
1 2196
1 1882
0 16
1 1321
1 3683
2 6616 1142
0 7
1 3455
2 1382 1736
0 17
0 59
0 14
0 35
0 41
1 6713
0 71
0 100
0 95
4 5365 9217 7327 5830
3 9872 8310 7867
3 5755 7718 3515
0 70
0 100
0 61
0 4
3 3038 2938 4418
0 29
2 6188 6045
1 5052
0 6
0 11
1 9970
0 97
0 74
1 7042
3 5646 7044 1266
1 2313
0 3
0 59
2 3178 6961
0 30
0 36
1 7866
0 42
4 9967 3661 9239 1170
2 318 8725
2 2632 3251
2 5694 6435
2 9696 4580
0 92
2 7913 2337
0 30
4 6538 9207 5693 1777
1 7741
1 8523
3 337 7025 8274
3 4129 3302 4675
2 8685 7669
1 9882
0 62
2 768 8658
2 2167 5515
0 12
1 4709
1 527
0 18
5 2103 5853 1336 5195 9456
0 42
0 68
3 810 452 3493
0 80
0 91
2 97 8293
3 9397 338 15
2 9355 2894
1 5317
1 973
0 61
0 59
2 5721 4732
4 5544 6473 3806 7934
0 5
0 37
0 99
0 49
0 38
0 47
1 4333
0 20
9 7026 6270 6709 4576 264 2611 3781 7984 5319
1 2939
1 1603
1 743
1 9986
2 9081 5140
1 5911
3 994 5225 7784
0 48
3 4880 2198 5600
2 4261 8153
0 79
0 66
0 53
0 28
3 4569 2492 9737
0 36
0 99
0 98
0 43
4 738 6091 4307 1198
7 7442 9403 941 5973 6866 927 2751
0 99
0 25
4 7177 1506 6043 1196
0 92
1 8018
0 42
2 4616 3643
3 1232 9590 1994
1 2873
0 83
0 98
0 90
2 1005 5776
0 4
0 70
4 2294 1903 4013 2381
1 6770
1 9680
2 4280 6517
2 7264 6212
2 3597 7273
0 57
1 2524
3 1785 9153 8932
11 1921 3002 3546 9211 1728 9550 2537 9606 2563 4762 3797
0 79
1 6744
0 54
1 1373
0 20
1 4919
0 46
3 9942 1497 9066
0 32
3 7077 183 4480
0 81
0 55
5 3301 7321 5248 9781 8218
0 21
0 8
0 26
0 89
0 12
0 52
1 8547
0 71
0 12
0 44
0 62
5 3935 4810 2354 4370 9477
1 6264
1 8471
4 243 7193 1843 12
0 31
1 4931
2 5223 6199
8 9743 5075 5727 7298 1047 7519 4011 5029
0 76
5 7089 9732 8672 4258 213
1 251
1 4113
0 63
3 9161 4650 4152
2 5779 321
0 36
0 82
0 33
0 34
0 14
1 4429
1 2677
0 75
0 3
0 18
0 24
1 625
3 827 2889 5511
0 53
0 67
1 8135
0 34
2 5111 4796
2 1763 9914
3 4182 96 4390
1 2303
0 39
2 6924 9876
2 4618 528
1 2440
1 2516
0 82
0 14
0 4
1 3204
1 7342
0 26
1 2877
0 94
2 2561 957
0 27
5 4283 1309 2970 9120 6128
0 84
5 9731 8126 8829 2899 6788
4 3379 7697 918 7569
3 1217 2202 7841
0 22
2 9581 7334
2 3866 5099
1 2158
1 3754
0 55
1 9400
1 4055
0 93
0 12
2 302 5011
0 16
1 5792
3 7574 931 4294
4 42 815 3865 7382
0 66
0 73
2 4034 9612
0 57
1 3859
1 9980
0 19
0 28
1 1289
2 2126 4372
0 84
2 7988 2587
1 3114
3 5163 290 1783
0 98
3 3814 4840 5660
0 53
1 6453
1 3649
3 2725 2918 3265
1 5742
0 39
0 70
3 127 4563 1502
0 100
0 60
1 721
0 60
1 4110
1 6649
1 7265
1 2965
0 63
3 1860 3431 6443
1 14
1 2254
0 34
0 96
1 906
0 100
0 39
1 4150
0 4
0 84
0 73
0 90
0 17
0 80
2 4075 4934
1 964
1 6665
2 9106 6207
1 3453
0 9
1 4272
4 9209 3666 8094 9100
0 96
1 1048
1 7704
0 77
0 13
0 68
0 18
0 14
4 6468 6581 6002 8871
1 1749
0 4
1 2422
4 2667 7141 8739 1764
1 9946
1 187
1 8627
0 78
2 7593 4325
1 5154
2 7623 7660
1 3660
1 8393
1 6937
0 12
3 1746 2557 6769
5 8098 830 420 8819 1059
1 8928
0 67
0 66
1 1858
5 630 7322 7060 7198 1061
0 47
1 311
1 3072
1 9457
2 2113 2549
0 45
2 3693 7167
2 3035 8245
0 61
0 53
0 44
0 96
0 35
0 1
0 41
0 42
1 7680
0 61
3 3143 9930 7701
0 99
4 2280 1721 6832 839
1 5125
2 2208 3271
0 24
1 9425
1 3006
1 5184
1 8846
0 65
0 17
0 24
2 5081 7512
0 5
0 80
0 81
1 3387
0 5
0 48
0 100
0 38
0 93
0 53
1 8930
0 68
0 36
0 74
4 7444 870 6071 7849
0 71
0 10
0 3
2 1186 1893
1 9101
2 1093 4088
1 9134
2 7502 1426
7 4814 8483 1894 5375 7792 2532 8649
0 83
1 825
2 4513 580
1 1737
0 58
3 7937 7159 4885
1 1139
5 7821 9973 7197 8961 1675
0 27
0 32
3 9599 1346 2608
0 75
1 3728
1 780
1 2692
5 2764 6327 3689 3042 2177
0 92
1 9371
2 2487 3464
1 9824
0 22
5 5055 8596 5566 6872 9972
1 3695
0 70
1 678
1 1204
1 6447
5 8115 2258 5105 329 4394
1 6037
0 43
1 7540
2 1265 9560
0 80
1 1031
4 9569 6966 7465 9932
0 65
0 9
1 6013
2 1009 1132
2 2721 8693
1 1182
9 9216 1885 1363 2523 1058 2583 7722 6516 9908
0 63
0 37
1 9338
2 224 8898
3 8212 538 7932
0 92
0 34
0 88
1 5329
2 6 8216
3 5228 1762 2933
0 47
1 360
0 89
6 8337 25 1839 241 3747 7122
3 6719 4619 4441
3 380 3885 698
0 13
0 54
0 10
0 58
7 1187 9699 5534 8800 9880 8944 4324
2 79 6176
2 3980 4509
0 70
2 7725 1267
0 56
0 95
2 75 7084
0 65
0 17
0 70
0 96
1 7829
1 1561
0 94
0 65
0 91
2 2455 5656
3 4593 731 890
0 37
0 6
0 29
0 98
0 87
0 88
1 600
1 2679
1 1308
0 47
0 47
0 2
0 84
1 5127
3 7130 3073 6970
2 5520 353
0 24
0 5
0 82
0 26
2 1226 3277
2 5252 5386
0 14
0 28
3 2529 8674 5522
0 45
5 7186 5550 9411 2412 2083
3 3292 4510 8261
0 13
2 1976 5688
1 3861
2 8535 785
1 5060
0 82
1 1384
0 38
1 7417
0 94
2 9083 4828
1 5505
0 43
0 95
0 39
0 48
0 49
4 1355 3243 2141 4030
0 76
0 89
0 92
0 71
2 555 2760
0 27
0 48
0 66
0 13
0 95
1 4361
0 78
0 34
1 4297
0 97
3 553 5873 5247
0 70
0 67
0 83
0 52
0 67
0 23
1 3290
1 9223
0 80
2 4775 7435
2 1815 9335
2 8956 1562
0 24
0 93
2 2588 2188
0 7
1 5479
0 57
7 4677 891 504 4955 278 6432 3889
1 4184
3 8343 3137 2554
0 22
2 4467 7430
0 69
2 7041 7761
1 980
0 62
0 97
0 61
0 80
2 3928 6955
0 62
1 6563
2 7192 1717
0 22
2 8702 9649
1 774
1 78
0 64
3 6304 3902 6977
0 6
0 85
0 65
0 33
0 27
0 15
0 64
7 1349 3223 1434 5681 6726 7242 6310
0 40
1 9902
1 7828
1 8489
1 1493
2 1441 7755
0 24
0 82
1 8368
4 3127 3551 4126 2882
0 92
2 6089 9951
0 64
6 3970 5283 6004 5502 7899 8802
1 2618
3 858 6051 747
1 4253
2 8987 6611
2 2396 6056
2 4423 8320
2 7927 2273
0 98
0 44
1 16
0 67
1 3916
0 5
0 69
2 3703 8935
1 3582
2 6343 427
0 35
1 2826
1 7308
0 78
0 89
0 85
2 382 2975
1 7071
2 4995 5487
0 71
0 62
1 6582
2 9361 7679
0 79
2 4921 8195
5 3700 9652 5056 6547 9734
0 94
0 76
0 39
0 95
3 3102 1452 4211
1 1829
0 3
2 6081 4983
0 76
2 7667 6880
0 72
3 3602 2730 8773
0 94
0 74
0 73
1 2426
2 7304 9528
1 5471
3 6738 2045 1135
2 1729 5458
1 4412
1 223
1 1946
4 4213 8840 5129 5997
1 6559
1 1539
3 6330 3226 3357
0 53
0 22
1 2881
1 4358
1 1453
1 105
2 2630 1477
3 1172 9489 2891
1 8001
2 1264 9648
3 2562 9063 8821
1 4735
0 60
1 9641
0 77
1 129
1 5372
2 2495 1722
1 1645
0 45
0 74
0 17
0 15
0 62
1 633
0 69
1 466
0 39
0 93
0 28
0 51
0 40
0 24
0 63
2 2478 7780
0 91
1 1311
2 5441 4985
0 29
1 8853
1 4671
0 27
0 86
3 6436 4235 2952
1 5875
0 35
0 1
2 1183 7721
1 4449
0 26
1 9506
2 9136 8311
0 81
0 24
0 37
1 5113
0 24
6 5692 8047 4520 91 8132 7352
0 83
0 76
0 75
0 90
1 7584
1 1094
1 650
5 6606 9364 9302 8273 1055
0 78
0 18
1 1784
0 92
1 962
4 206 3034 6697 8809
0 36
2 3974 8861
0 76
2 5002 9227
0 95
0 39
0 10
0 70
2 8129 2500
1 3780
2 5227 9357
2 7262 8666
0 58
1 8561
0 75
4 4218 9331 2813 2741
2 1160 9148
2 5104 258
1 6842
0 6
0 52
1 8486
0 2
2 3937 9805
0 11
0 18
4 7188 2068 4623 8209
1 1662
5 1380 8182 7335 7146 5751
0 6
1 1544
0 50
1 3320
0 73
1 9721
1 8411
1 2504
1 8186
0 56
4 8764 1316 8731 9766
1 3499
4 1848 845 5564 419
1 8386
1 4597
0 30
0 80
0 85
0 99
1 1637
1 388
0 26
0 15
0 58
1 3960
1 5699
0 50
1 6388
1 5917
1 8718
0 91
8 5079 4411 2182 2853 3316 3995 6948 4721
1 2809
0 12
0 7
2 1083 3331
0 10
0 45
0 82
5 7046 8207 5712 4074 7732
0 85
0 64
0 23
1 8125
0 54
0 86
0 82
0 26
0 96
0 96
1 7405
1 5595
0 64
0 96
1 1931
2 6729 515
0 23
3 7746 4820 3090
1 5128
2 4924 6202
3 4917 865 7063
1 6901
0 7
0 86
3 5226 2943 4813
2 7059 5625
2 7588 9436
2 4899 458
0 95
0 42
4 244 49 3909 8546
0 47
3 4680 7854 4461
1 9266
1 5423
0 41
0 87
0 98
0 5
0 82
2 3835 2510
6 7762 6740 767 5303 8923 5402
0 18
1 6593
0 21
0 96
0 47
0 97
0 2
0 36
2 7374 3690
0 43
2 7227 7768
1 5006
0 55
3 7947 3231 5035
0 44
1 2359
4 3607 7981 6139 1473
0 1
2 9862 9874
3 5964 5357 2681
3 6737 1629 3079
0 44
0 70
0 57
2 2445 7181
0 67
0 22
0 96
1 7129
1 6897
4 459 687 9691 6280
2 4147 9282
2 2180 7929
2 7878 7912
0 73
2 5862 1985
1 9098
3 4530 8243 9062
1 2238
2 4006 7547
0 80
1 8313
0 22
0 9
1 35
3 2512 1730 9636
1 4153
1 4525
3 8192 2625 9087
0 35
1 6548
0 9
1 4667
1 2824
0 48
0 56
1 324
1 1238
1 6434
1 3998
3 7760 6394 4956
1 7142
0 10
0 76
0 39
0 93
0 98
2 4278 2897
0 4
1 2360
1 4718
0 43
0 94
1 8863
8 7219 5924 806 9813 4599 325 5872 267
0 25
0 53
4 3882 5351 8178 2803
1 56
1 4033
0 39
3 7036 3681 663
1 5849
2 2661 1122
1 4976
0 84
0 99
0 68
0 75
1 4815
0 34
3 7527 6291 5521
0 60
1 4442
0 66
2 5716 9346
0 94
2 8478 5531
1 1419
0 8
0 70
0 85
3 3585 4742 6300
1 8613
0 69
1 7954
0 18
2 179 2485
2 6614 8854
1 5220
1 2171
2 9392 9475
0 1
2 8379 8309
0 55
0 1
0 33
1 8952
1 8975
1 4131
2 2810 9639
2 3094 7053
0 95
0 22
2 8229 279
0 57
0 58
0 84
0 72
2 8752 8857
0 1
1 411
0 66
0 17
0 55
0 73
0 76
1 5815
1 6886
1 3165
1 3005
2 7422 5569
0 99
0 87
2 3524 5316
3 9159 9516 4259
0 8
0 95
0 34
1 4534
1 1720
0 39
0 70
0 21
1 1002
0 9
0 58
1 3899
0 61
1 7285
2 7355 4243
0 61
0 81
2 7222 8490
2 876 7552
1 139
0 94
0 31
0 68
0 26
0 65
2 8123 6411
6 8118 5106 6085 273 1693 2361
0 38
4 3575 4794 8634 6370
0 37
1 7807
0 74
1 5598
2 9770 9736
0 68
1 4452
0 26
0 78
1 9907
4 2720 1387 5679 2645
1 864
0 50
1 2910
1 6565
0 83
0 91
1 5810
0 28
0 50
0 99
1 8676
3 6258 8631 5837
1 3672
1 8586
0 12
0 84
2 6290 471
0 74
0 27
0 49
0 64
4 9103 7395 2727 1854
3 9126 1185 7686
1 7703
1 7607
0 15
0 66
0 7
0 55
0 100
0 45
0 1
1 1037
0 41
0 82
2 7531 3412
1 3483
0 65
0 25
2 8519 4133
2 4382 9904
0 10
0 55
0 80
0 11
6 8451 9929 4862 6177 5418 3516
0 20
2 8470 8657
4 2443 4251 7635 7409
0 100
2 6041 6420
2 7767 3294
1 4371
0 89
1 4603
2 4048 5892
0 34
0 30
1 8506
0 84
1 9814
3 4337 1638 5617
0 61
1 4822
1 7514
1 397
2 3848 4998
0 15
5 4571 1696 2657 1328 9683
1 5846
3 6442 6179 5058
0 34
1 8818
0 26
9 2913 3386 9123 7997 8986 1575 8446 6309 3838
0 41
0 86
0 30
0 24
3 4847 4528 7601
0 69
1 8257
2 8054 6155
1 6836
4 6760 1810 1988 6677
2 5207 2838
1 9804
0 22
1 1017
0 97
1 901
1 6429
0 82
2 7266 9185
1 4844
1 8117
1 2308
0 62
0 16
3 3977 4221 7614
0 72
0 54
0 57
1 1875
2 1923 1024
2 3988 4920
1 4083
1 8120
1 3010
0 20
0 16
1 3492
1 6173
0 15
0 19
2 110 4092
0 73
0 5
0 54
4 7620 3408 5898 9512
0 27
1 4867
2 8199 1589
0 15
5 293 2129 6369 1827 496
3 6466 230 1361
0 31
0 99
1 757
1 120
0 7
2 536 736
0 2
1 9884
1 1961
0 47
0 60
0 39
0 41
0 74
0 57
1 7880
0 86
0 23
0 50
0 79
0 20
3 1181 5784 2905
0 19
1 6829
0 38
0 55
0 58
0 25
0 7
0 35
0 4
1 8053
1 4027
2 7733 7189
0 40
0 11
0 84
0 15
0 85
0 99
1 1432
0 94
1 7511
0 68
0 2
3 3270 9577 7716
0 51
0 73
0 60
0 59
0 70
1 3610
0 47
1 1648
0 25
0 61
2 2090 5986
0 4
5 7945 3969 3608 4704 7603
0 29
0 100
1 134
1 4744
0 71
0 85
0 21
0 9
0 2
1 1584
0 65
4 1433 8709 6818 1709
1 5438
0 77
1 8127
3 2325 3281 1743
0 19
1 1188
0 6
0 31
6 4839 3704 3286 7410 1889 9504
0 57
1 4466
3 7524 5156 958
1 9051
0 77
0 89
1 3124
1 5874
2 4594 9113
1 8749
1 7615
5 7646 2199 8358 8606 3744
4 1062 4943 9750 1230
1 7394
2 1972 4973
3 3017 3315 4119
1 5453
0 15
1 7648
0 83
3 5036 9168 1671
0 85
2 7314 3745
1 525
0 24
3 3364 7529 9510
1 2479
1 8364
1 6762
0 84
0 76
3 1509 4148 6592
0 25
1 5178
0 20
0 64
2 1567 4225
6 5284 3117 5744 5480 6521 9838
0 74
3 5379 4635 3344
2 2627 9871
2 1123 9032
3 4669 3380 7421
1 6997
1 7498
2 7578 8103
4 1735 9197 5415 3157
1 8260
1 2010
2 2638 4216
1 3390
0 87
0 58
1 8409
0 58
1 998
0 64
4 1494 7191 7712 5635
1 629
0 26
0 45
0 73
3 3434 5962 1698
1 5609
1 1165
2 6100 8521
0 2
0 2
0 95
2 4963 2501
4 3296 8593 9524 128
1 5567
0 28
1 43
4 635 1089 4617 697
1 3824
2 5955 8112
2 722 4035
1 5949
0 1
0 100
0 16
2 9912 7231
1 4076
0 50
1 1137
3 6553 6856 9609
0 20
0 98
0 88
1 9305
6 5652 76 3097 7983 7628 6725
0 73
0 66
0 14
0 76
0 43
0 91
1 3910
0 53
0 30
3 3496 5311 1356
0 61
0 84
0 81
0 38
2 9917 8215
0 32
0 47
0 87
5 4555 9810 5965 9847 4586
0 89
1 9628
0 43
1 8616
3 3997 9511 4522
1 2976
0 2
0 41
2 5116 5761
0 91
1 6968
1 2097
1 4474
3 7966 1284 9647
0 89
3 3510 2210 1280
1 7676
0 16
0 52
0 16
2 3532 6235
0 74
0 75
1 7235
1 5791
0 93
0 52
0 34
0 60
1 8315
2 5260 3356
0 18
0 1
1 6921
0 93
0 78
1 728
1 8727
0 90
2 9064 7998
1 8505
0 64
0 82
0 24
0 49
1 3229
0 86
0 81
2 66 3505
1 7147
1 6412
4 2094 8095 6125 3474
0 1
0 94
0 38
1 6786
0 90
3 9389 9201 7368
2 3992 3461
2 6508 4598
2 1554 8077
3 9998 6702 6461
0 78
1 6500
2 5040 9517
1 4136
1 6073
1 3444
1 3950
0 15
1 6318
0 97
0 86
0 85
0 45
4 5674 8859 4766 1400
0 61
2 9903 6016
1 51
0 58
0 11
0 4
3 2804 6098 495
0 22
0 96
0 31
1 7133
4 7809 9485 1260 1841
0 96
0 93
1 1849
1 6974
0 71
1 1076
0 8
0 89
0 68
0 36
0 62
1 5049
0 25
0 24
0 100
0 14
4 4341 5249 3276 9633
0 71
0 73
0 64
6 2367 717 4835 1797 228 5838
0 61
3 6718 4275 1617
0 58
0 67
0 64
4 4524 9857 1915 4200
0 89
1 9380
2 9896 9027
0 100
0 60
2 9501 191
0 99
1 9010
1 3181
1 6396
4 141 5882 2386 5348
0 76
0 100
3 2775 9358 9969
4 292 8253 1201 1606
1 8611
1 2420
1 2969
2 3476 4626
1 6311
0 49
1 9655
0 34
0 66
1 5277
1 1884
3 6656 7887 5602
2 6603 8441
4 8769 9821 3508 5885
2 1088 8924
1 6692
0 84
0 78
1 9877
0 20
0 10
0 73
0 68
0 80
1 6161
4 1403 5191 3333 361
0 33
3 5194 9797 3886
0 3
0 97
1 2329
5 4047 8513 3368 9654 7250
1 6167
0 65
2 6492 4916
0 12
1 3653
1 8068
1 1926
1 4399
5 4025 5368 3719 492 94
0 100
2 7576 3820
1 9486
2 3291 6261
0 98
1 4168
4 4490 4421 9695 8838
2 3449 2288
2 3236 6131
1 8966
4 1444 1134 3411 2184
0 90
0 21
1 2981
0 91
1 5448
4 6011 2798 3206 9584
0 58
1 8901
1 847
0 76
0 40
0 55
1 576
0 54
0 35
3 4292 9790 5733
1 8156
6 5273 8907 2712 9566 6930 823
0 63
0 21
4 8970 7772 9319 3040
0 12
0 19
2 1596 4664
0 16
1 3285
0 59
0 22
1 8317
1 8656
2 3472 3384
1 4175
0 38
3 6506 8695 4448
1 7067
0 36
0 53
2 3640 4661
0 8
0 55
0 80
2 6588 7949
0 39
2 3479 5304
5 786 2231 1492 171 5938
4 9293 3470 9259 460
3 790 6577 9437
1 2734
6 5858 9059 5033 9092 3194 1448
1 9534
0 45
0 86
2 9111 563
0 27
6 9325 3639 6477 3853 9869 4670
2 5994 2729
0 3
2 1524 156
0 67
0 67
1 2773
1 9014
0 77
0 79
0 95
0 60
6 5519 4600 5619 9242 8964 3070
0 32
0 5
0 1
0 72
1 3177
0 81
2 852 6595
0 51
1 6551
0 33
3 8719 6027 4476
0 25
4 5064 6376 4627 6598
0 55
0 92
2 4543 7215
1 2178
3 751 9839 7533
3 8381 7838 3913
2 8757 4157
0 83
4 8316 6574 6774 3064
2 6630 601
0 16
1 599
1 4706
0 45
1 1723
0 78
1 7860
12 3529 9509 2762 6204 812 5741 1290 7568 4994 8168 4965 8158
1 6307
1 7404
1 2363
1 9484
0 88
0 13
0 51
0 39
0 91
0 56
2 6916 8766
2 9189 48
1 8179
2 7653 8091
1 3975
0 21
2 5913 2286
0 52
0 7
0 2
0 72
2 5020 9104
0 73
1 8962
1 9376
2 4331 2574
1 4564
2 3736 4893
0 76
0 93
0 79
1 6936
0 35
1 3063
0 23
2 1688 1966
3 3468 5658 8645
0 37
0 78
0 66
0 23
1 9133
0 1
0 84
0 3
0 3
0 78
1 1997
5 9249 4589 1970 5695 8277
0 17
1 6275
0 47
0 48
0 96
1 1529
1 4978
1 8488
0 37
0 57
2 89 2017
1 5115
0 82
2 4049 4515
0 63
0 26
0 9
3 2421 6683 2551
0 85
0 89
0 94
1 9388
3 5238 4158 5995
2 5908 1597
0 45
0 63
0 26
1 5969
1 5876
1 6074
0 83
0 48
0 49
2 4852 5041
4 2950 4722 8833 8070
2 4242 6847
0 62
3 3004 9603 8781
1 9041
0 89
0 57
1 1995
1 7024
0 21
2 1505 2914
0 1
1 8537
2 7350 8878
1 2547
1 8220
0 50
0 27
2 2142 2872
2 4915 7252
1 3939
0 35
0 7
1 9
0 61
0 85
1 4606
1 2423
0 95
2 6888 6040
1 6942
0 97
1 7915
1 6918
0 30
1 65
1 4826
2 9150 6287
2 3554 8367
2 2674 3059
0 71
0 82
0 59
0 66
0 50
0 38
1 497
2 3591 4359
4 286 6000 9587 4342
2 9676 3675
4 7426 1807 6644 1658
3 5269 7562 4928
0 51
5 7332 306 7968 250 1283
1 9815
0 68
1 2271
2 4024 4322
0 40
0 71
1 6484
0 73
5 9988 1861 2071 4405 8520
2 2429 1695
0 52
0 36
0 54
0 48
1 9799
1 1758
0 44
0 96
1 2522
1 5915
0 25
1 3001
0 11
0 8
0 5
0 94
0 29
5 3613 9542 477 1491 3378
0 72
1 7279
1 82
0 85
0 8
0 7
1 1905
0 71
3 8758 5630 7833
0 12
0 24
1 681
1 727
0 8
0 60
3 3774 7441 2344
7 6935 4707 5370 5990 7613 4795 718
0 43
0 47
5 8359 6281 3089 50 1933
0 8
0 87
1 1080
2 5219 8671
0 53
1 6562
3 3354 5705 4089
0 22
0 62
0 95
0 94
0 24
0 87
1 176
0 63
1 2431
0 6
0 36
0 48
0 24
1 2607
0 93
0 5
1 5142
0 34
0 66
0 19
2 2407 8349
1 9600
0 52
0 41
0 65
1 7126
2 4229 3184
2 406 8743
3 4701 6124 2739
0 22
2 7296 5230
0 14
5 6256 4422 3161 9616 9181
1 8412
4 5987 8398 486 7950
1 7675
1 6575
0 54
0 62
3 3599 1136 1478
0 62
5 8004 3637 1174 7396 5188
2 8660 655
0 71
2 4475 9494
2 8597 2911
1 3205
1 8531
1 9700
1 1407
0 20
4 383 2573 4537 4299
0 73
0 28
0 40
4 2797 7185 2794 1619
0 79
1 3317
1 4933
0 16
1 6205
1 6917
5 7631 7100 376 436 2411
2 2262 77
0 90
1 9909
2 4323 7943
0 72
0 12
3 212 4256 1661
2 9167 144
0 29
3 8647 4176 2536
0 28
0 80
2 1287 5494
3 3218 5850 5512
0 72
0 5
0 31
8 7827 5023 7602 6458 5834 7305 6189 1007
1 8088
0 39
2 9669 1337
0 11
3 1483 6996 7892
1 6724
7 716 9088 6910 317 1252 6727 4672
2 3350 1507
0 66
2 8746 3618
2 6828 27
0 75
0 57
1 6528
0 58
0 75
0 35
0 8
0 84
0 74
0 27
0 51
1 8286
0 10
0 22
0 88
6 7470 2698 6628 8081 5010 2781
0 30
0 88
3 7240 6944 4776
1 3755
1 5750
0 12
0 14
2 3190 7516
1 9619
0 30
1 6111
4 1447 9080 92 8023
0 44
5 3581 3442 9933 2927 4080
1 8892
0 28
4 6005 6265 7744 7289
1 442
0 14
1 2093
2 6522 7591
1 6602
2 4188 6223
0 86
0 2
0 61
0 8
0 97
1 6117
0 54
7 4957 5281 7948 1402 8776 1904 7526
0 13
1 8473
0 83
0 54
1 4014
0 22
2 7483 7488
0 29
0 92
2 1175 7717
0 14
2 7412 1500
0 95
0 57
5 1713 3756 8855 8268 4870
3 1231 6741 1920
0 40
0 76
4 9559 1446 9050 248
1 7032
3 1350 8699 9834
4 6811 4193 7726 6196
2 954 3405
1 9248
1 3287
0 85
0 47
3 8472 1128 2639
2 578 6201
1 6816
0 36
5 9417 1312 9465 1106 5593
0 29
1 9424
7 9547 7756 9365 1178 4658 9007 2635
0 76
0 13
0 84
0 13
2 1949 4177
0 32
1 9758
0 59
0 22
1 1943
0 74
2 5799 7684
0 34
0 50
0 72
3 9823 373 3448
1 2555
1 1195
1 7184
0 59
0 3
0 10
3 3171 480 614
0 44
1 8287
0 36
0 58
1 503
2 7082 2682
1 679
0 31
2 3351 2040
0 15
1 8255
5 9780 2471 6546 4247 9250
0 21
2 2520 7338
1 5451
0 7
0 44
0 27
0 87
1 570
0 39
6 8688 5420 1666 326 7088 6344
1 3309
0 10
3 8456 6315 7598
0 16
0 87
0 27
4 4538 6612 9053 6874
1 4209
2 6704 9433
0 96
1 1653
0 27
0 67
0 28
1 2187
0 48
0 6
1 36
0 74
1 8669
1 1167
1 4352
1 3417
0 39
0 71
0 63
0 74
0 22
0 11
6 6481 9836 9728 2338 1510 9755
0 47
0 89
2 3101 7458
0 31
0 48
1 5004
0 67
0 29
3 6825 3198 8475
0 33
0 45
0 43
0 1
1 8500
1 9254
0 16
3 3025 3600 9420
0 1
1 3833
0 88
0 75
0 88
0 57
0 62
0 82
0 82
0 35
0 50
0 24
0 7
0 50
3 4438 443 8847
0 67
0 54
0 4
0 36
1 3879
1 5961
0 12
1 4051
0 34
0 80
0 57
0 7
1 1802
5 2615 3972 8891 9031 5095
0 31
4 2917 2069 7101 8953
3 1690 9757 8060
2 9406 1300
1 8108
1 3946
1 345
1 1963
0 82
1 7694
0 6
0 94
0 90
1 4425
0 66
0 30
0 72
0 35
0 52
1 5832
0 37
0 58
1 2688
1 6069
0 17
0 93
0 54
0 26
0 73
0 8
1 6052
2 2947 5440
4 2145 4888 8703 2518
2 3769 8495
5 6392 8005 2060 4201 7903
1 8064
1 1847
0 22
0 67
1 7814
0 10
4 4784 5212 2669 2419
2 8798 5392
0 18
0 80
0 28
2 2823 3642
0 45
0 29
2 4 9515
0 79
2 8319 2664
0 40
2 8942 6908
1 5327
0 27
2 1853 1458
0 60
0 87
0 38
4 8905 3345 4942 6558
2 5462 416
0 40
0 18
2 3580 992
1 9171
2 4566 3030
0 61
2 7461 5276
2 9418 1247
0 75
0 28
4 5523 5459 2181 2324
0 32
0 53
8 7886 9068 8307 9445 9634 9617 7897 6660
1 9237
0 95
0 72
0 72
2 7681 7695
0 68
0 48
4 9767 2769 3557 9996
4 2251 3729 8148 7555
1 9987
2 8347 701
0 58
0 75
1 7018
0 90
1 7403
0 33
0 80
0 45
0 43
0 41
0 16
1 5910
0 17
0 22
3 3486 3036 1322
1 5710
1 933
5 8152 33 1393 3854 2159
0 72
1 8768
1 9960
3 8142 8839 8388
2 2317 2790
0 31
0 73
1 7691
0 40
0 47
1 4430
0 92
0 59
1 4653
1 5118
0 53
2 2896 2229
4 2408 1285 5777 5167
2 4584 4455
1 9959
0 79
2 7573 5380
0 29
0 47
0 23
0 62
2 3160 7120
1 1209
2 9215 2233
2 685 6958
0 60
0 88
0 92
0 65
7 6919 5860 4065 4458 7641 9278 8042
0 25
0 52
0 96
1 4099
0 99
1 8338
5 430 7485 2310 3919 3494
3 2403 9311 3760
0 5
0 22
0 77
0 89
2 796 3982
2 7199 9567
0 93
0 45
2 5268 6920
2 5034 3159
0 3
6 530 8071 5896 2387 8705 1100
0 40
1 6171
1 7891
1 8092
0 4
0 26
1 6390
0 49
0 25
1 2352
0 37
0 23
0 14
0 6
0 11
2 3260 5378
1 6356
0 74
0 50
0 72
1 2935
0 100
1 3883
0 49
0 30
0 90
3 6105 6049 6633
1 9203
0 69
0 37
0 67
1 5937
0 12
0 32
3 189 1338 3263
2 987 9198
2 8936 6336
1 1910
0 44
0 54
1 2230
1 1691
6 5484 1377 5665 6899 9975 2059
2 6449 3659
0 8
1 2209
1 1025
2 242 557
0 38
1 4483
0 26
3 6701 6992 6238
3 1576 5346 7672
0 88
1 9008
0 39
0 44
2 9353 7423
0 23
0 72
1 1199
5 5267 2189 2048 7272 929
6 1877 1430 9451 8786 737 4789
0 22
0 74
0 95
0 4
3 3956 2876 9129
0 64
0 71
1 9666
1 535
4 8969 4293 2605 3399
0 13
1 7257
1 682
0 26
0 85
3 9191 991 8971
0 55
1 2617
2 4071 7005
0 29
1 7065
0 15
1 9345
1 7450
0 94
0 75
0 72
1 8733
0 99
1 7986
0 53
0 75
0 95
2 5764 7990
2 4289 7714
0 95
1 6229
5 9015 7121 1896 1793 6599
0 16
1 5946
0 11
1 6587
2 9073 5963
0 1
1 2390
5 3851 5200 5561 6398 7408
0 24
1 4751
0 19
2 8569 6673
1 2642
0 40
3 4360 2519 9390
3 3983 9011 5168
5 487 9175 9985 3589 2239
0 63
2 6833 4387
0 60
2 8782 2132
0 21
4 5239 3071 9029 5457
6 9432 520 8348 9859 7315 700
1 5263
0 10
0 69
1 2296
0 88
1 8466
0 91
0 40
0 73
0 25
1 2246
1 2183
2 9553 1423
0 85
1 4850
2 2800 7963
4 262 1222 4470 2295
2 7619 3792
0 79
1 5654
3 5808 2161 3013
0 93
4 5211 6460 9802 9173
1 9915
2 4568 4713
0 45
0 83
2 6743 3134
0 73
0 58
1 1906
3 693 8541 9147
0 46
1 8622
0 25
1 1148
0 85
0 87
1 1881
0 88
0 11
0 6
0 100
0 39
2 1834 4369
7 8031 5197 8155 5185 4059 6859 2835
0 28
2 2146 5975
3 1418 7380 5740
2 4572 6252
3 2175 1660 5485
1 7001
0 80
3 17 8074 2786
0 52
0 41
5 7208 6360 464 1224 5611
3 2309 9678 1511
0 87
1 733
4 240 6675 7472 5504
1 7035
0 32
0 81
1 8509
2 9597 9413
1 2694
1 4291
1 3363
0 37
0 28
2 7493 9715
1 5259
1 6765
1 8172
1 8734
2 6112 8978
2 2841 4416
0 11
1 1790
5 8020 103 1579 6988 249
1 7740
5 9963 2597 6900 4502 4270
2 5798 4695
0 61
0 36
1 7633
0 68
0 81
0 60
2 5162 4130
1 8225
0 35
0 41
3 235 1362 6416
0 35
2 4244 7777
0 72
2 7453 9521
0 44
4 61 3888 349 9861
1 9199
0 43
1 8585
1 1096
1 7164
0 18
0 65
5 3605 6413 3568 5863 7056
1 1109
1 4191
0 22
3 8570 6115 1323
3 6987 2279 3869
1 8992
0 99
0 29
3 9786 46 8140
1 1490
0 90
1 9806
0 48
0 28
0 34
0 91
0 47
1 3751
1 4028
0 57
1 7468
0 78
0 26
0 72
1 7087
1 7832
0 29
3 7973 4743 879
1 6885
0 4
0 67
0 24
0 93
0 39
1 3323
0 80
0 93
1 9901
3 6193 1760 9078
0 70
0 18
1 6135
0 87
2 8230 5476
0 35
1 5984
0 16
0 82
0 86
1 4968
4 9096 4903 8608 902
0 55
0 24
0 11
1 2005
0 21
1 5102
0 3
2 3999 1022
0 47
0 65
1 2646
0 89
3 8559 5943 7016
2 2909 4533
0 89
0 77
4 2417 2951 2330 8919
2 1913 8420
2 1124 5180
0 44
1 4926
1 3726
2 9630 6780
0 44
1 1952
1 8805
1 5677
0 96
2 6619 2007
0 26
1 3491
0 55
1 6783
0 94
0 83
0 96
2 9334 6734
1 3224
0 73
0 59
4 6890 7211 1803 366
1 9978
1 9949
0 85
0 44
0 10
0 20
0 61
1 5274
1 222
1 4770
0 25
0 19
1 9925
0 8
1 2624
0 34
0 38
0 19
1 511
1 3195
0 43
0 61
1 9844
0 51
0 13
0 54
0 44
0 68
0 57
0 48
1 1257
4 8360 4488 1816 8270
1 3519
0 75
0 55
0 92
1 5516
1 2780
1 2577
3 9260 5655 1960
0 77
0 88
0 73
0 33
1 9228
7 8102 8716 7030 2539 9263 7625 6213
1 968
0 4
0 92
0 70
3 4731 3976 8392
0 56
1 6228
0 41
0 9
1 1973
0 66
0 40
1 6274
1 6269
2 8775 6116
2 2055 2903
0 56
2 3671 734
0 62
4 3339 4859 8985 4052
2 8850 6242
0 54
0 46
1 3961
2 9952 2488
2 5535 9604
2 4064 7323
0 56
2 2540 8823
1 3249
0 58
1 4269
3 5412 3264 1141
3 4800 758 7895
5 2534 4745 8264 924 5466
0 44
0 96
1 1775
3 3712 116 5449
0 4
1 4084
3 4521 391 782
0 14
2 4434 9061
0 35
2 2122 5057
0 91
1 8263
0 14
0 85
1 4227
0 5
0 11
1 9906
1 3105
2 2968 7993
0 67
0 61
0 40
2 615 4913
0 98
1 7003
3 9115 1811 315
2 2707 7837
0 48
2 8051 8567
1 1587
0 73
0 20
2 4428 6316
1 2811
2 9812 7737
0 99
1 9105
0 78
0 96
0 11
3 284 8167 860
2 667 3497
1 5574
1 8430
0 63
0 50
0 16
0 35
0 49
0 42
0 72
0 21
0 11
4 4557 6876 3565 8994
2 5870 9076
3 1495 4866 1781
1 9840
1 1564
2 934 6428
1 2499
2 2026 3765
0 7
1 1028
2 351 1331
2 7466 1679
1 5347
0 13
2 6536 6354
1 3343
1 5289
3 6144 8432 9760
0 93
1 4693
0 100
2 2123 9288
0 12
1 6858
0 60
0 54
1 269
0 46
3 3407 926 6342
0 8
1 2306
3 9713 4010 2992
3 2746 3667 3842
0 5
3 8916 2241 6375
1 2318
0 88
3 6943 7560 3439
0 12
2 7700 6337
0 34
1 6969
0 38
1 724
1 3576
1 7510
0 28
0 11
3 7278 2868 7497
0 1
0 40
3 2424 2342 4691
1 7205
0 29
0 77
0 70
3 1558 6934 9233
1 1424
0 91
0 38
1 4767
0 48
0 81
2 5013 8
5 2277 2949 6573 6960 3495
2 533 7666
0 60
0 22
1 1725
2 3086 5568
1 7711
0 38
0 41
1 7980
0 56
2 5046 1812
0 54
0 61
3 5771 5891 2887
0 21
2 3032 8328
0 51
0 48
0 38
1 6061
0 62
1 1999
3 6884 9864 6928
0 16
3 4984 5565 720
1 1445
0 91
0 8
1 5117
0 8
0 72
0 34
0 12
0 18
1 5778
0 62
2 5341 9826
5 7522 5753 8292 853 374
0 22
2 6972 5373
1 8111
0 3
6 9921 412 7086 2438 9102 684
0 98
0 39
3 6846 4039 1043
2 2852 1769
2 8335 6164
0 1
0 8
0 10
0 79
0 35
0 29
0 10
2 6676 8341
0 84
1 6947
2 8812 1296
1 8872
1 1154
2 7975 6048
0 49
0 53
1 7936
2 4375 5958
0 14
5 4679 1914 7288 1253 439
0 91
0 49
0 79
1 3104
4 1215 484 3654 8735
0 7
3 9337 1533 7731
0 22
0 13
0 19
0 91
5 8340 2364 5257 4585 4988
0 26
0 60
1 8973
0 16
1 4106
0 75
0 58
0 87
0 39
1 7301
1 6469
2 3778 3203
0 70
0 61
0 11
2 5582 6912
1 5817
0 13
0 4
2 548 57
0 13
1 7706
0 53
1 3841
1 3615
1 4628
0 48
4 126 3629 7979 70
0 51
4 9221 4391 6219 4290
1 3362
0 71
0 40
0 83
0 59
1 7504
0 95
0 56
1 3139
0 23
1 6260
1 3872
3 7796 8779 8296
1 6018
0 32
2 6659 3257
2 4482 2109
1 8530
4 4134 5475 9798 986
0 36
0 63
0 34
2 1041 5498
1 7820
2 1672 4254
1 2261
1 102
0 39
0 20
1 9447
1 32
1 7654
0 63
1 3057
0 82
0 24
2 3367 1977
0 11
2 9852 3338
1 1442
1 6643
0 13
0 42
0 58
1 649
0 65
1 4489
1 3538
0 21
1 7857
0 78
2 5159 9074
4 9818 2816 900 5861
0 64
1 3457
0 30
0 84
0 35
4 2763 8124 5532 5793
0 95
0 26
3 797 2704 9530
0 83
0 43
0 72
0 43
1 8665
1 6757
1 1692
0 22
0 70
0 68
0 55
4 489 4003 9141 8250
2 2568 9310
0 90
0 77
2 9440 6915
1 9574
0 47
0 67
0 16
2 6044 5775
0 24
0 14
9 3871 7244 200 1663 9832 9886 9614 1203 6823
0 94
0 79
1 1611
0 8
0 97
3 5256 2660 9957
2 9210 9476
0 86
0 69
0 55
0 41
0 78
0 25
0 62
0 61
2 6672 3314
1 3592
0 45
2 161 5236
0 40
1 2393
1 109
0 13
0 69
0 48
0 32
2 272 6361
2 5916 4420
0 37
0 81
0 8
2 7599 2686
1 6843
0 94
0 59
0 71
1 932
2 7132 1206
0 65
1 2128
0 27
1 590
0 19
3 2656 5243 5765
0 49
1 5783
0 66
2 6331 1739
0 26
0 8
1 7182
1 7293
1 3172
0 93
5 9244 9180 5310 5218 8219
0 90
0 74
3 6905 7138 4966
0 93
3 8137 4725 3300
0 70
0 13
5 377 4768 2039 1255 3890
0 37
0 34
0 34
3 7236 8397 8795
0 85
0 43
3 7956 8269 3199
0 33
1 3664
0 41
1 4646
0 86
2 5108 7326
1 9162
3 238 2923 4755
4 1000 1872 9564 3103
1 1262
1 197
0 79
0 49
1 9372
1 6721
2 6393 5668
0 51
0 83
0 73
3 1508 2226 7050
0 42
0 3
0 72
1 194
0 9
1 5085
0 94
1 5391
3 732 8677 6372
2 9281 8600
3 9867 1427 2131
0 34
0 86
3 9352 6068 4172
0 59
1 7166
0 13
0 69
0 6
0 91
0 42
1 7119
0 61
1 8248
3 3238 5717 5759
0 62
0 44
0 22
1 2602
2 9409 5344
0 95
2 9945 7795
5 2998 6249 1469 5596 1890
5 22 8885 3504 4388 2290
1 6525
0 14
3 438 1635 7415
1 7080
0 63
0 92
2 111 8402
5 3545 2545 694 1887 834
1 4145
0 57
7434 9059
900 4464
8529 3237
395 4725
3354 8682
