100 10000 5 0
6980 2235 1118 7026 4663 6270 6709 5608 4576 1484 390 1824 264 7021 7264 3360 8143 5284 2038 4504 9033 8447 1921 5858 5685 309 5851 5816 8496 8842 5736 5952 2322 3002 6497 7306 6136 4871 784 7448 3567 4 331 4464 285 470 2611 2971 3805 3237 5217 8827 7713 7397 5094 4236 3529 2066 2937 6169 9509 1456 282 3546 2762 3222 555 4781 163 3146 3746 648 9778 9059 7762 8394 6297 3781 9708 5295 6304 4814 299 7054 1813 4490 2343 4029 2564 9216 6550 9206 8483 3141 7522 7791 4957 7039 8774 7346 
0 57
1 6418
3 2245 4660 3652
4 7921 6566 6544 814
0 90
4 9289 7272 4701 4013
0 27
0 58
0 36
1 3856
1 9874
0 62
0 82
0 50
0 11
1 6976
0 90
3 1693 1578 6511
0 85
0 32
0 94
1 8417
0 33
0 54
1 1963
1 269
0 17
2 7699 6726
2 4255 5243
1 4346
0 92
0 16
0 79
1 9128
1 1101
2 8172 922
0 46
1 1378
0 97
0 26
0 68
0 37
0 22
1 497
1 1027
0 50
0 12
1 4383
0 67
1 4501
0 38
0 66
3 6756 340 10
1 9741
0 11
1 1012
0 99
0 95
0 50
0 17
0 1
1 8606
5 8353 4548 8661 2977 8426
0 33
2 7794 4840
1 849
0 70
0 13
1 8654
5 8359 5464 7419 6515 7221
4 3058 2702 3423 2218
0 11
0 74
2 6142 8588
1 2798
1 1650
3 3099 467 9973
2 2652 5899
3 6643 4253 2345
0 60
1 8823
2 7845 7869
0 51
0 78
0 13
0 69
1 1938
6 1150 706 7925 9520 7319 1021
3 4558 8326 5790
2 474 9575
2 281 1749
0 21
0 1
0 81
8 4655 7769 6926 3896 202 1687 9818 1206
0 40
1 2173
0 14
1 9480
0 9
0 57
0 44
3 6179 9862 3125
0 61
4 6752 4270 5628 2149
2 2394 2276
0 63
0 34
1 2488
0 36
0 18
0 69
0 97
0 36
5 6256 8049 928 2469 4309
3 9085 3517 6113
0 60
0 37
0 22
3 178 1074 9747
0 52
3 9810 7703 2546
0 97
1 8547
2 2268 5046
1 495
4 5494 4915 4033 6275
0 21
0 46
1 7422
0 20
0 32
5 5141 5588 8746 2477 9404
0 66
1 5740
5 4818 6107 9762 3294 7717
0 77
2 5775 1950
0 43
0 20
0 19
0 13
0 58
2 5347 30
1 3671
0 75
0 94
0 14
0 56
1 8197
2 146 704
0 71
0 51
0 42
0 4
1 5629
3 4503 8858 493
0 52
2 5901 7634
3 1130 7406 4418
2 2892 4473
1 3620
6 2509 115 9863 945 431 7259
0 59
0 54
1 2604
0 80
0 47
3 4148 4506 9455
0 6
1 6033
0 91
1 4556
0 17
0 22
0 58
1 7977
3 1781 9519 3400
1 6903
1 5061
3 8925 4257 8686
2 3013 3579
0 98
3 9557 95 2214
0 24
0 100
0 68
1 3973
0 93
2 82 974
1 7518
1 9668
1 1465
0 87
0 42
0 71
0 64
1 7706
0 87
2 5172 9073
1 913
2 6736 3066
0 34
0 17
1 1281
3 822 6237 5969
0 43
0 17
1 9711
0 25
0 96
1 2617
0 66
0 11
2 7472 8446
0 72
0 62
0 38
3 3592 2861 3263
1 6893
0 56
0 100
0 22
1 3387
1 6397
5 4759 8450 4691 8561 96
1 6717
0 81
0 46
2 2077 3447
2 3153 1487
0 98
0 82
0 17
1 8213
2 3004 7011
0 24
5 3562 3254 1716 3326 9385
1 7268
3 6892 6773 6972
2 1158 1371
0 49
5 8163 7961 1337 5855 7513
1 1107
2 2487 6659
0 91
0 41
0 40
3 48 1882 6559
1 677
0 46
0 51
3 6846 4430 9986
0 80
1 5423
3 9724 2952 6209
2 7783 6755
0 56
1 8650
0 77
1 5131
2 7620 7752
0 12
2 2762 4244
1 3284
2 9651 6450
0 75
0 60
0 14
2 5794 2379
2 4797 9147
0 44
1 7667
1 4586
0 96
0 55
1 3315
0 73
1 5607
3 8733 7461 9452
0 70
3 6550 566 44
0 98
2 9728 1640
2 7599 221
1 8339
0 57
0 70
2 9522 2646
0 92
0 95
0 15
0 24
0 68
5 6272 7909 5387 294 5435
0 41
0 25
0 73
6 4986 1668 7368 3868 8980 7561
1 5179
0 24
0 35
2 9084 6335
0 76
1 8683
1 5884
2 4707 4431
0 77
4 6304 3601 2752 2464
0 74
0 31
2 1904 1595
0 36
0 49
0 80
0 65
1 7001
2 7418 7467
2 3457 8009
0 70
0 37
3 286 3406 2733
0 61
1 9850
0 45
3 7189 4517 3010
0 28
2 259 5982
2 498 172
0 53
7 9965 5551 8280 2446 878 5334 9231
0 95
0 50
1 6052
0 3
0 1
2 5185 7072
0 70
1 9756
0 11
3 9967 7952 1148
0 19
0 51
0 62
1 949
3 9543 4265 6295
0 84
0 25
2 8844 2484
0 78
1 7334
5 9695 9329 6637 8030 2863
0 23
0 41
0 65
1 3666
1 3241
2 1500 4057
0 85
0 93
2 4133 8641
0 21
1 8412
0 94
0 39
2 1827 1845
3 7995 2183 3876
0 47
1 1986
0 49
3 5862 2362 3806
3 9399 9227 3521
1 5554
1 8525
2 6334 1916
0 28
4 8728 4772 3632 7254
2 7113 1918
0 13
1 4138
2 5208 6770
1 8365
3 7060 5265 1472
0 2
3 3372 4734 6898
1 102
0 9
2 5108 7504
0 86
3 7264 4683 2496
0 29
5 6194 6811 7233 7115 9732
1 2468
0 89
1 7282
2 9253 5356
0 81
4 371 5744 4794 5559
1 3247
0 73
0 44
1 4879
0 41
2 729 6412
3 1115 2387 9262
1 1776
0 13
1 357
1 8081
0 62
1 6196
1 1387
1 2401
0 29
0 66
0 15
4 6600 6622 842 9092
0 25
1 1358
4 1035 2742 2329 8092
0 45
1 1853
0 99
0 74
0 91
0 31
0 1
0 64
0 3
0 86
3 7912 3402 5242
0 22
0 3
1 4173
0 49
0 65
6 3587 4237 7463 7253 1213 5917
3 9470 9799 7757
0 80
1 8537
1 8971
0 9
1 4837
0 72
0 20
1 5812
1 3109
1 4790
0 58
0 89
0 45
0 44
1 4545
1 3728
1 4390
6 5407 6962 3006 9896 8597 9000
3 3882 2981 8320
0 34
3 6540 6090 1120
2 5290 2180
1 2962
2 1327 8111
0 52
0 76
0 82
1 6890
3 3619 6906 4056
0 9
0 67
7 5281 3321 9363 9374 8349 4307 6677
0 67
1 6611
1 1908
3 8122 2493 3633
0 36
0 61
0 61
1 4185
2 7169 8714
1 1823
0 54
2 7157 3590
0 46
3 4187 7966 5437
0 18
5 395 5667 719 9215 886
3 5896 1252 6878
1 5819
2 7051 7369
0 87
1 8826
1 7632
0 70
0 33
1 7737
1 4536
0 69
0 35
1 5825
3 8216 7787 7063
2 5822 6402
2 8142 5186
0 41
8 6990 5493 6099 2316 9779 5214 6635 3635
0 50
0 35
0 93
0 62
0 32
0 34
0 19
0 36
0 58
1 9984
0 10
0 16
0 89
2 2746 6585
0 44
3 5888 408 1445
0 90
0 99
0 11
4 346 5454 5789 5546
1 4271
1 8721
0 91
1 1110
0 66
4 1312 7727 9536 455
0 21
1 3932
0 13
0 88
0 45
0 71
6 9068 7734 9610 1887 4269 7592
1 1817
0 26
2 3415 2749
2 9691 5793
0 28
0 7
0 46
0 9
0 79
1 2717
0 26
3 4882 8082 7468
1 885
0 4
2 4715 859
3 2907 9753 2266
0 47
8 3781 2343 4622 3729 1538 2929 5408 659
0 89
0 2
0 60
7 7858 4686 1011 3364 2997 929 3724
3 5288 7102 6895
0 56
3 1306 7885 3230
0 61
2 3624 9888
1 1450
0 3
1 4198
0 79
6 8896 6587 6031 5658 6459 3862
1 4078
1 1493
2 3884 1783
0 1
2 344 2359
0 13
0 77
1 675
0 70
0 38
0 51
1 2965
0 92
0 95
0 50
1 325
0 40
2 5032 2850
0 95
1 5931
3 5509 1685 1061
5 889 762 2285 4371 3627
0 40
4 6371 7642 9091 5993
1 2150
2 8127 1248
2 7826 6159
0 73
0 42
0 80
1 6912
0 36
2 4048 5963
0 92
0 74
1 6078
0 10
2 4557 9099
0 79
1 3713
2 5390 2320
2 9066 1104
1 6202
0 71
0 13
0 69
0 1
0 62
3 3837 9221 2794
0 4
1 332
1 2593
2 5316 1721
0 39
0 34
0 50
2 270 3854
1 7273
0 66
0 33
6 7408 1086 6824 8729 5096 6663
0 97
2 933 3648
4 7250 2900 4585 9541
3 7502 9014 4230
1 9269
0 89
1 339
0 31
0 23
0 62
1 384
1 9531
0 47
3 28 1102 9001
0 38
4 5449 5726 166 4385
0 55
6 8751 939 6910 7892 9145 4372
0 9
1 1762
0 52
0 68
1 5895
1 5155
0 41
0 35
3 376 7530 7847
0 89
2 7083 6203
1 5250
4 3763 4666 8340 8848
0 98
0 88
2 2609 5310
0 52
1 8301
0 31
0 48
0 74
2 1099 8063
0 92
1 8162
1 416
3 4260 8494 2673
0 66
1 601
0 41
0 83
0 82
1 3968
0 27
0 89
1 7404
0 71
3 401 359 6801
0 39
0 11
2 8136 9454
2 6477 7893
0 71
2 4461 4532
0 20
0 38
1 2426
0 97
0 80
1 7849
0 78
0 11
0 33
0 8
3 9179 1131 427
1 6449
0 72
1 5624
4 9998 2407 2415 1999
4 9975 2658 4358 9961
0 100
1 6542
0 95
0 46
0 40
0 2
2 9551 5619
5 6441 4905 1842 6697 5927
4 7862 5070 404 4755
3 3062 9029 6268
0 80
0 85
0 33
0 4
2 8233 1537
0 73
0 42
0 12
0 67
0 71
0 85
0 36
2 3899 4380
2 5210 2654
3 5529 4604 3719
2 3838 8972
0 20
1 8785
0 32
0 13
2 4320 6674
0 58
0 77
0 25
2 1460 5932
2 2314 5683
2 9288 5398
1 1646
0 53
2 8581 7525
0 75
0 30
1 9581
5 7270 626 9337 6825 8407
0 26
0 42
0 71
0 99
2 481 2823
0 82
0 34
3 9606 7968 9685
0 92
0 49
0 20
0 70
0 51
0 43
1 354
3 7168 9540 993
1 7956
0 1
0 30
0 10
0 48
0 49
0 22
2 6725 599
0 24
1 6979
1 9595
1 1819
0 43
0 91
1 5045
1 1105
6 163 9778 7470 8765 2157 8843
0 2
2 9377 7133
0 42
1 3409
1 3312
0 21
0 3
0 58
2 4999 7546
0 2
0 63
0 4
1 8312
0 1
0 37
4 8730 1569 8007 8482
0 22
2 3275 9136
1 140
0 32
1 697
1 2397
2 276 5777
2 3699 7331
0 67
2 4774 7154
1 9421
6 8443 2699 630 8059 245 651
1 9738
1 9769
1 1007
1 1625
1 3396
0 87
3 3470 7476 820
0 11
1 7962
1 5271
0 46
1 7988
0 60
1 9443
1 5954
0 100
0 48
1 9247
1 5086
5 1621 6401 7184 6242 720
1 4191
1 9495
4 7139 1770 6151 6124
0 13
3 4084 3151 1745
1 4092
1 9245
2 5926 5259
1 8875
3 8358 2143 7823
4 605 1446 9573 9932
1 1523
0 20
5 5634 9445 2522 6759 8400
0 14
4 88 4778 2567 7348
1 3727
0 65
1 9614
3 5319 313 6431
2 4289 6556
0 9
0 89
0 1
2 8975 321
2 2250 9165
0 38
4 4756 6393 5703 2726
0 4
0 11
0 16
1 9475
0 58
2 6760 9150
0 21
2 9484 515
0 3
1 1359
1 9146
0 33
0 58
0 8
1 8253
2 68 2327
7 2883 8629 1607 3145 6691 142 3484
3 5792 787 8238
0 76
4 3927 9827 1233 3246
2 5950 6981
1 2078
0 76
0 86
1 5712
2 2641 6858
3 9658 8811 3810
0 69
0 68
2 2107 3228
3 6987 3711 6577
1 3589
2 73 2206
0 9
3 6523 9031 5483
0 68
1 5088
1 5528
0 47
0 52
0 78
1 3276
3 6705 1587 4454
1 9663
0 5
0 27
3 8752 8458 7062
0 20
1 1039
1 7023
0 23
2 3 2671
1 7490
1 6193
0 34
0 62
6 1639 8465 7296 5285 8039 785
4 8615 6430 1384 9744
0 47
5 8476 9550 9598 283 1931
0 66
1 338
3 9065 2820 6924
1 8488
2 4948 8967
0 38
0 45
0 46
0 70
0 76
2 5142 5596
0 32
3 9106 2423 7471
1 5326
4 3585 7557 260 6593
2 7927 2899
0 24
0 55
3 3349 363 2136
0 64
0 51
2 7498 3157
2 5008 1388
1 3022
2 2640 2223
4 4103 3031 5479 803
1 3612
2 5188 724
1 5555
0 84
0 40
1 8958
1 4097
2 6387 3304
0 13
0 41
0 55
0 59
0 61
2 8682 1674
2 1803 2740
1 7553
0 94
2 6757 9493
1 2902
6 9587 6309 2148 3432 6815 543
6 7064 5972 405 103 6683 3982
0 55
0 94
2 6606 6977
4 7446 475 1675 3552
0 32
3 55 4305 6074
1 6055
0 69
0 80
0 95
2 9918 7744
0 86
0 8
0 95
0 89
0 67
0 71
0 91
0 67
0 34
2 7548 8479
0 41
1 429
1 9841
1 8948
1 5892
4 4136 8559 2931 3274
0 82
0 68
1 7764
0 16
0 18
4 1219 3980 189 4240
2 8106 8070
0 42
0 8
0 89
2 3316 4055
0 15
0 8
1 369
1 4105
1 255
1 2804
1 9826
0 65
0 71
0 4
3 7687 5983 8161
0 48
1 5779
3 3545 7421 6205
0 16
0 39
0 94
1 5084
0 76
1 2867
1 2281
1 3795
0 14
1 7086
3 5824 9251 5383
5 8441 1389 7994 9101 4495
2 5342 2084
0 49
0 2
2 7616 5394
0 30
0 79
1 2255
0 56
0 89
3 6521 5768 7387
2 3923 6381
1 2033
0 98
0 79
0 97
1 7105
0 99
0 38
1 6639
3 9535 9396 1279
0 3
0 58
2 3817 9357
0 48
0 31
0 96
4 9820 106 9936 7658
1 6974
0 6
0 65
2 3891 2649
0 96
3 1400 2384 2775
1 4459
0 45
0 49
1 8698
0 10
2 663 4626
0 55
0 85
3 310 4836 6404
0 24
0 56
1 6163
1 5915
1 926
0 64
0 18
1 9297
3 9539 3005 6886
0 14
1 2060
0 100
2 9116 4610
1 1380
1 8506
0 39
0 13
0 85
2 4491 6472
0 44
1 1411
0 29
0 10
3 9333 7710 9043
0 13
0 47
1 5144
0 62
1 5637
0 62
1 8616
1 6610
1 6337
3 2897 1555 7040
1 4567
0 57
0 55
0 73
0 7
3 3436 4675 2295
2 3593 6076
2 1964 5833
1 9054
2 5156 6854
11 7026 1921 5217 1349 9314 5358 5067 2888 8569 5673 6814
1 3482
1 6931
3 3505 9702 2187
0 31
0 7
2 760 1961
3 7112 7598 9597
0 54
0 85
0 96
3 8467 9468 2179
2 7186 79
4 6604 1205 81 8828
1 5053
1 2769
1 3025
0 64
1 7928
1 1661
3 9571 8497 5763
0 23
1 2770
0 46
0 65
1 1094
2 9542 3235
0 98
0 36
1 7637
1 3131
0 84
5 5461 8214 4590 7943 9560
0 80
7 6398 1395 3130 9845 830 1570 9987
0 9
0 28
1 9190
0 91
0 43
1 6713
0 56
1 4865
0 21
1 4640
1 2419
0 13
1 1623
2 379 8003
0 52
3 925 9072 7812
3 3700 8205 3696
0 1
1 2957
3 1261 268 8564
1 3011
1 4866
0 90
1 6267
0 90
1 7332
0 57
1 698
2 946 3858
0 56
1 4919
0 84
0 93
1 3770
1 7874
1 1665
0 60
0 100
1 6079
1 3076
1 3085
3 6772 9057 7535
1 5670
1 8373
0 51
0 81
1 4335
0 85
2 5410 6955
0 73
0 51
0 39
0 92
0 47
4 3893 8677 3189 3253
1 573
0 53
3 1572 1178 3179
0 84
0 40
0 24
4 8276 1638 5147 6411
0 47
0 81
1 2628
0 83
1 645
3 6802 4112 4760
1 8076
1 1988
0 58
3 587 7170 9528
1 6988
4 9322 5548 5187 6252
0 77
0 48
1 7933
1 1083
0 78
0 77
0 83
5 3551 1620 2967 8425 3933
1 9213
0 84
0 58
1 4212
2 2404 4581
0 89
0 81
0 70
0 14
0 88
2 2175 6310
1 7057
0 77
3 4846 9566 7935
0 75
1 9590
0 2
3 1135 2944 4534
1 8408
1 2291
0 61
0 86
1 3677
0 92
2 7030 988
2 3571 1414
1 671
0 33
2 2968 2202
1 5907
2 737 1151
0 50
2 1510 2679
3 219 19 9383
1 2645
0 68
0 86
0 21
1 6131
6 3798 7008 5252 8890 6253 1440
0 1
2 8024 6109
0 69
1 8697
0 6
0 43
1 3262
0 30
0 74
1 7429
1 5609
0 3
3 4300 16 2685
0 93
6 385 5211 9259 7345 6699 3622
6 2583 7120 4292 5476 235 3187
0 1
0 49
2 513 1612
1 7957
0 16
0 93
1 7519
0 42
1 9151
2 828 1020
3 9103 7197 2483
1 4874
2 3885 7609
0 22
1 4161
3 6187 7417 9787
3 9577 1738 6461
0 94
2 2267 4615
4 3413 8001 869 1818
1 8402
4 7793 4375 1123 6594
0 37
0 67
0 5
1 5514
0 74
2 6041 9290
2 4779 3752
0 80
0 94
0 34
0 88
0 5
0 35
1 6127
0 35
2 4022 4484
2 1140 9024
3 7906 2802 2154
0 53
3 7741 8529 3139
5 5085 4252 7751 9792 6834
0 95
0 67
0 48
2 3808 4824
0 88
1 1490
0 23
2 5441 1526
0 42
3 8166 8225 980
1 7575
0 24
2 3375 6810
0 38
0 64
3 4677 6050 207
1 2037
1 3042
4 1190 6998 5136 7435
2 9114 1495
3 794 7410 1899
1 1628
0 15
3 3889 8016 5686
0 24
0 26
3 1835 7211 4440
0 61
0 17
5 6032 6491 4363 4799 4481
1 3078
3 2598 5755 1631
0 63
0 6
0 43
6 3033 835 916 8598 5764 9767
0 52
0 27
0 84
2 477 2208
0 5
0 52
0 43
1 1729
2 8245 6875
0 43
3 1602 4074 7314
3 1116 108 8632
1 4291
2 9026 6816
0 80
0 84
0 70
1 3115
0 25
2 84 7680
3 3223 2784 506
0 36
0 70
1 6702
0 32
4 9898 3425 1637 7560
0 92
0 49
2 4110 1753
0 86
0 67
0 72
3 730 5467 7538
0 59
0 4
1 1340
0 100
1 8324
0 46
0 35
1 1529
0 25
2 5391 2056
1 1203
0 71
0 18
2 9499 5137
0 100
1 5534
1 8795
3 9131 7515 7941
0 96
2 1023 1335
0 69
2 1070 5038
1 3861
0 8
1 4609
2 2705 6956
0 78
0 36
0 85
1 3509
4 1903 5776 3192 9464
2 1809 9432
0 19
0 61
0 68
0 21
0 96
0 19
0 52
0 94
2 837 6789
0 29
1 6651
1 1453
2 1468 179
1 3744
1 5193
0 60
0 8
0 30
0 24
1 5409
2 4037 6548
1 5510
0 45
0 80
0 57
1 563
1 8244
2 9270 3743
1 1044
0 94
0 53
3 1329 7312 6037
2 4297 5879
1 2809
1 5690
0 64
0 58
1 173
0 18
0 4
5 3600 4620 5307 3132 4285
0 7
0 45
0 51
0 35
0 35
1 4035
5 1545 3894 9356 6475 2739
6 7792 3544 6458 6777 7760 5257
9 7021 8143 5816 7448 470 1756 967 5222 5446
0 33
1 5722
1 863
0 6
1 3026
0 84
0 34
0 87
0 30
0 65
3 8800 941 1878
1 1968
1 1478
0 24
0 67
0 58
1 49
0 86
2 3732 5485
3 7199 690 7067
0 91
0 19
0 64
1 4796
3 8114 9141 2666
1 478
0 28
1 5778
1 6554
0 85
1 9503
0 29
4 6269 6021 883 2719
0 89
1 2659
0 6
0 25
3 6085 9956 6754
0 54
0 33
0 78
0 18
2 9110 5312
3 7227 9317 5828
1 1230
0 5
1 1251
1 4811
0 30
0 97
0 70
2 9689 4761
1 5123
1 4671
0 27
0 39
0 85
0 17
0 65
2 4221 5704
0 77
1 6496
1 7246
4 4550 7473 3947 4777
1 8866
0 83
0 38
0 42
2 8900 1945
1 3001
1 8113
2 2103 9814
0 91
0 77
3 2115 9240 4502
0 93
4 4031 6766 7630 9971
0 7
1 8781
4 2201 9665 3057 6807
0 30
0 12
1 1980
2 6615 1793
0 32
1 5759
0 37
1 9038
2 4163 8591
1 421
1 7466
1 3217
3 1254 8727 9496
2 407 6944
2 4587 4339
0 76
1 271
1 854
1 5492
0 17
0 79
0 64
0 69
0 1
4 9204 4463 9808 6422
0 79
4 7663 6226 1466 7539
0 10
2 8717 1050
2 3962 6694
0 2
0 28
0 93
0 79
0 25
2 6415 7241
0 34
2 4174 3468
0 91
1 862
0 37
0 70
2 525 5233
1 4786
1 2857
0 82
0 61
0 79
0 83
0 81
0 40
0 3
0 21
1 2940
0 59
0 87
0 23
0 79
0 53
5 6753 8758 3385 1200 9521
0 92
0 94
0 39
0 51
1 7095
3 8296 6897 5077
0 75
1 1879
1 9486
0 39
0 3
0 89
1 4189
0 76
1 1742
1 5723
1 5181
0 56
2 8346 4393
0 66
0 55
0 62
1 4645
0 91
0 66
4 3015 3516 2100 4114
2 1768 9703
0 36
0 48
0 82
0 39
0 2
0 39
0 42
0 26
0 27
0 73
0 55
0 48
0 58
0 38
1 4992
0 32
3 3723 3016 5496
2 8594 6499
0 21
1 8144
0 52
0 20
1 8829
2 1060 8554
0 99
3 8275 3748 6150
0 24
0 77
0 45
0 81
0 97
1 4507
1 5867
0 1
0 23
0 78
0 87
0 52
1 1984
0 89
0 19
1 9168
7 3370 4859 2853 4972 7786 9097 620
0 29
1 2683
2 3987 1232
0 88
0 63
1 7989
0 77
2 5523 2117
0 73
2 6937 9034
1 3362
1 3905
0 43
4 9835 3438 4424 1953
2 2764 7015
2 5936 9955
0 40
1 3934
6 367 7588 3200 4069 628 15
0 92
2 3584 5459
2 365 5826
1 4975
2 3324 5948
0 47
1 1814
0 20
0 62
0 40
3 1539 4245 7237
0 27
0 90
1 1408
6 9866 8796 6466 3193 1689 5720
2 8934 7281
1 1520
0 62
2 4770 2269
4 4535 824 9431 7487
3 4951 8095 9807
0 12
2 3722 7954
0 98
0 64
0 96
2 2354 5745
1 9149
6 7292 1708 9154 7439 3449 3271
0 54
0 98
0 6
0 34
0 10
0 31
0 64
0 59
1 9479
1 1344
0 64
1 7041
0 9
3 2745 5620 9929
0 56
0 3
0 34
1 1815
2 2855 3738
1 8332
0 49
0 64
3 7605 5057 2636
1 4030
1 545
1 9104
3 7212 6535 3273
2 5788 6821
0 51
3 6281 8029 1192
0 56
2 8810 2224
1 5232
0 92
0 67
1 2434
1 7581
1 33
0 49
0 33
0 48
2 1736 6214
2 8937 1559
0 68
1 5272
0 3
0 61
0 43
0 22
3 5581 6339 6775
0 28
0 34
0 26
1 7615
1 6133
9 1318 7058 2676 4520 9717 1624 6693 529 2721
3 1369 9123 1243
2 2602 1568
1 6799
1 3116
2 9698 554
2 892 5432
0 62
0 72
1 7402
4 9553 5679 4901 2777
1 8050
3 7385 4417 3555
3 9485 7536 9533
0 12
7 1885 5074 898 9800 4111 7848 6024
0 68
1 5488
1 3961
2 9684 1854
0 16
1 9892
0 88
5 6007 5611 4493 2330 6596
1 3113
0 16
11 9033 8496 6497 9216 2946 6764 2858 485 3342 2418 4844
1 2166
0 100
0 60
0 14
0 99
1 5813
0 48
0 100
0 65
0 47
4 7633 7088 3411 9656
0 22
1 9451
6 9903 4441 6165 964 2339 9939
4 7612 3605 3997 3046
0 23
1 6220
1 2976
3 5239 4696 3959
1 1743
0 44
2 6607 9632
0 63
3 8885 8434 5615
0 70
2 2420 8382
0 10
0 55
0 97
0 79
0 78
5 2890 8182 5175 9292 7061
0 17
0 77
3 2112 9699 9783
1 7201
5 430 4152 9241 1235 3290
1 4224
0 66
1 1112
1 120
0 46
3 994 8809 3180
1 6463
0 99
1 7210
0 50
0 74
0 11
0 81
1 3281
2 6123 8420
2 7618 7294
1 5099
1 7865
1 8572
0 90
0 46
0 21
0 81
3 6553 8779 7801
3 8872 6174 6104
1 2068
1 1860
0 18
0 92
0 63
0 85
0 61
4 3231 4742 7176 5693
1 349
1 3474
0 20
1 7235
0 13
0 28
2 8054 2238
1 7459
1 9524
0 40
0 69
0 21
0 2
0 48
3 5411 1643 6348
1 2548
2 8134 2761
0 49
0 9
0 83
0 13
0 46
1 3801
0 12
2 5934 3548
1 1415
14 2971 9509 4029 2760 417 751 8107 3032 5676 6887 8553 3706 5587 3134
0 28
3 4680 3774 10000
0 59
0 25
3 3285 771 3737
0 28
3 4831 2317 519
4 4284 7940 2366 4549
0 4
1 1374
0 25
1 6239
0 3
1 9555
1 4444
1 5718
1 8621
1 2854
1 692
0 75
0 89
0 25
5 7831 9794 2349 9321 4474
2 8589 1463
0 36
0 3
1 5882
0 63
0 9
0 1
0 76
1 6920
0 35
0 26
0 56
0 6
0 54
0 52
2 1285 8052
1 234
0 58
0 72
0 95
2 3039 718
0 80
0 39
0 27
4 7000 4109 9979 5457
1 9795
0 16
0 18
0 10
0 4
0 83
1 2701
2 2023 9090
1 5107
0 64
1 229
0 42
1 6130
0 42
0 100
3 7682 3553 4819
0 72
0 32
2 2826 3087
0 84
2 1868 6715
0 10
0 75
0 82
0 85
0 34
2 1093 308
0 25
3 3539 5922 2731
0 74
1 7308
0 95
1 2293
4 9654 7108 8668 8856
0 77
2 3450 3867
0 41
0 32
1 4687
0 25
2 2396 9255
2 4142 6649
0 26
0 70
1 4192
3 9249 3049 8286
0 46
1 98
0 74
0 50
2 4875 7153
1 9378
0 79
1 4457
5 5504 2677 2028 6747 2782
0 20
2 8631 1323
0 12
1 9082
0 46
2 2076 7388
0 3
0 28
0 83
2 8022 2871
0 95
0 61
0 27
8 8447 309 648 6250 5417 908 7425 6582
0 91
1 7785
0 25
3 5831 4060 3172
0 18
1 4384
4 6436 5811 9592 4038
0 43
1 5647
1 3616
0 33
0 96
1 3007
2 8101 2248
2 2694 3467
1 9494
0 55
1 5687
0 42
0 37
0 48
2 7887 5301
2 1241 7315
1 8624
0 35
0 92
1 8226
1 5160
0 86
0 32
3 5850 8927 6968
0 82
7 4336 3480 6233 7267 182 6909 8868
0 64
0 12
0 71
0 71
0 54
0 57
0 82
2 9119 1066
1 5277
3 4229 8247 934
0 92
0 91
0 5
1 72
0 45
3 9035 2690 9775
2 3258 6149
1 7694
3 2945 7649 5769
1 2514
0 83
1 8711
1 1832
1 4900
1 2882
0 80
0 87
1 6084
0 28
0 78
0 18
2 8390 4606
2 4643 957
1 3378
0 1
1 4264
2 618 2768
0 58
0 56
0 30
0 92
0 7
0 55
0 71
3 6935 9405 4427
1 1627
3 5177 2478 8792
0 53
2 1805 7107
0 60
1 3986
2 2381 4058
0 1
1 8045
1 7882
1 2915
0 46
2 38 7330
0 79
0 87
0 71
0 62
0 39
0 24
0 75
1 1208
0 38
0 61
0 18
3 5984 1422 2491
1 35
2 1730 8061
0 52
1 963
0 39
1 5367
0 9
0 7
0 69
0 61
1 1679
0 28
0 42
0 83
1 7390
2 622 58
1 8125
1 5959
0 24
5 4194 2450 6184 5218 951
1 1439
1 6351
1 5743
0 50
0 57
1 5760
0 88
1 7551
0 31
1 9124
0 2
1 4894
0 48
0 32
5 1138 9088 5328 5165 1881
0 80
0 65
0 32
1 1883
0 81
2 216 4529
0 3
0 81
0 81
1 1956
0 99
0 81
3 1581 4156 8401
1 4433
3 4203 8230 7458
3 2672 8265 9078
1 6467
3 9318 9372 6022
1 7085
0 44
2 1489 6861
0 10
3 2020 41 4913
2 2711 4940
1 4331
0 34
0 71
2 4102 9871
3 4591 2390 5913
0 67
1 7647
0 62
0 15
0 53
4 1353 4903 6483 2167
0 7
0 60
1 9759
1 9790
0 1
0 22
1 7721
1 582
0 96
0 92
1 23
1 3887
0 94
2 6278 9105
1 4144
1 4351
1 2838
0 56
0 57
2 9016 5849
5 8292 7851 5385 6181 6221
0 87
2 2730 1059
6 7397 7762 1363 9988 6739 7646
1 1700
2 9565 4222
0 63
0 64
0 76
1 8818
0 11
2 4803 153
1 3533
2 5322 6030
0 37
0 56
0 24
0 4
1 4150
4 7361 6929 611 3305
0 5
1 6329
0 75
1 7585
0 100
5 3716 935 8617 7412 9570
1 4885
2 955 4345
4 2538 9138 9714 2193
0 23
0 20
0 17
1 2413
2 2273 8692
1 841
2 341 6687
0 44
0 40
0 76
1 3563
2 3272 1534
0 98
2 844 761
0 31
0 51
5 4065 1403 322 4489 3848
1 8457
0 15
0 53
4 4243 8834 5007 1370
1 9644
0 28
0 41
0 10
0 68
3 3684 3077 3659
0 1
1 449
0 95
0 90
3 9588 9224 1002
1 2456
2 5134 2441
0 8
0 12
1 943
2 9642 9890
0 9
1 7813
1 4954
0 83
1 3248
0 7
0 56
0 95
0 4
1 9155
1 8976
4 2096 1519 9567 5550
0 14
2 7293 6867
1 911
0 99
0 48
2 7165 8673
0 92
1 6186
1 507
0 81
0 86
8 5557 8894 4638 7611 1895 2065 2452 6176
0 43
1 2435
0 85
0 25
0 55
2 5796 336
0 83
0 93
0 83
1 7735
2 7444 2830
2 3226 9020
0 98
0 13
0 52
1 4739
0 73
0 91
0 60
1 4985
2 7643 4748
0 78
0 69
3 8634 2357 8852
5 8019 5484 1601 6018 1889
0 49
0 82
0 55
0 80
0 45
1 7692
2 4077 117
2 4547 7440
0 79
0 7
1 3266
0 59
1 2004
0 63
0 28
0 38
0 58
0 53
2 2039 7256
3 4869 8145 94
1 8173
0 88
0 42
0 78
0 91
1 3418
0 68
1 7174
0 60
1 1822
4 412 4741 3035 7449
1 5422
0 79
0 37
6 8478 5369 6114 9854 2566 2195
0 25
0 24
2 9839 6134
2 7684 2577
1 7386
1 7850
0 76
1 4034
0 18
1 7136
0 74
0 21
2 2537 6605
0 94
0 45
1 4442
1 656
0 60
0 10
0 92
1 9129
0 57
0 27
0 10
2 7545 2881
1 6103
0 48
2 4971 4154
2 979 8817
0 69
1 442
0 75
0 100
1 3832
2 4149 3287
0 32
0 84
0 84
2 7980 4758
0 12
4 6442 7358 2242 3649
5 7829 3089 7743 9909 3820
2 1049 4130
0 43
2 7963 8011
3 4247 9507 5011
1 6048
1 7942
1 7736
0 28
1 1343
0 31
0 7
0 41
3 1998 4206 4040
0 99
0 76
1 8833
0 28
0 57
5 3768 7911 9423 5050 2700
1 4327
0 3
0 7
0 41
0 80
0 72
0 63
1 6943
1 9004
2 261 1548
1 291
0 53
1 3299
0 8
1 6190
2 2101 6443
0 32
0 13
0 87
5 920 2722 2048 6601 7228
0 55
0 91
0 48
2 7576 5872
0 3
1 8511
0 85
0 15
1 3573
0 12
1 516
1 362
0 73
0 38
1 7983
2 7496 7128
3 8684 4596 930
0 57
0 27
0 63
0 57
1 4644
0 22
0 61
0 96
1 4667
0 56
0 29
0 79
0 50
0 40
1 7695
3 3443 8283 552
0 87
1 616
1 7676
0 5
0 92
0 30
0 28
1 1947
0 65
0 7
0 63
0 23
4 8015 5127 9196 2283
1 2808
0 24
2 4273 1464
0 21
0 98
1 3440
0 41
2 2947 3618
0 81
0 98
0 15
1 1851
1 3667
5 2571 8568 9348 6706 5618
0 94
0 2
0 79
0 27
1 1191
0 68
1 521
0 90
0 66
0 72
2 8995 503
0 74
0 13
5 8628 3386 6505 439 596
2 6832 2113
1 8335
1 539
0 75
0 9
0 73
0 1
1 556
0 24
0 28
0 9
0 6
0 45
1 1649
0 83
3 2978 8908 4167
1 6942
0 99
1 9605
1 4177
0 87
2 7167 8815
0 80
0 1
0 34
0 31
4 3456 3365 1294 3949
0 88
0 31
4 391 6899 5431 74
0 17
1 9647
0 37
3 5064 8583 6066
2 4155 9523
4 1437 1134 5780 2304
0 79
4 1165 5279 324 368
1 1479
0 12
1 1826
0 56
1 8287
0 21
0 59
4 122 2594 7255 9829
1 7074
0 96
1 4478
0 41
0 68
0 50
0 35
1 5097
0 26
0 86
5 8518 6454 3233 3766 9189
1 6062
0 5
1 8941
4 8487 1029 9733 7407
0 22
0 48
0 37
0 83
6 6051 4028 9386 6155 4147 51
1 2299
4 9682 3875 6817 5521
0 90
0 44
0 58
1 8354
5 5772 5379 1391 6406 1852
4 3237 4936 3957 4434
1 7006
0 46
0 48
2 6245 1933
6 1475 1365 6488 3530 329 769
0 100
1 8549
0 47
1 1421
1 533
2 2011 5659
0 23
0 57
6 7427 504 8379 4360 4020 9036
2 3762 3439
0 73
0 1
2 3244 6984
2 8608 83
2 2925 1258
0 37
3 2405 1461 9027
1 2093
1 4833
0 18
0 12
0 25
0 60
0 36
0 52
0 45
0 84
0 100
0 31
0 13
0 67
0 81
0 82
0 24
1 2846
1 7714
1 833
2 836 3072
0 12
3 8605 8018 5738
0 11
2 8109 1597
1 3344
1 4398
0 96
1 5380
1 9277
0 23
1 8308
0 13
1 4750
4 3524 4860 553 6871
0 48
1 5117
2 4467 5980
3 2309 8306 996
1 5505
0 58
0 65
5 5526 7104 6731 7763 574
2 1589 4763
0 26
1 7301
0 66
0 65
0 83
0 65
0 29
1 5710
0 18
0 71
1 2634
0 84
3 1451 9148 509
3 1915 7037 2121
1 9612
3 4657 5887 4009
0 21
0 60
1 9199
0 91
3 7373 6960 772
5 8723 857 9516 1800 4246
0 47
0 5
2 1169 8202
1 3086
1 7465
0 83
1 5401
0 41
0 74
0 89
1 7239
0 98
1 1373
1 7715
3 9428 5876 4878
0 32
3 9568 5377 2186
1 9715
0 16
0 72
2 9299 6362
0 9
5 1330 661 3106 5034 1516
0 66
2 2164 4639
0 90
0 90
0 31
3 2572 853 3417
0 50
0 84
0 50
2 9675 5859
1 6478
0 6
0 43
1 6437
0 86
3 2563 936 6992
0 10
0 23
2 8861 5854
0 38
0 89
1 5130
3 1259 5016 7340
2 7337 6794
0 96
1 1103
1 2411
1 118
2 9801 6447
3 2002 609 4511
0 28
0 77
1 7510
0 71
0 67
0 4
2 2614 2432
6 7948 8451 2843 2227 776 9226
1 2221
6 1713 537 560 5202 5848 7622
2 5871 6476
0 41
0 52
2 7607 3017
5 4004 9872 6330 3897 7260
1 3184
0 57
1 8433
0 100
0 88
0 11
0 26
1 4066
1 6574
0 22
0 9
0 51
0 5
0 81
1 4674
0 32
0 88
8 632 3917 3160 6 7180 9094 2391 5508
0 66
0 57
0 49
1 8741
0 100
1 1967
2 239 4909
0 64
1 1476
2 6922 9589
0 53
3 6581 9416 7366
0 81
1 4616
2 2012 2943
0 66
1 3261
0 88
3 8747 5168 8322
0 11
0 40
1 7600
0 75
0 88
0 91
0 8
0 70
1 1
0 39
0 1
1 5234
1 4943
0 78
3 2062 2543 6388
1 6188
0 40
0 55
0 25
0 39
5 858 940 4462 9834 7511
0 57
2 6172 3242
0 92
0 95
1 2608
0 96
2 3408 5280
0 12
0 9
2 6424 7166
0 89
0 33
0 19
0 98
0 40
0 85
2 2427 8138
3 3654 1521 739
0 21
2 8094 2684
2 2051 3497
0 68
2 7913 5978
1 1642
0 90
0 24
2 664 8783
1 3864
0 6
0 15
3 6712 6682 2810
3 5055 4228 2827
0 81
0 15
1 1141
1 3910
0 77
2 1420 5219
0 84
3 4945 4921 4695
2 2052 6528
0 81
1 8336
4 7923 8017 7098 8297
0 4
0 41
0 11
0 41
1 8867
2 8749 1913
2 9900 5598
0 50
0 87
0 18
1 2599
0 15
0 10
2 5000 1360
0 52
0 50
3 3989 453 7376
0 53
3 9398 8193 8938
2 1875 5382
4 1718 3389 8637 6803
0 20
0 11
2 4492 5684
0 56
0 72
0 52
3 9436 8543 3630
2 7379 2159
0 54
0 2
4 8442 1045 7497 2506
0 88
0 39
2 8998 7164
0 3
0 18
0 61
0 50
0 19
1 7132
1 7276
0 93
0 5
0 49
0 84
3 3903 8942 6128
2 1925 4179
0 44
1 206
0 17
0 6
0 27
4 3158 5324 8498 3626
0 37
1 7433
0 24
1 2007
1 7985
2 5623 9735
0 61
3 60 4718 2473
1 9709
0 62
0 67
0 79
3 5815 4614 9558
6 5363 4538 6667 3559 3767 579
1 5320
1 6132
0 31
2 2458 4275
0 80
0 53
0 21
4 9645 7029 2859 1840
10 8025 9260 8307 456 2590 9382 8862 9186 3692 5443
1 5732
4 3963 8983 2194 7767
1 8178
0 89
1 586
0 37
0 61
0 8
0 83
2 7396 5942
0 95
1 6918
0 81
1 447
0 59
0 79
0 90
2 5507 3107
0 3
0 74
0 2
3 7746 4232 2013
1 6997
0 38
5 5094 4248 9307 7771 2525
1 5378
0 61
0 89
0 75
3 7020 8694 7856
0 29
0 65
2 2351 8541
0 92
2 9332 6592
0 93
0 60
1 6551
0 14
0 28
0 6
2 2146 638
0 4
0 64
1 6507
1 2986
3 2416 8463 6271
0 95
1 2704
2 7811 6579
2 6509 8103
1 5283
0 29
2 8892 7382
0 81
5 2611 7321 540 4166 5689
0 27
0 89
0 71
1 8586
0 74
0 77
0 82
1 3348
0 39
0 73
0 97
0 91
1 9923
1 8610
1 684
1 528
2 1299 2831
0 54
5 7722 5626 8514 3747 6025
5 9858 9338 6357 8385 9456
0 16
2 3014 5569
1 6480
0 50
0 41
1 4857
0 59
0 60
2 7097 4402
4 3361 6015 6489 6769
1 2127
2 2966 3455
0 94
2 432 2933
0 67
0 40
0 29
1 2288
0 40
1 4445
2 8012 1015
3 4274 7656 3249
2 210 3504
0 24
0 67
2 2887 9825
3 4559 9914 8999
0 33
0 36
0 88
0 91
0 87
2 5701 8745
0 82
0 67
2 1609 301
0 19
0 64
0 76
2 5914 5562
0 32
0 3
3 7207 1593 252
0 66
4 6057 7733 7520 288
1 7991
1 9615
0 9
1 1989
0 1
1 2486
0 7
0 36
0 30
0 89
1 7944
0 88
3 2385 4124 7350
0 5
0 35
0 30
2 6301 1316
0 81
1 6648
0 48
0 42
1 950
0 49
1 233
2 4708 3578
2 5781 4508
1 9440
0 37
4 6740 9291 5270 8224
2 7534 7514
0 25
3 3475 3978 5636
0 16
1 8403
4 1936 8207 676 5388
0 39
0 47
0 20
1 4969
1 441
3 5853 3319 2344
0 51
5 3673 6352 8490 1900 7069
0 66
0 66
0 89
0 11
0 35
0 62
2 3508 9202
0 28
1 5783
1 3780
3 3394 8659 6525
4 2615 8005 8199 7399
0 31
0 13
2 2541 7709
0 61
2 7877 12
1 4301
2 9182 9931
3 6333 5180 7394
0 33
0 84
0 26
0 83
1 263
2 6280 9721
2 4281 8718
1 6255
1 8437
0 42
8 7702 6119 819 5641 7970 1265 6851 9429
1 2581
1 3487
0 82
3 7277 5817 4956
4 4085 4311 1948 6632
0 45
1 6331
0 65
0 44
2 6222 4713
1 1660
0 10
1 199
1 3142
0 85
0 61
3 1006 7997 6054
1 1554
1 6102
3 1381 852 3498
2 2063 7274
3 2844 7875 9433
1 7591
0 19
1 2840
2 5173 2275
0 47
0 5
0 23
2 2184 9631
0 24
0 60
2 9933 5052
1 2828
0 9
1 4217
0 79
0 43
0 94
0 22
0 91
0 13
0 7
1 2501
2 3702 1659
2 6416 561
2 1522 3483
2 2629 1269
1 7045
0 89
0 6
1 5614
1 5470
0 6
0 98
0 51
2 4366 4672
0 55
4 4858 8031 56 7685
1 3059
0 81
2 6016 111
0 43
1 5329
0 32
0 91
0 92
1 9275
2 8754 6859
0 95
0 82
0 12
6 9281 6004 6141 1726 9364 1498
0 60
0 7
0 54
3 4800 9761 7266
0 75
0 96
1 4634
4 1220 6121 7884 9982
4 3293 9502 2094 900
0 8
2 2932 8035
0 42
0 100
0 13
1 8515
1 1167
2 997 4571
0 64
0 20
2 8739 7129
0 19
0 63
6 7713 7208 8396 4987 6617 6452
2 6934 3190
2 2204 7400
3 9193 3950 938
0 61
0 86
0 57
0 52
0 27
0 54
0 2
0 31
1 1406
1 4946
1 6626
0 61
1 7443
1 7278
0 74
0 68
0 84
1 6645
1 6384
1 242
1 2246
0 63
0 87
0 94
0 61
0 18
2 75 894
0 80
0 60
0 84
0 51
0 96
0 6
0 37
1 7482
0 98
3 9621 7805 2789
0 34
0 32
2 9804 164
0 61
3 4404 9618 1784
2 7284 7355
5 2042 5724 186 6796 975
0 17
0 59
1 2801
1 6806
0 16
0 44
0 15
0 8
2 2257 6868
0 68
1 1987
3 891 8169 3429
1 2263
1 6117
0 22
0 21
3 4851 1290 5782
0 29
3 2465 8959 2999
0 90
1 2642
0 20
0 54
1 6620
1 5592
2 2236 6543
0 30
1 9574
5 6175 3756 2334 2476 2655
1 1175
0 37
0 8
1 1488
0 17
1 2098
0 29
3 8274 9861 8086
0 45
0 33
2 7543 5889
0 86
2 3186 986
0 78
2 738 7903
1 6453
0 8
0 42
0 10
2 8787 8860
0 66
0 42
1 2662
0 30
0 95
6 8445 5368 4326 1547 7302 8841
0 93
0 77
0 76
1 960
0 75
5 7047 8575 2237 3092 915
0 50
0 42
0 45
3 1565 5933 32
0 21
3 6621 1469 5153
0 88
0 51
2 5037 6344
0 84
0 37
0 17
0 10
0 79
4 7306 3441 8690 7217
6 8196 9222 1253 4453 7172 3751
0 13
0 87
5 8435 3660 6471 1907 4115
3 1886 4306 9064
4 3833 7038 775 5220
0 40
4 6723 773 7670 2824
1 7505
0 95
2 4829 7209
0 28
1 4333
0 78
0 98
0 70
1 4235
2 1392 4510
0 38
0 70
2 8459 386
0 47
0 34
0 2
4 6704 6609 6558 7035
3 6552 334 867
0 98
4 8618 3426 2712 355
1 7457
0 60
1 8056
1 1552
0 31
4 9049 2122 8249 6338
0 67
3 9243 8421 6580
0 5
0 15
1 8067
0 98
0 72
1 9171
0 21
1 7894
0 11
1 2860
2 2517 4437
4 6526 2118 8845 5975
0 73
1 1941
0 17
0 50
2 1653 6774
0 94
2 4955 7755
3 1032 9849 721
0 73
2 5317 8367
0 82
0 50
0 8
2 3397 148
3 2443 4466 4881
3 5194 4451 2306
1 6389
1 8544
1 319
5 3823 2378 8771 3093 7590
2 1386 4723
0 12
2 2074 5691
0 78
2 2403 1626
0 70
0 38
0 22
0 9
3 2424 9780 5842
0 66
2 4872 3675
0 4
0 82
4 9821 1740 3295 3082
0 4
0 73
1 5240
0 56
0 53
2 1863 3540
0 22
0 59
2 8154 8279
0 84
0 59
0 5
5 4780 5643 8778 5925 3881
3 6927 1473 2230
1 9358
3 9869 3340 3689
1 3138
2 9938 6274
0 3
1 5660
0 86
0 63
1 4412
0 74
0 64
2 8837 9719
2 9634 8060
0 100
0 14
3 9817 7374 2075
0 52
3 3901 3494 7976
3 1186 1757 1566
0 60
0 75
0 4
2 6059 1055
2 8662 4091
1 2482
1 4724
0 45
1 6862
0 12
1 2560
1 4544
1 4791
1 5525
0 61
0 42
1 9354
2 7690 9538
0 90
1 5178
0 63
0 20
2 198 9725
4 5583 1536 9846 1544
0 83
1 4953
1 1546
1 577
0 55
2 8910 947
1 3471
2 6343 1590
0 44
0 97
0 81
1 6445
0 68
0 54
1 7428
0 44
0 19
4 9280 6982 8032 5671
4 3568 650 3024 2196
1 2896
1 1648
0 48
3 860 1782 888
0 81
0 36
0 60
0 76
0 28
3 6169 2886 3419
0 85
0 78
1 6118
0 9
0 33
0 32
1 9927
1 8957
0 41
0 37
2 2059 3577
0 18
1 567
0 6
3 7106 8799 6455
2 8151 446
12 9206 392 3096 1798 4318 7078 9637 526 116 1231 7044 8128
0 8
0 33
0 7
0 24
2 4475 2168
0 77
1 879
1 7506
0 47
0 4
0 63
0 2
1 8968
4 8047 6971 9908 2467
0 17
3 7299 6014 6494
0 78
0 12
3 1744 1829 8002
1 2036
6 282 4768 8528 2545 6283 4131
0 43
1 4961
1 897
0 33
0 92
1 361
0 11
3 1629 890 3681
0 68
0 92
1 451
2 9772 6383
1 3714
3 184 1902 2582
0 9
2 7803 9902
0 24
0 72
5 9296 3391 9997 1018 1036
2 1410 7318
0 73
0 93
0 78
2 1504 8592
1 2723
0 13
1 7181
4 4015 3232 7766 686
0 19
1 770
0 83
0 19
2 2429 2178
1 1181
0 66
2 4793 7381
0 50
1 4580
1 7679
1 9461
3 4543 26 9650
1 2851
0 71
0 75
0 23
2 5024 3510
0 89
0 100
1 1934
1 6873
1 8362
0 63
0 81
1 104
0 72
1 871
2 8804 9460
0 30
0 47
0 16
2 3286 8784
2 2454 5110
0 57
0 79
0 39
0 67
1 5540
0 90
0 44
4 3595 8990 4618 7478
0 37
3 7999 3750 2034
0 52
0 13
3 4566 5091 9266
0 61
1 9518
1 4949
0 84
0 96
1 2203
0 39
0 5
1 3964
0 1
0 53
1 5190
0 23
3 790 9943 3705
0 1
0 6
1 7075
0 46
0 72
2 8579 2375
0 3
0 4
1 9327
2 7838 8655
3 6941 3755 7880
0 44
0 89
5 5436 4612 4825 2979 9410
1 9723
2 418 2918
2 4700 9752
0 48
1 2689
0 30
1 9758
2 5433 8270
2 7617 3289
0 81
1 9639
1 6640
0 86
1 711
0 75
0 64
1 4098
3 4563 2490 3532
0 64
0 89
0 98
2 214 9181
2 9060 9415
0 93
0 73
0 58
0 19
1 1229
2 9022 9487
2 7416 5458
2 1277 9003
1 2561
3 6324 868 7711
2 2620 4195
6 8964 1089 247 2934 4930 9489
4 4560 4071 3580 2190
3 3214 9599 4928
0 19
2 6413 3095
0 79
2 4722 6598
4 4193 1600 277 3955
0 33
1 8174
2 9298 701
3 473 1972 3334
1 4044
0 94
2 4539 7929
0 19
0 44
1 2158
4 2998 2876 8609 4316
0 92
1 7563
2 2377 3166
0 60
0 78
3 8977 6263 4546
0 24
0 24
1 7222
1 5974
1 5711
0 79
3 7017 8859 7462
0 3
1 3993
0 94
0 12
5 3329 7824 231 5452 5474
0 54
0 54
0 21
0 99
4 7698 7004 3177 3596
0 64
1 4835
0 92
2 1166 7500
0 15
0 93
0 83
1 2128
2 3120 1266
2 2382 8264
0 80
0 70
0 68
0 34
0 61
0 47
2 2182 9360
1 1292
0 93
0 62
2 8201 699
2 1000 6865
0 80
0 53
1 8383
0 32
0 44
0 97
0 84
0 91
0 48
0 32
1 5440
0 48
7 4490 8954 7945 1168 3992 5366 8053
1 2638
3 2087 8066 9816
0 43
1 7225
0 66
3 3656 2200 1331
0 9
0 5
2 2091 7840
3 4959 3333 323
0 21
1 5900
2 5868 1541
1 5315
0 2
0 98
3 591 3981 6355
1 4970
0 32
0 48
0 12
1 9098
0 5
4 4143 6106 3965 2796
1 9174
1 4199
2 3472 7624
2 2993 5591
0 18
0 49
2 1635 4368
0 44
0 57
1 5274
2 217 4249
0 17
1 9949
0 63
0 65
1 5733
0 2
1 2917
0 39
0 24
0 96
0 59
1 2332
1 9005
2 7291 5558
0 20
0 80
1 6197
0 58
0 4
2 2140 3251
0 45
2 2565 5472
0 26
2 1663 3979
0 49
1 7295
2 2368 1833
1 7243
1 2969
1 6029
0 10
0 29
0 25
0 75
6 4288 9743 2047 5062 9745 2014
1 7778
0 87
0 59
6 8857 7922 5209 4450 480 6340
0 31
2 8098 6613
1 5985
0 84
0 57
3 6273 1690 6837
0 15
0 78
0 44
1 2092
1 8347
0 95
0 14
2 8534 224
1 8882
3 8277 3873 8116
1 8775
0 54
2 4099 3380
3 1949 1090 2822
3 6914 381 5246
1 5043
0 24
1 3403
0 80
0 87
1 110
0 14
0 75
0 13
0 56
1 4647
0 7
0 91
0 13
0 57
7 7269 2527 633 8 1436 2708 598
6 9989 3073 4711 7200 8978 3792
1 9472
1 6804
2 703 1114
2 5400 1530
0 92
1 1525
6 5531 3163 639 7279 8256 5171
1 6439
1 4812
0 71
1 3094
1 8305
0 74
0 92
0 4
3 4208 5254 43
0 7
0 43
0 1
0 73
0 39
4 5397 6948 610 9603
0 61
1 1735
0 63
1 1928
0 36
0 55
0 63
2 2016 7804
0 89
0 26
3 5020 7204 4353
5 8429 1026 1616 8311 3314
0 74
3 2410 2874 8636
2 1077 7119
1 6087
0 94
0 77
3 1513 6686 9112
1 3734
1 314
3 2847 4242 2741
1 4113
2 7739 3206
0 93
0 60
1 6336
0 91
1 1866
2 612 972
0 56
0 85
3 7091 658 5806
1 3999
0 49
0 31
0 36
0 55
0 84
1 1830
4 5713 3296 1677 3740
1 4090
0 67
0 84
0 27
0 28
0 88
4 4062 8444 316 662
0 8
0 35
0 6
0 83
0 73
2 500 154
2 249 3216
0 84
1 1888
0 47
0 61
0 16
0 31
6 3921 1324 1364 6047 2623 1239
1 5019
0 10
0 22
2 5116 8157
0 68
2 7173 5206
3 7310 3531 5715
0 37
0 23
0 85
3 378 9766 2369
6 3771 5360 126 7650 7673 9200
0 85
1 1109
1 2584
0 52
1 6589
0 63
1 4925
0 25
0 52
0 3
0 56
0 44
0 55
0 9
4 6211 7028 8820 9811
0 49
1 6975
0 24
0 90
0 22
1 6820
1 7619
0 68
1 333
2 2911 9258
1 4096
0 31
0 58
2 8110 8912
0 97
0 25
1 7693
1 7580
3 4555 4488 7529
0 67
4 716 1549 306 6658
0 49
0 46
2 8700 9162
5 8416 5894 1894 2605 5630
0 86
2 9853 7477
1 9757
2 2286 246
1 1910
0 98
1 7198
1 4515
1 9676
0 6
0 95
1 4200
0 75
0 17
0 75
0 87
0 56
2 2949 5678
0 4
1 3996
3 6257 9343 57
0 10
2 7152 6448
0 57
1 3804
0 39
0 34
0 41
0 97
2 4294 7879
0 41
0 8
4 8117 9640 5821 6417
0 41
0 28
3 8744 6156 2954
1 9815
0 11
2 4070 185
7 7100 6180 634 912 6368 9796 7915
0 43
1 9458
0 82
3 4313 5613 5830
1 1683
0 84
1 7391
1 3569
0 24
0 27
1 4486
0 9
0 91
0 49
2 6462 6584
3 6451 8607 4965
1 7507
0 44
0 18
2 5228 9602
0 60
0 46
1 7450
4 2785 2277 7635 1348
1 3708
4 4514 6672 1834 9930
2 6145 8466
2 9635 3522
1 9954
0 17
1 8947
1 8653
0 33
1 8671
4 5585 1501 8929 3549
2 4599 7836
2 2956 1396
3 4749 2985 5516
1 7327
0 20
0 39
1 4296
1 3778
0 90
0 13
0 94
1 7145
1 8239
1 7441
0 56
2 1857 3841
0 1
2 642 8078
5 5727 3935 8361 2318 2254
2 4684 6318
1 327
0 7
1 570
5 1591 8360 62 9696 5856
2 8819 9371
0 45
0 47
0 92
0 67
0 31
0 84
1 5590
1 3395
0 34
0 47
0 40
1 7288
3 1576 8189 1338
2 3239 8839
0 82
0 66
1 5578
1 7978
1 7998
0 27
0 76
1 5414
1 1939
1 6366
0 100
0 81
8 2716 6919 7541 9611 7234 9126 2678 3053
0 97
2 1944 9102
0 82
2 1442 1795
0 28
1 2727
0 27
1 6698
1 1864
4 4267 7853 7353 7049
1 2973
0 63
1 6835
0 11
0 26
0 1
0 96
2 5566 8930
0 23
1 8622
0 69
0 9
0 38
1 1372
0 67
2 6303 5773
0 3
0 46
0 47
2 9466 1965
2 488 614
0 50
0 88
0 19
0 40
0 82
2 6241 8374
1 7570
3 4008 2807 8763
0 47
0 94
0 76
0 35
1 1773
1 4733
3 3679 2540 2754
3 9403 5450 9812
2 4731 2661
0 12
1 8604
4 3303 4932 2198 1164
1 6791
0 86
0 41
2 5293 8203
0 40
0 3
1 3753
0 10
0 47
2 8693 471
1 9315
0 17
1 4210
2 1847 9334
0 99
0 37
2 4287 7175
0 13
0 97
0 11
4 805 2729 6201 6157
0 13
0 58
1 7689
0 41
0 69
0 54
0 96
3 4891 9593 2526
2 9305 1670
0 46
0 6
0 30
1 6527
0 6
1 4218
1 1413
1 581
0 1
0 14
6 337 8664 6027 3607 1747 8501
1 6231
1 6684
3 7959 9074 6793
1 4509
0 82
0 60
2 2279 253
0 12
0 97
0 75
0 62
1 2079
1 5289
0 87
0 7
0 28
0 10
0 24
1 7242
1 722
2 5938 5365
1 5536
0 56
2 4694 6853
1 5282
0 95
0 70
6 3560 2481 6963 387 636 4012
0 39
1 4460
1 6011
0 46
0 45
0 69
0 45
3 5616 3720 2588
0 30
2 2601 287
0 26
2 3621 7249
0 57
0 89
1 8046
2 1236 4519
1 9037
0 62
3 1305 5143 1658
1 8994
0 64
0 55
2 641 176
0 67
2 9823 7333
0 77
3 7993 2141 5427
0 40
0 100
0 6
4 8997 834 9311 8315
3 7322 5734 5028
0 96
1 1300
2 5477 4648
0 69
2 4282 5059
2 3731 8573
0 38
0 94
0 45
5 7582 4531 4834 3523 2215
1 527
0 8
0 79
0 19
1 3373
0 64
0 26
2 2710 3570
0 10
0 100
4 7596 1088 3642 5919
0 100
0 53
0 86
0 15
0 39
1 6490
2 8786 8657
3 2258 6115 7349
0 93
1 8181
0 14
3 3327 9512 8790
1 2778
1 4168
0 41
0 45
0 40
2 6818 2310
0 89
0 39
2 9402 6940
1 8889
0 92
1 2160
0 25
1 7220
1 4298
2 961 7677
0 87
0 60
0 55
0 22
2 312 5499
0 38
0 83
2 4215 9906
0 33
0 60
1 7861
0 11
1 5207
1 7731
0 2
1 5204
0 29
1 7701
6 2668 1390 5663 4494 1843 9083
1 8044
4 593 3174 4405 5801
2 2264 9754
2 5090 9046
0 92
6 6227 8363 5998 7659 5518 3463
0 34
2 468 7389
0 24
0 55
0 68
0 36
0 15
0 99
1 5635
0 42
0 70
1 727
0 14
4 3623 813 7155 4106
2 5517 1838
0 58
0 20
4 1051 3625 7371 9446
1 2669
0 25
2 2017 3144
4 3919 9924 7013 3640
6 3500 9342 817 7951 1100 8252
0 97
1 5018
0 35
1 3641
1 1725
6 5869 5737 2301 1837 3693 1940
2 999 3063
2 8944 4664
0 58
0 81
0 79
0 87
1 8090
1 420
1 839
3 1848 1234 8026
0 81
2 2494 9751
3 1260 6484 745
0 85
2 789 6396
0 46
2 7881 2579
1 6788
0 32
0 21
4 398 9261 134 810
1 1831
0 7
0 61
0 62
0 37
3 5655 1733 9283
1 5739
0 99
0 60
0 86
1 4827
1 4632
0 64
0 82
0 81
1 4263
0 70
1 2958
0 33
0 69
1 8179
0 67
2 6917 4577
0 80
2 4937 7566
1 9881
1 2032
1 6655
0 51
2 5341 4027
0 23
7 7054 8969 1877 759 4036 9387 2172
2 3888 403
1 5159
4 9048 8821 5957 9622
2 7043 1695
0 89
2 298 1812
0 18
0 6
0 77
0 52
0 37
1 4670
2 6786 1512
2 2253 8309
1 2174
0 42
0 65
0 3
0 46
0 97
1 3140
0 8
2 5650 7876
1 1154
2 4480 7895
5 8454 2505 1434 4572 8234
1 6967
1 11
1 7093
2 3985 3165
0 28
1 9976
0 42
0 48
0 16
0 19
3 2803 3311 7889
0 7
1 2613
5 2211 9115 5987 1405 1447
2 4589 114
0 70
1 3776
1 9705
1 2912
0 26
0 96
0 92
2 1527 9692
5 6083 2383 9716 1765 211
0 51
0 18
0 26
0 59
0 77
4 9549 6316 2165 2412
1 459
0 28
0 82
1 1457
0 56
0 79
1 8903
2 1662 1699
0 5
1 909
3 3794 9111 8074
0 10
0 46
0 47
0 14
0 58
1 3416
4 8020 8919 4349 9534
2 8936 3863
1 3843
0 53
0 83
1 953
0 60
1 4005
1 3332
0 13
1 8184
0 38
2 768 4170
0 6
0 37
0 27
1 3335
2 461 7413
0 2
4 9384 9726 4468 2414
2 4902 7636
0 38
2 965 3029
1 9873
0 39
1 8343
0 95
4 1880 6744 3052 584
1 1304
1 3914
0 100
3 9912 5311 4219
1 2735
0 21
1 4256
2 460 8259
3 1828 8057 3576
0 81
7 2038 555 5295 1226 6243 3225 802
0 85
0 75
3 8284 6619 976
4 750 2894 5102 7009
0 8
2 2474 2102
3 9707 8580 3680
0 10
0 100
1 5568
3 9139 5600 8748
0 51
2 6638 6300
0 24
0 93
5 9205 5981 4397 1780 1734
2 1418 2691
0 46
3 6092 2015 7742
0 10
3 1563 5148 5677
1 7262
0 40
0 36
0 1
0 52
0 21
0 29
0 27
1 7802
3 3371 8552 1719
3 5527 7089 1416
0 77
0 69
0 96
0 10
1 7141
2 2480 7359
0 21
0 63
1 2959
1 3420
2 7148 4926
0 78
0 36
3 9515 4798 5335
0 27
0 62
0 54
0 51
0 74
0 62
0 74
5 3956 6446 4573 4458 3733
5 90 5709 9164 8449 7084
1 300
1 3337
0 46
0 40
1 6849
0 21
4 9652 4487 2114 1004
1 1952
0 100
1 6657
1 6670
1 5167
1 2772
3 2104 2212 4767
0 81
0 73
0 37
1 1314
1 296
0 100
0 65
0 77
1 6068
0 95
0 64
0 99
1 8147
1 9911
1 9999
1 1618
3 7573 2027 3133
9 3360 5284 5952 4378 8350 1215 3575 3458 3556
0 62
0 17
3 4810 2005 7556
0 33
1 6973
2 5886 757
0 54
0 77
1 5661
0 34
0 65
0 37
2 7010 606
4 4411 9045 8072 7280
0 87
3 7523 5717 6823
1 3027
0 25
3 9837 4656 5006
4 1728 4862 8716 18
0 79
3 6028 931 691
3 3926 702 8512
0 63
1 7564
1 4895
0 76
1 5597
0 5
0 34
0 6
1 4773
0 8
4 5462 4108 7726 8945
3 6746 7347 9996
0 89
0 50
2 3173 1930
2 1754 9230
2 4101 7675
7 2970 3506 6023 5269 4917 4184 2743
2 8108 5870
1 3931
0 71
0 60
1 4551
0 98
1 1717
1 6688
0 21
0 19
1 7666
1 7854
5 5455 3383 4278 2751 2547
0 96
0 53
2 5971 594
0 36
0 70
0 76
0 80
1 9704
0 97
3 7248 7758 7103
0 69
0 51
0 13
4 8838 1326 7238 8380
0 50
0 77
1 4330
3 5841 8504 5128
4 9252 8210 3152 1935
1 3359
0 28
0 23
2 4821 3942
2 2226 4342
3 6192 1584 3694
0 27
0 6
4 7335 6394 2099 6711
0 16
1 241
1 8680
0 76
0 56
0 77
4 5820 7377 9447 6298
0 25
0 20
0 18
1 7117
2 3318 4523
2 9942 8395
2 646 7870
2 8461 8236
0 38
2 7626 2502
1 3154
1 174
2 7480 5047
3 7156 8601 3075
0 90
4 9417 4816 2340 3998
0 73
0 67
1 4205
0 42
0 62
1 1926
0 70
1 7344
0 69
3 8484 5039 8831
1 2597
1 2189
5 8378 4123 5902 1009 2119
0 83
0 3
1 8211
0 73
1 6332
1 5696
1 4295
0 79
0 33
1 2781
0 95
1 4651
3 7891 9212 6954
0 88
0 79
1 8079
2 8033 1937
0 17
3 746 8317 7068
1 713
3 7724 8285 1970
0 78
1 3105
0 80
6 6700 4049 8375 9352 1001 2648
1 3661
0 87
0 50
1 9287
0 93
2 6928 531
0 8
6 4592 3259 2262 3803 8432 9347
0 17
0 2
2 3028 9309
0 10
0 36
0 88
1 970
2 6429 9163
1 2618
0 68
5 8878 8956 1962 5361 992
0 20
0 70
3 2720 6093 1407
1 1917
3 6634 3788 9176
0 20
2 2536 237
0 28
1 6046
0 90
0 30
0 18
0 76
6 9365 9044 3250 3564 7931 3185
0 7
0 43
1 5223
1 6751
0 43
0 54
3 9730 743 7740
0 99
0 38
0 87
2 4470 8582
2 4769 3918
1 1583
0 83
1 847
0 3
1 9055
1 9426
3 1019 8427 7964
4 8124 9197 5245 5138
2 437 875
1 2409
0 4
0 58
0 1
0 100
0 44
0 34
2 6519 6064
4 4422 4373 5646 8880
0 4
2 3529 3427
1 8707
0 9
2 1204 9194
0 73
0 15
0 66
0 96
1 278
1 5797
0 54
2 978 244
4 4308 5191 2057 3265
2 3460 2653
0 47
1 5905
1 201
2 5082 2010
0 44
0 55
3 1807 1068 5249
0 6
1 1905
0 3
0 40
4 356 2776 6631 2296
0 58
0 45
1 903
0 42
0 4
0 92
0 28
1 1927
0 24
0 5
1 9831
0 2
0 95
2 7937 9977
2 795 937
0 27
0 34
1 99
1 9895
1 8638
1 7343
0 87
0 9
2 9847 9860
0 54
0 56
0 15
0 95
1 5029
0 5
1 8509
0 76
0 54
1 600
0 82
3 8282 2817 5351
1 9907
0 30
0 2
4 5114 674 8555 1177
0 40
1 5456
1 2209
0 16
0 20
2 112 9264
3 4314 8647 4603
1 8794
0 21
1 6065
0 57
1 7226
0 1
2 3054 2460
2 3280 9134
0 32
1 6767
0 55
0 38
0 28
11 4432 4438 907 1402 3851 3518 2116 6326 4574 7357 8393
1 2499
2 8404 2955
1 6259
0 81
1 5125
0 65
1 4963
0 16
0 92
1 4601
0 50
0 100
0 68
1 3355
0 68
0 71
0 8
0 8
1 6182
2 6888 2364
0 6
2 6380 6953
0 83
3 8204 9369 2805
3 4439 7426 492
0 14
3 6191 2110 5719
1 1598
5 6204 4347 7177 1224 1356
5 3044 3384 9755 9879 7686
0 43
1 155
0 9
2 4134 9
0 51
0 90
0 89
0 94
0 21
1 4933
0 84
1 9316
3 5519 8931 5539
0 44
1 4652
4 5651 5200 6236 6408
0 11
3 4513 7979 6081
0 75
0 15
0 98
1 2872
0 65
0 68
0 63
2 8557 9353
1 9562
0 20
2 4924 9809
0 46
0 91
1 213
2 3210 2750
1 4889
3 143 7930 5602
1 8372
1 3850
0 65
1 4617
3 3547 921 152
0 29
0 32
1 522
2 9694 956
1 2779
0 77
1 3611
1 8766
0 62
1 3256
0 41
3 7655 6198 825
1 8960
2 5795 725
2 5935 6575
0 69
0 87
0 44
0 91
0 52
0 8
1 3636
3 2315 1435 8836
2 2521 5564
2 8440 8735
0 95
0 27
2 7981 3037
0 80
2 6597 1767
0 54
6 1225 2849 1080 167 893 3489
1 3779
0 50
1 5105
1 4196
2 6541 6230
1 7016
1 5296
3 1778 42 8770
1 9609
0 18
3 7240 876 4181
0 78
0 56
2 1876 5199
5 8808 487 4382 36 9050
3 8688 1143 8789
1 557
1 3878
0 99
2 5606 2043
1 8793
0 87
0 51
2 589 3347
0 14
3 5103 4578 5904
3 1901 1078 7773
0 37
0 100
1 165
2 1979 5413
1 7469
0 87
0 44
5 3701 6364 5287 5480 3966
1 458
4 4569 2880 6139 2928
2 5552 1543
0 18
0 34
0 15
0 81
0 85
0 38
0 79
0 28
2 1680 5944
0 82
0 93
0 20
0 19
3 5757 7955 8156
2 5530 2953
1 1797
4 5033 7974 5697 7639
0 14
0 82
1 3557
1 8982
0 31
0 6
0 70
3 9585 6915 3643
0 3
0 50
0 45
0 71
2 8923 9030
0 27
0 47
0 21
0 15
2 6070 1170
0 62
2 1014 351
2 4725 4809
0 84
0 45
2 1091 1610
0 30
0 22
4 613 1064 9425 6508
0 37
0 62
0 62
0 36
0 91
0 100
0 50
1 1375
1 7447
0 97
1 7550
0 77
0 64
2 8536 7905
1 8121
1 6880
0 93
1 7158
0 98
4 5652 2137 2147 195
0 53
1 7814
0 82
2 4689 7554
5 7464 3807 4995 8602 8731
0 44
0 89
1 8924
0 60
0 39
1 3830
0 6
1 629
1 2980
0 19
0 81
0 87
1 1426
0 66
0 58
0 82
0 23
1 679
2 2085 3614
3 8847 5451 627
0 92
0 27
0 4
0 98
2 9465 8160
0 44
0 29
3 1497 2402 5373
0 26
0 9
2 7700 3398
1 6320
2 499 3948
5 2232 9878 2061 7409 8153
1 2963
6 7781 8764 6460 8331 9328 5345
1 2475
1 7122
1 2551
0 36
0 64
0 57
3 1121 6905 1579
1 4976
1 6727
0 42
0 80
1 4213
0 50
0 62
5 812 8772 4607 3270 1957
0 99
0 57
0 67
0 43
3 6800 5672 7718
0 33
1 5991
2 7372 315
1 5304
3 5756 7475 1924
2 3111 3825
0 9
0 78
0 26
0 20
2 4341 7024
0 89
0 68
0 59
0 1
2 4887 1694
1 5412
0 21
0 40
0 93
3 5955 7837 121
0 72
0 59
0 58
0 97
0 46
0 41
0 39
2 5976 4483
2 2448 159
0 29
4 9953 9506 5563 7002
0 87
3 5657 4927 236
1 8523
0 76
1 3865
2 7022 5465
0 2
1 8935
1 1092
0 65
0 40
3 2904 870 5962
1 9687
4 4583 1630 4348 4334
2 1562 7159
2 2724 905
0 97
0 98
2 3707 9159
0 86
0 72
0 16
0 37
0 47
0 77
0 68
8 3581 2231 1839 731 6323 8381 2728 5804
1 3320
2 8246 6038
8 4504 5736 3222 5003 8299 8881 3336 6105
0 10
1 2356
3 1982 1284 389
1 3967
0 17
0 6
0 19
1 6561
0 30
3 7313 1038 411
6 3141 2996 6564 8038 6292 5430
0 65
0 17
0 53
0 94
2 3501 1202
0 70
0 24
2 4654 3503
0 26
7 9578 7939 4116 9320 9617 5486 9254
0 34
0 25
2 8706 9481
0 71
0 24
1 5113
0 13
1 1790
4 3718 9805 3030 4190
0 34
1 2041
0 40
7 6714 464 5603 105 9928 3924 4374
1 5802
1 6840
3 4277 1582 3168
0 13
1 9393
2 1615 9958
3 4127 1065 2044
0 49
0 69
3 8678 9381 2757
0 13
1 7661
0 100
0 20
0 14
0 19
0 35
0 60
4 4706 2790 2240 4732
0 8
3 1274 6728 8791
3 8304 7888 530
0 96
0 57
0 72
0 32
0 61
2 8613 5512
0 46
1 8643
0 40
1 8679
3 9868 7231 5576
1 6053
0 35
1 4533
2 6224 9061
0 37
0 7
2 3582 4328
2 3946 7603
3 2081 1850 4941
2 991 5129
0 7
5 832 2106 8865 5549 3520
0 26
1 5837
0 54
1 7613
6 2889 7745 6349 2433 5346 7625
0 22
1 4681
0 46
0 37
0 32
1 2398
4 8146 7645 9063 821
0 24
0 50
1 1346
0 1
0 19
3 6228 7031 8665
0 91
2 7182 3907
1 6630
2 9910 7917
1 4053
1 672
0 56
3 6279 2239 1505
0 50
1 8955
0 23
2 3787 8310
0 20
0 90
0 34
2 8293 9185
1 5323
0 100
1 9133
0 75
1 1955
1 1976
0 78
2 9607 69
1 5333
3 2120 6603 4352
5 5929 4003 5198 3952 6419
1 8898
0 87
2 8855 204
1 2171
0 44
0 96
0 10
2 9964 9740
3 8168 2961 3207
1 7455
0 9
0 71
0 92
1 2814
0 85
0 24
0 61
0 83
0 33
1 9394
1 8215
0 41
1 5428
3 2274 6894 9776
0 7
0 100
0 83
1 2557
0 19
1 1654
0 84
0 96
1 2261
0 95
0 88
2 5089 1480
3 2994 4072 1759
1 8986
0 100
0 19
4 181 2333 424 9886
2 6363 5224
1 3802
0 67
0 99
1 7846
0 91
0 71
1 4621
0 77
1 9361
0 41
2 8410 657
1 8703
1 1869
2 7415 7597
1 6874
1 8456
5 5318 3871 8846 1354 1240
0 88
3 4429 5353 7965
2 8891 6798
0 54
2 9572 9089
3 1750 87 6173
1 397
0 14
3 1430 7053 7092
0 67
1 9742
2 7151 753
0 87
2 1444 2665
0 9
0 19
0 92
0 88
2 1671 3839
1 7326
0 99
0 2
3 8532 3229 9367
1 3879
0 18
2 124 1113
2 8743 5638
0 29
0 24
4 6036 24 5036 145
0 37
1 998
1 6498
1 3538
0 14
2 9419 119
1 7501
1 6748
0 39
4 7286 2866 6435 6444
0 84
0 90
0 92
0 42
1 5264
2 3514 6312
0 97
0 32
0 55
3 2893 5051 9012
0 64
1 8761
1 576
0 54
0 33
2 3310 7772
0 41
2 4160 4832
1 7432
0 9
1 2914
3 8630 9234 3739
4 8627 4086 8430 3488
1 2046
0 30
2 7336 3477
0 36
0 100
0 53
0 98
0 12
0 46
0 7
0 30
0 89
0 97
5 882 2312 9478 1069 5832
2 7653 7149
0 89
0 57
0 84
0 27
1 8088
2 2440 8921
0 22
1 6347
0 27
0 88
1 6367
3 5083 1647 6410
1 4922
3 2647 6470 8578
2 971 4043
1 3451
0 57
0 14
1 4175
2 7953 6061
0 21
1 8260
1 1409
0 28
2 8040 2787
3 5135 1622 6094
0 9
3 4456 1401 7012
1 1209
0 85
0 46
0 29
0 4
1 1564
2 8952 7595
0 88
0 24
1 2053
1 21
2 8988 7627
0 60
4 5294 5918 1594 3300
4 462 9201 4118 687
0 86
1 3170
0 54
0 44
0 93
2 510 8576
0 55
0 13
0 81
0 8
0 20
0 80
0 93
0 63
1 7430
0 68
1 4852
1 3758
0 70
8 5851 2176 848 5579 2795 966 6995 3994
1 984
0 18
2 1162 5286
3 8334 6863 3199
1 6534
2 3818 7445
0 97
3 3845 6199 5004
0 8
0 16
0 81
3 7070 3283 2134
0 38
4 8943 4980 6112 5
0 90
0 6
0 73
1 295
0 66
0 76
1 9498
0 74
0 53
1 5839
1 1146
3 230 5013 1013
0 22
1 4081
1 5885
0 84
0 37
0 97
0 7
1 7375
1 2693
0 75
0 94
1 1350
0 85
1 944
0 89
0 43
3 8917 9556 1724
1 2786
2 8069 551
3 9582 168 774
0 37
0 60
1 1183
1 6317
3 8681 9731 8419
0 15
1 4775
1 608
2 8152 2578
1 9788
2 113 6642
0 57
3 5195 6669 5332
0 73
0 47
2 1427 6160
1 4452
4 1978 511 5664 372
1 2811
1 5030
2 3628 6533
1 8499
0 20
1 2585
1 8392
1 2324
1 2555
0 79
0 81
0 57
11 8842 2322 3146 9708 8483 8563 917 8176 7749 8849 7873
0 50
0 2
0 97
0 20
0 13
0 34
4 7275 5877 3367 9242
1 6017
1 9459
0 12
0 2
2 191 3003
0 98
0 34
0 50
0 31
0 38
0 95
1 6836
0 66
1 7494
0 38
0 3
0 84
1 2755
0 72
1 4911
5 2523 9891 3452 1227 5124
1 2431
0 30
3 1287 1067 7782
2 3742 3819
0 39
0 30
0 17
1 4485
0 87
1 3469
4 7261 5695 209 7665
3 1210 7087 4141
1 6680
0 17
3 6456 3665 6782
0 50
0 87
0 55
2 6827 3913
0 7
2 6096 4250
0 83
4 6136 2251 7420 6504
4 6313 4132 9830 8462
0 10
0 91
1 3745
4 3162 5766 9310 2319
1 512
0 75
2 7753 8701
2 6178 1041
0 9
0 42
3 1528 8387 3205
0 25
0 54
1 2908
0 65
10 7456 7886 6856 786 1792 4682 9828 6573 2519 9803
0 38
4 7542 7864 8961 9047
0 7
0 49
0 14
1 1218
0 25
1 6734
1 3800
1 147
1 9875
2 2680 6465
0 76
2 2589 4525
0 34
0 50
1 9435
0 11
2 3220 2155
0 40
4 6629 3019 9806 5898
0 73
0 42
1 6720
1 5078
0 60
1 187
0 77
0 39
0 45
0 36
0 96
3 8996 2181 7777
0 46
0 55
1 5586
2 8966 2862
0 51
0 17
0 79
1 9256
0 70
1 2156
1 1971
1 4726
0 88
1 6844
0 31
1 8289
1 3023
2 9491 3773
0 79
0 57
0 47
3 8522 3507 4624
0 62
0 3
0 62
1 6009
0 14
2 86 4923
1 4214
7 3002 6297 9325 5340 6911 9019 9067
0 81
1 6399
1 1325
2 2895 8141
6 3161 138 8409 2259 227 1288
2 7121 3816
0 62
2 2707 666
0 63
0 89
0 4
1 4419
0 74
0 17
1 3434
0 43
1 3176
0 7
0 60
1 9629
0 6
0 84
0 83
4 1870 670 1634 9188
3 7817 3203 962
0 40
1 2524
0 83
1 9666
1 3645
0 98
0 35
0 79
1 406
2 2913 9058
1 4145
1 3074
1 5640
0 67
1 9848
0 46
7 5685 331 4608 7360 8513 3038 4912
1 9856
3 240 4315 8495
1 1922
3 377 1810 8278
1 3493
0 85
0 17
1 2
0 95
0 24
2 8267 6933
1 1256
0 57
0 38
0 86
0 47
0 93
2 3574 1399
1 1079
0 53
1 959
0 25
1 9125
2 2552 4892
0 7
1 4898
0 37
0 43
1 2006
1 1197
2 8132 1764
1 7258
1 27
1 8963
1 7521
6 1702 7795 607 77 8625 6040
0 30
2 6884 1336
0 73
1 5706
0 77
1 9444
0 87
6 2024 4735 2313 4188 9095 97
2 8505 9840
1 7898
0 14
1 1040
0 78
0 5
4 266 8008 8477 6547
1 5176
0 11
0 91
1 4785
2 8600 1272
0 51
2 5752 9630
0 31
4 694 6512 1223 4414
1 8413
0 80
0 42
0 54
0 49
2 8940 6063
2 8248 8558
2 9797 8186
1 7218
0 30
1 4771
0 91
0 57
0 79
0 11
1 7245
1 107
1 5236
3 4830 4059 1571
2 9561 5448
2 2664 6409
1 9274
0 77
0 80
2 4582 1966
0 81
2 6258 8780
0 65
0 35
2 548 1502
0 62
1 5487
0 39
8 299 5774 25 9225 7460 7901 2941 2657
0 17
4 8720 1310 5111 3227
1 6822
2 9569 8263
0 34
0 57
0 59
1 2864
0 46
0 36
0 26
1 7206
1 423
0 10
0 16
0 25
0 57
4 3330 4137 9628 1322
2 1246 4998
4 9366 6732 1748 274
1 3676
0 60
0 61
0 60
0 90
0 19
0 54
1 2055
3 3368 2009 3558
0 76
0 96
1 2706
0 78
0 90
3 7950 1319 8165
0 97
0 16
2 161 8788
0 64
1 7451
1 1429
4 8333 9488 2408 7042
2 3147 3765
0 91
0 46
1 8266
5 778 643 3527 5668 6345
1 2489
0 3
1 9877
1 7747
1 5866
5 3428 4018 800 4842 5196
0 14
2 1245 8183
1 6185
0 95
1 8981
0 10
2 8510 2361
0 53
5 7188 615 7317 2812 3009
1 4423
0 14
1 3298
0 78
0 63
0 86
0 65
0 7
3 1127 2457 583
0 30
0 24
6 8303 2192 6719 923 4899 8623
1 7018
5 1242 9952 2280 8104 9220
0 94
0 19
1 942
7 7311 3855 6586 2219 9591 8470 3602
0 91
2 1996 7651
2 6864 3136
0 25
0 56
1 1613
4 9580 8480 6291 4841
1 1025
0 81
1 8666
1 3757
2 9791 9086
0 54
0 94
0 32
0 57
0 80
0 90
0 80
0 45
0 5
2 8330 2504
1 9789
0 9
1 3338
1 2651
1 2177
0 57
0 26
0 40
0 52
0 99
0 11
0 31
1 4359
0 7
2 4843 6532
1 7325
0 65
1 9768
0 44
0 21
1 1722
0 75
0 67
1 8502
0 33
1 7395
1 8646
3 3240 5216 3760
1 6479
0 15
3 1214 5044 6883
0 63
1 3561
0 23
1 8219
1 9748
3 2336 4497 9482
1 328
1 4646
1 8475
2 3922 7641
3 3928 1076 3789
0 8
4 4032 5680 7096 5364
1 8805
0 94
0 100
0 71
0 21
0 69
1 3191
6 9919 2386 6229 2725 5807 8492
0 62
1 9390
1 2353
1 7705
1 1619
0 59
3 183 3951 874
1 9010
0 74
1 8091
1 9032
0 28
4 3354 5966 3717 5787
0 41
4 4883 4698 1097 6790
4 4554 5762 7424 1022
0 54
2 9526 5025
0 94
2 1467 7990
2 8369 1037
0 7
0 12
0 69
0 45
0 92
1 6961
0 86
1 3669
7 2616 3301 4093 7219 4595 2696 9894
1 9132
0 79
0 62
0 35
1 4688
3 6495 8187 4845
0 39
2 6716 6986
0 15
2 9662 708
0 57
1 7411
1 3674
0 15
2 9884 3597
1 809
2 3018 3784
1 157
0 5
1 9469
0 17
0 55
0 51
0 69
0 42
0 91
0 37
0 41
0 11
1 5184
1 6503
0 3
5 9059 3442 9926 793 9203
3 2625 2515 4983
0 57
0 100
0 73
1 7194
1 5445
1 4017
3 1309 1705 5694
0 22
1 8272
2 2342 9313
0 86
0 91
0 37
0 70
1 3465
0 24
3 2576 5599 5920
1 5574
1 8431
2 798 1707
0 100
0 61
0 47
2 6144 5771
0 17
0 69
0 70
1 8722
0 91
0 27
0 16
0 46
0 41
5 4376 5561 4140 9962 4746
0 27
0 49
0 20
1 2125
0 37
2 660 1550
0 61
3 9501 1433 562
0 77
0 92
2 597 6502
3 6516 6546 9079
0 21
2 7392 6327
0 34
0 57
0 29
2 1855 8803
0 3
0 61
0 42
1 1267
0 32
0 94
1 990
0 77
0 9
2 9530 9889
3 5674 3236 9497
0 90
1 6137
2 3065 5386
0 3
0 12
0 97
3 8742 7569 4623
0 94
0 95
3 3055 8715 7124
0 54
0 70
4 6154 621 8879 373
1 1293
0 72
0 67
6 3983 2191 4107 2088 5506 1499
0 77
0 67
0 36
1 7938
0 23
2 1333 6771
1 6537
2 9483 5068
0 97
1 7754
0 99
1 3325
0 42
0 35
1 6784
2 1533 8255
0 63
0 46
1 4813
8 6709 5608 1824 4871 6510 6034 4977 8577
3 9864 9774 2169
2 6762 2984
2 1264 5421
1 1580
1 5996
0 36
0 57
3 9401 2170 434
3 8298 6350 5770
1 92
1 8777
0 38
0 2
0 17
2 7183 3060
3 9720 20 1975
0 85
0 41
0 90
0 65
0 76
0 22
1 8223
0 72
0 88
0 28
1 3339
0 25
0 37
0 47
0 18
0 87
1 7638
2 8538 602
1 9279
0 9
1 7815
1 1471
2 9294 667
0 43
1 7776
0 13
0 31
0 85
1 6361
1 3991
0 21
1 7839
0 76
0 35
1 8768
0 88
2 2030 6013
1 7971
0 85
0 72
0 42
0 50
1 2447
1 8965
0 59
0 41
0 81
2 3976 8489
0 28
0 99
3 6768 4225 799
0 71
3 1042 4757 4416
0 99
4 1477 6819 445 6469
0 40
0 3
1 3860
0 18
0 60
1 6623
1 8048
1 9335
0 49
0 74
0 6
0 35
0 57
1 535
0 93
0 64
0 55
0 58
0 20
0 87
0 28
1 3164
1 5939
0 80
1 8424
1 5573
0 72
0 15
4 4446 8760 2848 665
6 8813 827 4685 7809 1706 5999
1 8190
3 1811 2927 2909
3 4126 8376 1034
1 683
0 88
1 7910
1 8010
10 2367 7827 9657 1821 6210 61 4310 8218 5953 135
1 5109
0 51
3 669 5041 3195
0 85
2 4025 3895
3 5230 9505 4808
4 1769 8533 7835 3647
0 84
0 65
4 5571 7834 9643 2530
0 44
3 7890 9897 7572
6 2556 6500 7127 2709 8984 3685
0 9
0 44
0 4
0 93
0 39
1 3670
1 981
1 4500
1 3683
0 3
1 4266
0 41
1 5212
0 91
1 1275
1 5800
0 75
1 9600
0 67
0 50
2 3644 781
3 7431 4890 2667
2 3459 733
1 8073
0 56
0 43
1 6692
0 53
0 1
2 2813 4553
2 7958 4259
0 37
0 66
0 87
0 96
1 7356
0 84
0 46
0 52
0 67
1 758
0 89
1 4471
0 24
1 2815
3 8652 2718 1760
0 15
2 4888 5395
3 9002 3431 45
3 5843 4765 6870
0 26
0 91
0 19
2 4631 5161
0 47
0 25
0 15
1 335
2 7160 3769
4 8493 2920 7488 8539
1 9613
0 21
0 87
1 85
1 7568
1 8389
0 54
1 3877
0 63
2 1574 3866
0 27
1 137
0 38
3 9120 4788 523
0 56
0 61
0 49
2 1137 6420
2 8614 9764
0 52
0 3
2 9951 6482
0 7
2 5035 9838
2 9681 3382
0 68
0 93
0 13
4 8507 1117 9107 5765
2 9624 861
2 2674 2485
1 1398
0 40
1 4721
0 60
4 6166 5992 6945 1085
2 2406 5593
0 17
2 855 2417
3 6555 9477 1474
0 30
1 7601
1 9992
0 24
4 8827 1799 2152 93
0 39
0 37
2 8093 2510
0 65
0 14
0 88
0 77
1 5556
0 100
0 13
0 64
1 1993
3 133 215 8485
2 3198 5891
1 4498
2 3786 9449
0 11
1 9584
1 3343
0 19
1 8023
0 31
1 752
0 84
0 32
3 52 2686 9081
0 69
0 87
4 1448 797 3827 4122
0 13
0 25
2 4329 1155
0 81
5 1715 4409 1441 4564 9937
0 6
0 33
0 60
3 3208 8732 2352
0 70
0 54
1 9763
3 2554 9859 4795
1 5809
0 12
1 1247
0 19
2 6636 3056
1 2816
2 2580 4570
1 5460
0 41
0 70
5 8774 2347 6735 9750 1195
0 33
2 4942 7820
4 6808 6539 1273 6721
0 11
2 4920 6287
0 85
1 1758
1 8271
0 60
1 350
0 40
0 83
1 8667
4 559 1276 8062 1942
1 5402
4 8148 3127 5227 1981
2 8886 5823
2 4990 1048
0 25
0 63
1 1532
3 1062 2346 2842
1 3034
0 16
1 4340
0 92
1 7589
0 4
1 588
0 49
2 5721 6742
0 41
0 98
0 70
2 8644 5589
1 5002
1 3598
2 8014 7708
0 98
1 7936
1 2687
2 1755 6991
2 3534 1334
0 15
0 39
1 9925
0 88
0 58
0 57
2 443 2528
0 64
1 1884
2 7146 5080
2 3954 6356
4 5420 6153 2241 6936
2 9760 8370
6 3313 9921 4158 5786 6485 3664
2 9160 2612
1 1057
0 13
0 96
0 24
0 67
1 5247
1 2430
1 9746
4 717 7341 8696 4425
0 4
0 35
0 66
5 9836 8620 546 5010 1244
3 6839 3121 9798
4 1397 2619 2891 896
0 94
3 2287 7283 4568
0 72
2 9782 8268
2 1033 9765
3 4054 5343 968
1 9968
3 1126 6913 8689
0 90
0 22
0 69
1 2549
0 81
4 4202 4669 5299 3772
1 8660
1 6506
0 35
0 92
0 49
1 7830
0 86
1 572
4 3604 8782 7309 7798
1 6678
1 3453
1 4542
0 45
0 82
2 1176 5875
1 4962
3 8281 3267 7844
0 75
2 6889 158
0 12
0 59
0 96
1 8486
1 1296
0 75
2 7610 5139
0 59
0 56
3 472 7799 5015
3 4984 592 8399
0 96
0 20
1 5203
1 914
1 7305
1 1075
0 61
2 5145 2682
0 60
0 11
0 39
0 50
1 5098
2 2243 2284
0 72
2 5438 3761
1 1298
1 6288
0 16
0 55
0 80
0 19
0 83
0 83
0 29
1 4094
0 54
1 9693
3 3599 3178 8348
1 6248
0 16
2 9462 3245
1 2922
0 57
1 7452
0 26
2 6171 4886
2 109 2067
2 7732 4197
1 2703
0 59
2 7036 3608
0 72
0 49
3 4801 9233 2132
3 5092 4026 59
3 9180 8699 9737
1 8922
4 489 9407 4594 6866
1 2290
6 7818 7672 7380 3083 9653 7370
1 393
1 2133
0 4
0 4
1 6254
0 57
0 59
0 55
3 6710 1302 4518
1 9802
0 6
0 80
0 87
1 8521
1 1943
0 97
1 9547
0 35
3 5313 2438 4080
4 2297 5924 910 5810
2 8087 6200
2 8139 4968
1 6538
0 80
2 9158 223
0 99
2 9690 7401
0 91
0 45
0 47
0 20
1 8013
0 10
0 52
0 72
0 89
0 76
1 9915
1 8571
1 681
1 1056
1 7897
0 79
0 9
0 1
4 8084 4268 8126 4561
0 52
3 5418 4135 8075
0 12
1 8753
0 47
0 47
2 7712 2111
3 1746 3137 9331
1 3638
1 3401
1 7329
0 92
2 5645 7807
3 7059 3536 311
2 3097 4653
1 9376
0 49
0 81
0 14
1 5730
0 7
0 80
3 4362 1339 3182
0 90
1 8871
0 15
0 84
1 8130
0 88
0 31
0 2
2 5601 8195
0 70
0 54
2 9430 2951
6 9993 8115 9218 635 4011 8517
1 1320
3 524 7481 2153
0 4
0 23
2 9015 9080
1 3291
0 18
5 2738 714 2856 4762 3975
3 8759 9075 7584
0 35
1 8241
0 59
1 9118
0 48
2 1701 1313
0 48
0 13
2 2162 1951
1 6969
1 5631
0 89
0 49
1 7116
3 887 7593 2592
0 38
3 1697 4095 5192
3 9187 8344 5639
3 4000 7822 3257
0 68
0 8
0 51
2 8710 1604
0 87
2 5157 856
2 4661 8675
0 53
1 2587
2 7138 5235
5 4717 2294 538 4524 5911
1 4209
0 92
1 9076
0 80
0 26
0 2
0 79
0 74
2 5688 4876
0 85
4 5644 4526 6116 8526
1 3513
1 6569
2 129 6235
0 66
0 41
2 7271 777
1 3883
0 87
0 91
2 2213 1946
0 33
0 13
0 7
0 93
0 91
2 2019 6346
1 3064
2 3880 2574
4 6947 2507 5384 2451
2 7140 9070
1 1054
0 32
0 57
0 81
0 87
1 8909
2 127 7125
1 9368
0 64
0 36
1 2924
0 89
0 78
3 8028 1351 5439
0 52
0 59
3 5268 9011 2025
1 9492
1 5513
1 3204
1 4864
1 3796
1 2806
0 85
2 2868 5584
0 35
1 37
0 60
1 2372
1 6838
0 22
2 7438 2663
0 56
1 1283
2 343 208
1 4867
0 72
0 98
2 5133 5702
4 2621 2003 169 8452
2 6319 2595
0 19
0 1
1 9169
0 75
1 3906
0 63
1 8290
2 3277 7797
0 64
0 46
0 64
0 70
0 57
0 11
3 5022 6664 2228
1 4880
0 15
5 7414 9722 9777 6359 6020
1 806
0 97
0 42
1 4157
0 72
5 9576 5444 7229 6650 9667
1 9648
1 5154
0 10
0 48
1 3346
1 1688
0 81
1 2753
2 415 7904
1 726
2 9326 6571
0 53
0 72
3 438 53 6088
0 15
1 2109
0 80
0 54
0 43
0 9
1 9474
1 8516
1 5065
1 8676
2 4482 712
0 21
4 5945 8188 4804 9042
3 5263 685 348
3 1122 5241 8626
0 80
0 54
0 73
0 80
0 3
0 95
1 8319
0 22
0 38
0 7
0 71
0 19
2 3486 6812
0 16
0 21
11 4663 390 1813 2564 9285 5305 6627 4169 5112 5970 4227
0 10
1 6218
1 3496
0 94
0 14
0 52
3 3909 1424 603
3 6745 8932 8473
3 8423 6514 7509
1 7725
0 93
0 34
0 98
1 5940
2 6545 9273
1 3255
0 77
0 93
0 62
2 5520 1994
1 9813
0 65
1 9272
3 7131 9323 5958
1 7761
0 79
0 75
4 8888 8973 4952 3390
0 51
1 2422
0 20
0 88
0 24
1 7362
1 6612
0 78
1 4676
0 93
1 7908
1 7065
2 8687 4704
0 38
0 28
0 78
3 9441 2265 1128
7 1484 264 7367 5273 8906 8926 7191
2 6148 80
4 9729 9178 3844 7628
0 81
3 3379 2072 358
2 5731 4877
2 3437 558
1 9053
0 1
0 48
7 4740 4806 9970 6232 7027 1228 6342
0 61
0 33
6 5337 243 5994 2123 8648 1449
0 54
0 11
0 68
0 78
1 3960
0 49
2 2800 2681
0 18
0 64
1 6354
0 95
2 2869 5916
0 88
0 58
4 6170 877 4370 6372
0 35
2 1003 884
3 1862 5880 6959
2 5967 6240
0 35
1 6010
1 8595
1 1317
0 17
2 9267 5612
0 63
0 93
0 9
0 22
0 81
1 6234
1 2328
1 196
1 4469
0 60
1 8854
0 13
0 65
1 8874
0 80
0 60
2 491 5481
1 1145
1 4180
0 71
0 90
0 50
1 2559
1 4223
0 78
0 17
0 90
0 1
0 87
0 57
0 86
0 84
0 70
0 31
1 4673
1 2837
1 3445
0 71
1 275
3 6843 7669 8405
4 3499 5166 3566 7586
1 2656
0 34
1 7920
1 792
0 20
0 37
0 61
3 7532 5350 4692
2 9935 8542
3 4387 3920 7076
0 77
3 17 9438 652
0 100
0 32
1 3466
2 6378 6763
0 26
0 18
3 2035 3238 3958
0 20
0 95
1 4024
0 5
0 78
1 7540
1 6733
0 64
1 2990
0 89
0 7
0 92
0 22
0 41
2 1914 9833
0 58
0 3
0 16
0 95
0 86
2 8254 4220
2 2210 5162
0 39
0 24
0 63
1 7668
0 57
2 4014 4067
0 8
0 92
3 4403 4303 904
1 995
0 63
3 4321 9303 7364
0 78
1 128
2 8250 4435
0 59
0 42
0 23
0 4
0 65
1 5076
1 5314
2 9842 8364
2 1841 2935
4 5405 7247 8300 6879
0 41
0 83
0 78
1 5604
1 9239
3 845 9500 9855
0 63
0 95
2 6262 4805
0 2
1 3081
1 6307
0 97
3 3537 6785 7559
2 7147 899
0 57
3 5803 2271 4401
0 58
1 1193
2 4323 655
0 45
2 375 2145
0 36
0 76
2 8619 2987
0 19
5 409 9427 5119 3069 1664
1 9594
0 53
2 9021 2400
3 4982 7486 5699
4 2082 8974 6390 8351
0 77
0 76
0 61
1 7562
3 5075 200 568
0 66
1 755
0 74
1 9166
1 3629
1 4848
3 9271 2550 1098
1 8368
0 4
0 36
2 1577 8229
0 74
0 64
1 6978
0 40
0 90
2 7960 9674
0 65
6 3188 7202 9137 3424 5567 542
0 73
2 7216 1308
0 36
0 58
0 100
3 125 8164 1149
1 2756
1 2531
2 3143 5857
0 72
1 8356
2 2983 3610
1 8288
4 8850 76 4052 2425
1 4605
0 17
0 23
0 99
2 2829 8464
0 69
0 81
1 1517
0 24
1 9170
0 30
1 123
0 34
2 1873 3953
3 3149 8436 7860
0 58
0 85
2 8123 3376
2 1652 9420
3 4823 9510 2773
0 52
1 1357
4 4 4630 895 9379
0 7
1 1874
2 2348 4611
0 82
2 1849 1201
2 6737 7328
1 3990
1 4697
0 2
0 90
2 5355 9548
0 61
0 44
1 5027
4 3068 2500 3686 8291
2 3495 3209
1 7512
0 61
0 39
1 1188
1 9156
3 1084 3215 693
1 2879
0 46
1 3317
3 5729 9278 1605
0 74
4 3218 5785 9040 8737
0 39
0 97
1 9701
2 1194 6722
3 3502 7491 4002
1 3572
2 3691 1506
2 5278 3886
0 59
0 62
0 51
1 3938
0 8
6 285 2937 715 3969 5023 4537
1 6140
0 3
2 4226 8832
2 7111 7453
4 7859 6003 5040 2080
0 65
0 78
1 7867
0 7
3 4720 2936 3785
0 67
1 2492
0 62
1 6120
1 7604
3 1425 2070 6138
1 9476
1 8672
0 14
0 29
2 5698 3405
3 5056 6730 7352
1 590
1 4629
1 1291
1 6433
1 3156
0 9
1 9467
0 16
0 25
0 77
0 13
4 1985 2453 5416 5625
3 2603 1417 2307
1 7660
0 26
0 100
2 754 258
3 767 9244 3159
1 6069
2 7947 7190
1 8992
2 6930 5442
0 86
0 82
2 2783 5928
1 4119
4 8294 8243 4151 6950
1 5874
0 3
0 41
2 5881 7499
6 2071 3080 1969 2631 7232 8519
2 2991 6365
1 6921
0 39
0 73
1 2374
0 45
8 9143 5248 831 7485 6646 9885 756 580
1 3090
0 55
0 93
4 3234 3554 8460 6576
0 28
0 84
0 17
2 2021 6213
1 1775
2 3869 1031
1 1303
1 1714
0 73
0 76
0 51
1 973
0 60
0 7
1 1153
0 63
1 5700
0 52
0 82
0 76
1 5878
0 91
0 35
1 6400
1 6101
10 3546 3746 4421 4400 1383 6869 6826 6285 9736 251
1 748
0 94
0 86
0 87
1 8611
0 45
0 18
1 5354
3 7810 1486 5707
1 4787
2 1872 4861
0 58
0 24
0 84
1 8708
0 62
2 2444 2461
0 57
1 1560
1 7896
0 51
0 58
3 7574 6881 7517
1 7393
0 82
0 70
0 48
1 2278
3 5864 5883 8895
2 6260 3476
1 7383
1 5336
0 47
2 766 4338
1 5498
1 3050
0 68
0 42
0 88
0 5
0 22
2 2885 3822
0 45
1 9546
3 130 7640 9051
1 578
2 2207 1184
0 90
2 3791 3264
0 93
2 4781 4814
0 71
1 2624
0 35
0 77
2 5649 8797
1 1052
0 19
4 1682 4593 262 3898
0 43
1 8112
0 7
1 8448
1 1557
1 2260
1 7907
0 43
0 25
4 6405 4993 2878 8064
0 13
1 547
0 54
3 136 6264 7674
1 4958
2 7263 5297
0 50
1 6841
2 2835 9700
3 5565 8540 5302
0 41
0 73
0 5
1 1786
4 6813 5352 228 2635
5 2650 6671 3870 5169 380
3 7134 8258 4472
0 29
2 4365 3970
1 9257
2 4950 1954
0 91
1 7750
0 77
0 93
0 40
0 61
0 52
2 2518 3169
1 2026
1 9626
0 94
0 12
1 6082
0 3
1 1739
0 63
0 88
1 9786
1 5048
0 31
4 482 2818 8194 5747
0 81
0 90
0 79
0 71
1 7099
0 72
1 9223
0 65
0 77
0 18
0 85
0 45
1 8724
3 6305 7671 3512
0 29
3 2670 8705 3119
1 4087
0 33
0 72
0 73
5 1180 4907 6162 2503 7080
1 969
1 8635
2 796 8695
0 45
1 6056
1 9660
1 571
1 1217
4 2736 3221 3167 6860
0 17
0 42
1 6656
5 326 8590 3859 7808 8027
1 4916
0 21
1 8006
1 1825
0 95
0 13
1 7215
3 9473 9339 7729
1 6901
1 4716
0 83
1 8877
1 5255
0 72
2 4465 8170
1 7123
0 82
1 6570
0 24
0 10
0 22
0 99
1 6080
0 29
1 4728
3 3478 906 8150
0 31
1 8503
1 8798
0 41
1 5237
3 5909 7398 1983
1 3754
0 75
0 64
2 6164 6668
1 7436
0 18
1 6618
1 811
0 56
1 8209
1 8566
0 3
0 94
2 9686 3511
0 44
2 5910 5060
0 22
0 83
0 62
2 4496 4792
0 95
0 88
0 76
0 97
0 47
0 43
0 3
1 4129
0 47
6 6565 7434 2300 7738 3908 3824
0 11
2 448 2399
1 604
1 2497
0 4
1 1136
4 171 4679 5836 1896
3 63 654 3306
1 2308
2 1286 5930
0 99
2 7323 7179
1 7654
1 7987
0 73
3 4251 9940 1752
2 5545 7114
0 14
0 64
0 65
1 6161
0 38
0 12
2 668 6614
1 4357
2 695 4355
4 9525 5489 413 5582
3 4039 5977 3181
3 4530 9127 6765
0 72
0 32
0 46
1 3764
0 2
1 3269
0 3
2 4394 8726
6 3663 7298 564 4745 2692 8863
7 5267 2622 5692 5633 4299 7821 1892
6 6957 7602 5767 3941 1761 7287
0 89
2 1382 3297
0 14
0 68
1 3114
0 11
0 67
0 44
0 73
0 99
1 8036
0 14
0 26
0 78
1 4061
1 8873
2 9641 2124
0 17
3 8669 8584 7143
2 8273 6847
0 77
0 3
0 18
0 8
0 4
1 8397
6 4540 2428 6916 7579 5063 2049
1 8415
0 86
0 48
0 84
0 38
0 59
3 5042 585 4588
0 81
1 2989
0 28
1 4021
1 132
0 78
0 72
0 80
1 6595
0 27
4 7878 7565 4364 705
1 3836
1 5968
0 44
0 48
0 83
0 95
0 54
0 32
6 689 3900 1152 2197 6842 5949
4 5158 5490 8663 4164
0 46
0 4
2 3687 2097
1 6616
0 25
0 8
0 7
2 7079 9412
0 3
0 1
0 79
0 91
1 4001
6 8192 1861 9966 9948 5122 3872
0 89
0 48
0 11
0 94
1 2573
0 14
0 8
1 3150
3 7871 673 4944
0 50
5 9945 8574 2234 2292 7780
1 8220
1 8329
1 514
1 4415
0 100
0 61
0 70
2 5610 2873
2 3793 1132
1 3821
0 1
0 96
0 6
3 1419 5426 7007
0 1
0 20
1 7205
1 3358
0 63
2 3594 8323
1 5708
0 78
2 1257 5937
0 77
5 5104 6385 9832 7150 9905
1 5758
2 7066 2365
4 3388 3688 7914 7567
1 4807
0 3
1 2737
1 8570
2 8801 410
1 66
5 1704 4991 8535 4714 7765
2 8734 9824
0 17
4 3672 1171 3363 4406
1 5594
0 55
0 68
2 2542 8950
0 25
1 6473
2 6876 1189
0 51
1 5834
4 5348 5537 5229 1321
0 85
2 2303 433
1 736
0 26
0 84
1 2903
0 13
0 43
2 3929 7614
0 39
0 31
2 9018 5073
0 27
0 17
0 63
1 9985
0 68
0 59
5 8642 3117 7631 5238 5903
1 9899
1 8500
1 2222
7 8398 8520 3809 2898 8824 6983 3412
1 8893
0 95
4 5943 225 8550 4789
1 6578
0 53
0 39
0 45
1 4826
0 95
1 1836
0 75
0 36
1 5535
5 9389 1172 8328 7629 7363
1 3974
2 501 8000
1 4966
0 20
0 31
0 29
2 3202 2270
2 188 8386
4 6938 9981 1211 8876
0 56
0 27
2 9152 5404
0 47
1 9177
1 7919
0 92
1 1655
0 86
0 30
5 2643 6341 9422 9904 2950
2 3813 4183
2 8240 267
0 87
0 12
1 3828
0 53
1 4649
1 4863
2 4908 7533
0 64
0 55
0 39
1 954
2 7984 3609
0 34
2 9620 9301
1 826
0 85
2 360 2001
1 3353
0 76
0 94
0 8
0 34
1 5300
4 4261 7526 932 4075
0 69
0 61
0 51
5 9508 6524 9442 5956 4068
1 5140
0 53
3 2852 1801 4820
0 48
2 4410 3721
0 84
0 7
0 14
0 6
0 30
0 59
4 1271 6833 256 1796
0 91
2 4479 2138
3 637 5923 3668
0 66
0 31
0 73
2 2916 4602
1 1262
0 65
0 97
3 4904 8175 8206
0 6
1 8991
0 12
3 5106 520 6215
0 71
7 238 2906 6831 465 6060 6904 3811
0 43
2 4743 3183
0 57
1 1732
1 5359
0 88
0 83
0 47
1 1667
0 29
1 1573
0 10
1 3392
2 6426 864
0 16
0 19
1 2535
2 3892 3603
0 64
0 31
0 52
0 7
1 5473
3 3782 8068 8913
1 1238
0 52
0 19
2 5863 4389
0 94
1 4455
2 8217 575
1 1342
1 2919
4 3995 1858 9411 9604
3 5735 840 9963
3 6848 1393 7073
3 3972 9579 3519
0 35
1 3912
0 14
0 34
0 35
0 49
0 26
1 8979
0 72
0 84
2 1794 3943
0 65
0 55
1 7594
2 4006 1920
0 9
1 250
1 8757
1 4449
2 6391 7071
0 37
2 4642 6306
2 3613 6743
0 66
2 6249 3322
3 2799 8083 4678
0 63
1 2744
0 24
0 29
0 83
1 5515
0 73
2 1295 1347
3 7571 1368 290
3 2825 7303 4541
0 30
1 8338
0 10
0 94
0 22
0 54
1 9980
1 2627
2 2988 4443
5 9349 1779 7289 5205 5906
4 4896 2626 9319 2163
0 77
5 8524 7130 7081 6370 8993
1 1891
0 68
0 28
0 6
4 3586 6207 212 3606
5 3704 1911 2845 394 5121
0 93
2 5654 3309
0 43
2 7033 9646
1 67
0 34
0 67
1 4628
0 60
1 7493
1 3834
0 7
2 5475 1806
1 6077
1 4960
2 5189 6665
2 3988 4182
0 79
4 7756 1412 2520 6308
0 91
1 9373
0 53
1 1844
2 6183 5399
3 2045 3045 1871
1 2370
1 14
1 3101
2 1362 534
0 60
0 8
0 36
0 61
0 62
4 6675 9346 2591 4562
0 40
4 680 292 1431 7050
0 49
0 59
4 9304 3588 2325 7720
0 56
3 1010 9819 3491
0 41
6 307 2633 7996 9345 2470 5946
3 2767 226 9028
0 27
0 3
5 9882 9457 65 6244 6855
2 2479 9007
4 9087 3591 3775 414
2 5225 5580
3 1553 5100 9784
0 51
2 7052 8901
2 3112 5434
1 9409
0 67
4 5393 2610 4693 2095
0 39
0 13
1 3279
0 61
0 12
0 69
0 59
0 48
2 5791 4989
1 6314
5 7193 1263 8704 6289 4947
0 90
0 5
0 62
1 5750
0 80
0 49
1 1531
0 65
0 53
2 7621 1692
1 4699
1 5861
3 880 2495 4325
0 73
0 31
0 20
1 952
0 41
0 69
0 41
0 7
0 40
5 5370 5749 7171 2713 2734
0 47
0 92
0 55
0 31
0 59
0 64
0 33
1 490
1 1777
2 7025 9625
0 56
2 4884 709
1 927
0 45
2 3662 1106
1 1973
0 53
0 2
0 63
0 13
0 29
1 8355
1 1367
5 8337 6246 9669 4636 3826
1 177
0 12
5 162 4477 8177 4914 6311
0 38
2 1196 6536
0 89
0 89
1 3485
2 8325 193
0 23
1 205
0 20
0 30
0 28
2 782 9135
1 4234
0 56
2 7555 5306
1 5941
2 5215 8651
2 2832 6966
4 5005 8414 6783 6828
0 35
2 6167 4516
2 5069 7790
1 1250
0 58
0 35
0 5
4 8262 9471 924 6238
2 5844 6129
0 95
0 97
0 89
6 2498 3840 7090 5665 1278 7833
2 5330 1507
1 1788
0 10
0 80
0 77
3 2455 9109 8406
0 23
1 3268
0 28
0 79
1 5021
6 5858 3567 4464 3805 2066 9246
0 89
3 6689 7077 948
3 3108 1345 6562
0 38
0 76
0 4
1 2188
0 4
0 27
0 11
1 1959
3 710 4738 1129
1 1698
0 33
1 2942
2 5071 2331
0 59
0 9
0 60
2 2421 9025
0 36
0 17
1 5751
0 27
0 76
2 5511 3479
0 39
4 3328 2069 9108 222
0 34
2 2305 7454
0 66
0 79
3 9944 1289 293
0 82
1 1897
0 94
4 7257 8685 7082 1514
1 4079
1 6423
0 39
0 49
2 9380 9727
1 902
0 97
2 3971 7162
0 14
0 55
1 3651
9 1846 4752 8105 9140 9153 9209 4753 6189 9113
0 90
1 9893
0 22
2 3937 1608
2 6707 1082
1 764
1 5622
0 65
0 75
0 78
0 80
1 3126
0 6
0 35
1 5327
0 24
0 26
3 8556 9248 7547
0 74
2 7825 5921
1 4367
4 289 89 2732 4625
0 44
2 6583 8551
0 77
0 74
0 2
0 73
3 3930 4272 5226
0 64
1 4407
1 7055
1 6325
1 1592
2 6353 1636
2 9920 6284
0 87
0 24
0 70
3 1046 8840 9397
1 3357
0 63
0 43
1 1328
3 8560 8725 7681
0 93
0 13
1 2974
0 95
0 21
1 740
0 50
0 1
0 54
1 3323
0 46
0 97
0 15
1 8530
1 6100
0 80
1 7527
0 31
1 2073
1 3829
0 90
1 4730
0 47
0 21
1 6247
0 82
0 36
0 34
1 2960
3 6266 9330 640
0 22
0 73
0 77
0 73
0 45
0 91
7 9781 5642 8545 7324 1352 4089 7403
5 2205 6000 3407 4705 1376
1 3020
2 2533 649
3 13 8242 494
0 5
2 9276 4906
0 92
1 9718
1 6795
1 2544
1 1518
1 9537
1 1249
1 1157
0 41
0 65
0 30
2 3726 9559
0 65
0 82
0 56
1 4262
0 88
0 39
1 9983
0 71
0 15
0 86
1 7774
7 9130 8633 8118 1147 2508 6073 272
1 8546
0 89
4 8851 8776 1804 4146
0 62
0 59
2 5912 3777
0 57
0 1
0 41
0 97
2 6110 2341
3 4710 2607 544
0 37
0 98
0 9
1 3292
2 7304 3715
0 11
0 7
0 98
4 4565 6360 5478 2780
0 99
4 6718 7832 2220 2839
2 2064 7800
0 10
0 24
1 4139
0 57
3 4839 723 8807
0 44
0 73
0 15
3 5648 4408 9284
1 9392
0 27
2 3243 9062
0 2
1 6970
0 29
0 83
0 34
1 6652
0 74
1 1133
1 6428
4 4719 2373 8603 8596
0 57
3 5491 4973 4929
1 3678
0 79
0 25
0 21
0 18
2 6012 2376
3 9236 7048 989
1 7316
0 89
0 77
0 93
0 87
0 76
0 89
0 66
0 12
0 8
0 64
0 9
1 7187
0 51
3 6661 9071 1723
0 46
0 39
2 2442 5221
2 1890 7214
3 3617 2606 3224
0 45
3 7784 1633 8366
0 96
2 8198 7932
0 36
0 92
0 50
1 2355
1 5754
1 2216
2 9312 6829
1 8080
0 65
1 6375
3 6373 4047 194
1 8058
3 4828 6302 2144
0 25
4 7678 4010 696 6219
1 5960
0 54
0 97
0 91
1 7868
1 6958
2 5093 3197
1 5805
0 98
0 41
1 4172
6 8171 3473 6653 8599 3377 1125
1 7967
0 2
0 74
2 3040 9228
0 33
8 4736 9627 8593 6177 1676 6042 6780 9822
0 43
0 75
2 1727 4332
1 5424
1 1789
3 5725 2875 4413
1 8208
1 4159
1 6487
2 8767 8474
1 3331
3 6039 5292 1156
3 5170 7719 9857
0 78
0 17
1 2630
1 248
1 8231
0 87
2 3710 4709
0 4
0 86
0 96
0 1
0 17
1 7437
0 1
3 4337 6481 6223
2 1016 700
0 29
6 6738 457 7972 5321 9434 8612
0 57
1 2054
2 7192 6315
2 1073 2363
0 91
7 7843 6695 1785 4023 70 2471 5827
1 5266
1 2675
1 8567
0 50
0 66
0 68
1 8565
1 4042
0 78
1 9876
0 91
6 8769 3857 5860 5716 6097 2360
0 69
1 1470
0 36
2 5746 156
1 7707
0 42
2 7657 3110
0 54
1 2089
1 9843
4 6996 3977 6900 9184
1 4744
4 6168 6282 8235 9504
1 9913
0 25
0 51
0 73
6 549 8099 1443 1119 6624 1366
0 58
1 8120
0 60
3 5339 5986 2905
2 5908 8639
0 62
0 65
2 7046 7688
0 75
1 5784
4 7969 3071 7 4633
0 93
8 784 7346 8096 8914 4165 728 1751 1673
3 4216 9172 8822
1 9414
0 98
0 23
1 4635
0 97
0 75
0 3
0 52
0 4
0 14
1 160
0 66
1 7982
0 70
0 6
2 9300 9771
1 5605
2 8585 8357
0 94
0 84
2 9039 9517
0 19
2 5325 9463
0 53
1 203
3 3079 1787 5201
5 1482 5808 8167 8946 4016
2 8085 505
0 45
1 6703
2 6208 9017
0 64
0 35
0 100
0 75
4 1454 3048 9167 1524
1 6666
0 19
1 9198
0 90
1 7019
0 7
2 9237 9901
1 3098
0 72
1 2644
3 2972 4784 508
0 56
0 82
0 69
0 30
1 3730
1 5761
1 2792
0 29
1 4597
0 2
1 6602
5 8812 8228 2748 2393 7516
1 3128
0 8
1 6647
0 70
0 1
1 1005
4 5291 653 9351 569
0 63
0 73
0 16
1 347
4 541 466 1455 6591
1 5463
1 1509
0 83
0 7
2 7623 6758
2 1859 6628
3 8864 3697 4447
0 48
0 22
0 65
6 8221 7902 625 454 6135 3414
0 37
0 36
0 50
1 3550
0 38
0 88
0 2
0 23
0 49
0 1
1 2558
0 43
2 3369 3528
0 19
1 1977
0 68
2 3302 8920
0 1
1 2199
2 1221 2466
0 28
0 25
1 4918
1 2901
0 7
0 85
3 8342 517 3542
0 61
2 3374 1379
2 9217 7992
0 49
0 62
3 3171 9513 2833
2 8388 1997
1 3252
0 45
0 54
0 81
3 150 4505 7973
4 1438 2639 318 8341
1 8055
0 83
0 62
1 5835
1 7789
1 4476
0 43
1 2185
4 151 1596 2130 8712
3 8670 5262 5152
0 87
0 90
1 342
3 846 3703 9191
1 8640
0 51
0 68
2 1199 7723
0 95
0 10
0 62
0 22
2 4207 257
0 10
1 254
0 83
0 17
1 6067
2 9238 4522
0 24
1 4512
0 27
4 8131 5840 6902 7178
0 75
0 72
0 51
2 8985 5595
0 55
0 41
0 17
0 41
2 6058 3902
0 48
3 4528 5392 6322
0 11
0 77
0 52
0 78
2 8037 9183
2 370 6633
3 8899 273 9100
0 5
0 16
0 22
0 30
0 58
0 57
1 1603
4 4350 4283 2575 5675
0 74
0 6
1 4981
2 463 8825
0 1
0 17
1 5031
1 4712
2 7109 2388
3 170 6681 3135
0 73
0 83
1 1096
0 25
0 66
1 7492
0 19
1 838
0 67
0 32
1 6560
1 5543
1 3464
1 6724
0 74
1 1053
1 3690
1 2570
2 8756 8691
0 21
0 89
0 7
1 4849
0 31
0 89
0 46
1 3118
4 5349 2553 3904 2326
1 7806
0 58
4 4104 4579 6095 1540
2 8902 6358
2 4703 2819
0 92
1 2029
0 68
0 83
0 4
1 54
3 1361 7683 3749
4 7423 3213 3421 1071
5 6427 9265 919 5049 6206
0 32
0 62
2 9121 2256
0 81
2 4893 7005
2 9008 7748
1 3124
0 67
1 9437
1 5115
0 3
0 35
0 49
1 8129
2 139 1681
0 90
0 45
0 65
1 816
0 29
4 486 4613 5653 8802
0 36
0 62
0 92
0 73
1 46
0 21
1 6989
0 25
2 3846 1731
2 8904 3381
0 68
0 89
1 9173
2 1556 5541
0 40
1 34
0 66
2 8740 8951
0 94
6 6146 6781 2793 4162 6951 4312
4 1923 4279 5374 3444
1 734
6 3639 6608 1684 1161 4727 6376
1 4988
3 7759 2539 7300
0 81
2 5058 6852
1 9673
2 1657 9972
0 26
1 6530
0 85
0 55
0 52
0 95
1 3288
0 82
1 631
0 77
0 13
0 54
0 89
1 6522
0 46
3 1087 5149 1808
0 88
1 4817
2 8384 1691
0 79
1 4083
0 84
0 13
0 8
1 1542
1 647
0 63
3 6946 6216 8237
0 72
3 4204 3712 1992
0 99
2 7251 1958
4 6529 5120 2358 8645
0 41
0 62
1 9424
0 51
0 55
0 17
0 61
0 28
1 791
0 79
1 4088
1 6421
1 2282
6 7039 6438 9887 2129 9527 1491
0 11
0 78
0 14
4 7034 5406 7949 2774
0 21
0 81
1 8411
0 13
1 5213
2 3492 9235
2 1047 565
1 6679
0 28
0 21
4 7791 5995 4233 5001
0 37
1 5253
1 3104
0 10
0 78
0 62
2 9511 6964
1 9490
4 807 9670 1297 7195
1 5627
0 70
0 61
4 5829 22 7185 6043
0 18
0 93
0 17
1 3812
0 7
0 53
1 4045
0 29
2 8159 5357
0 50
2 1766 9947
0 32
0 93
1 4974
0 35
0 53
0 47
0 35
0 49
1 2289
0 62
0 78
4 6882 6008 444 9208
1 5174
0 93
1 4751
0 79
0 12
0 51
4 5150 4729 4117 9995
0 81
0 60
2 1508 8531
0 58
1 3070
0 98
0 79
0 51
5 1772 1710 9994 977 4822
1 2836
2 9077 2445
4 8391 6877 4426 6072
0 34
3 4046 5095 5453
0 85
0 4
0 81
0 10
0 13
0 9
2 4231 3741
3 3091 2797 5799
1 3036
0 30
0 36
0 67
0 62
1 8939
1 6296
0 8
4 3102 6779 8674 2596
5 1712 3736 4050 1124 4627
0 75
1 1111
0 96
0 88
1 5669
2 6568 1611
0 35
3 6086 4939 2513
0 77
0 48
2 7528 4324
4 7855 3422 2350 1459
1 6486
3 4978 9785 1458
0 44
0 44
0 33
1 7544
0 11
2 9659 9388
0 76
0 28
0 60
0 97
2 3814 1599
2 2439 396
0 36
1 5344
2 536 2870
0 61
0 5
0 25
0 56
1 3123
2 5990 4322
0 83
2 265 3916
1 1703
0 47
0 20
0 66
3 8149 9957 9157
0 15
0 35
0 34
0 42
1 1332
0 66
1 7351
0 42
0 49
6 9679 1856 4702 6374 6690 2040
2 9636 4186
0 25
0 38
0 46
1 4211
1 1644
1 3525
2 50 9408
1 302
0 64
0 68
0 87
3 3797 6999 1182
1 8232
0 61
2 3515 3435
3 4847 8750 4873
0 3
0 83
1 2321
0 41
2 149 2926
0 63
1 5532
1 3212
1 47
0 40
0 68
0 43
0 33
2 9532 8527
0 23
1 8345
0 26
0 68
0 53
4 9990 303 7307 7583
4 4855 3698 4737 6001
0 84
3 9960 3646 3653
2 3759 7484
3 9370 3129 1432
1 1282
0 33
1 7926
3 6002 8928 5258
4 5231 4395 7338 7101
0 61
2 5538 8041
7 2395 6572 1377 4280 5466 1991 6328
0 30
1 2637
1 4399
2 2884 1063
0 79
1 3043
0 95
0 48
1 3658
0 46
0 49
1 232
0 54
6 4236 1187 3637 8916 6965 4436
0 48
6 9883 4747 8736 4782 5009 5533
1 197
1 4619
1 5865
0 41
1 4201
0 59
0 89
0 51
1 4527
0 91
0 60
0 72
1 9688
0 85
0 13
0 69
2 9219 8021
0 51
1 7342
0 42
2 317 8222
0 62
3 7652 364 7828
5 4957 1909 1929 8508 3783
0 79
0 15
0 51
1 2229
0 52
0 45
0 54
1 8097
5 4276 6379 644 6520 5818
0 48
0 66
0 58
1 3565
1 8962
0 31
1 1423
1 8816
0 44
0 10
0 52
4 1341 2982 9616 1686
0 48
1 4552
2 5497 428
3 452 1428 8773
0 92
2 873 2910
4 8656 7161 7135 1139
6 4521 6026 6492 1255 2992 765
0 70
0 78
2 4171 8468
6 6005 91 2018 3695 8918 8915
1 2436
2 9009 8212
0 51
0 56
0 6
0 62
0 95
1 6908
0 23
0 37
3 1058 6949 9917
0 66
0 29
1 9870
1 6660
0 53
0 21
2 8089 617
0 58
0 99
0 48
1 8835
5 502 2512 1575 7872 8883
0 64
0 100
0 82
0 32
0 62
0 98
2 5163 7224
2 6158 1898
1 7779
0 15
1 2975
2 9852 7662
1 9946
2 7866 5338
6 1867 6386 383 3366 8702 5890
1 9282
0 47
0 62
0 79
0 33
1 1614
1 7297
1 5132
0 23
3 1462 7916 1404
1 7775
0 21
3 1483 742 8155
1 2217
1 2821
1 5146
0 32
0 67
0 49
2 1268 7934
0 38
1 2337
4 9161 5303 1144 3067
3 4051 6750 2311
0 100
1 8471
1 5662
1 1893
6 5553 9710 9545 5381 8418 2233
0 100
3 8562 5362 9439
0 4
1 218
0 55
2 5014 6425
1 1586
0 88
2 5897 1656
0 39
0 25
2 9195 619
0 9
2 2568 5500
1 2562
0 40
1 3008
0 98
0 74
4 4356 3061 5988 1551
2 8830 4658
1 5309
1 9041
2 982 6776
1 4420
0 99
0 90
1 7852
1 5577
0 61
0 34
0 75
2 7841 3103
1 3925
0 1
0 91
1 747
1 3000
1 5183
0 80
1 8853
2 4600 2995
0 42
0 5
2 9144 804
3 9713 7816 6567
3 4293 7213 1641
0 72
0 62
3 550 2338 8472
0 84
5 5748 6531 4073 2139 2392
0 59
0 90
0 13
1 8548
5 4128 1774 6212 435 763
1 7126
1 7003
2 7495 279
0 76
1 5469
2 3815 2058
0 3
0 44
6 9268 3021 2964 8119 5964 8065
1 8658
0 28
0 14
0 31
0 91
0 86
0 57
0 32
0 84
0 11
2 5570 3393
0 70
0 82
2 2529 2771
0 94
0 89
0 68
0 85
3 6778 6590 7946
0 63
1 1185
0 24
2 5471 192
1 1771
1 4369
0 40
0 46
1 8738
0 28
0 41
2 6797 1511
2 3650 9683
0 28
1 4994
4 9554 6414 5066 2877
6 9596 2688 6787 1919 7606 6369
0 95
3 1394 2939 101
0 48
0 92
0 14
3 2698 1494 7339
2 7918 4381
1 4854
0 83
1 4239
1 1791
0 31
0 69
0 44
2 9959 5054
1 2380
0 54
3 7704 9586 7032
2 220 3940
1 2759
0 61
1 2695
4 6382 6049 2865 6395
10 8453 4802 8907 3936 9655 9867 1558 1307 6493 9295
0 57
1 9880
0 42
1 2841
1 7365
4 6286 9355 8377 5575
3 9341 9302 2788
0 94
0 10
0 56
1 9324
1 7384
0 58
1 5371
1 6143
0 83
0 65
1 3100
0 23
1 4870
0 89
2 8180 4662
1 4290
0 79
0 69
0 98
1 6403
2 3615 374
4 518 7244 6126 8251
0 37
1 6896
3 6805 2766 3399
1 3945
0 61
1 5260
1 6251
5 3915 8970 1632 1173 2247
1 9680
1 3341
4 7788 1666 5425 8077
1 5419
0 34
1 4856
3 3356 1385 7142
0 90
0 23
1 8269
1 5838
0 91
0 97
1 741
0 78
1 5501
1 8887
0 43
2 483 5522
4 6089 9023 6673 1585
0 97
2 7290 2302
0 14
2 4377 4241
1 7230
2 624 9712
1 4650
0 40
2 1024 1159
0 96
2 4064 469
0 85
0 25
0 41
0 53
0 100
0 23
0 5
1 7163
0 53
2 7503 6925
2 4499 7094
2 735 7552
3 4319 4764 2008
0 35
0 20
1 4258
3 1452 1737 6261
0 13
1 829
0 80
0 93
0 48
0 97
4 8428 7196 9793 5632
1 9448
0 99
2 987 780
5 484 2586 9529 366 9013
3 5017 4964 8318
0 5
0 90
1 496
2 9563 6217
1 9350
0 83
0 38
0 73
1 3211
0 2
0 5
0 13
0 30
2 3842 7118
0 98
6 1270 5893 5429 6276 6549 450
0 79
0 24
1 7900
2 4850 2758
0 97
0 40
4 3709 7483 9734 1311
1 9564
0 16
0 96
0 56
4 5947 1212 6125 8949
0 50
2 2389 901
0 80
0 82
0 19
2 1355 7354
1 881
0 21
2 6885 1017
0 66
4 6891 4120 5547 1567
0 50
2 3196 1720
0 85
1 9359
0 21
1 3446
1 8989
0 81
2 7524 9400
1 4575
2 9308 3682
0 77
1 1160
0 42
0 30
1 5396
1 7975
1 4354
0 67
2 788 141
0 17
0 28
0 1
1 1932
1 4931
1 2105
0 94
1 2600
6 6625 3404 8352 9336 5415 8135
2 9406 1280
1 1606
1 8295
1 678
1 9916
0 73
0 65
0 20
0 33
0 23
1 8455
1 3735
1 3634
1 5845
0 67
0 44
0 69
0 86
0 30
4 5244 4304 985 3911
1 6147
0 74
2 4082 4007
0 37
0 92
0 47
0 64
4 9207 4286 1142 1072
0 40
0 96
0 88
0 40
0 36
0 8
1 280
2 3874 6152
0 99
4 5256 2161 3890 7252
1 2000
0 64
1 4302
0 2
0 97
1 9922
1 7558
1 7857
2 6290 6108
0 16
0 40
3 9096 9991 4637
5 7537 8133 6098 7691 320
1 5798
0 18
0 85
0 21
0 75
0 20
8 7768 7796 9608 3051 1865 2532 4063 9375
3 8394 352 688
1 4815
0 77
0 10
0 13
0 22
3 1207 6464 7378
2 1906 5468
0 14
0 95
0 41
2 6457 425
0 93
0 98
0 73
1 9851
3 4391 1485 3308
0 11
1 2022
0 27
0 67
0 54
0 75
0 100
0 23
0 97
4 3194 29 6513 9773
1 9142
0 4
1 623
0 19
2 1617 1820
0 16
1 5979
1 2131
0 49
0 80
0 78
2 8185 9941
0 83
0 61
1 2459
1 5298
0 38
0 76
3 9175 3490 5389
0 87
4 8481 3345 3088 1672
3 3944 5079 2697
0 57
2 5502 8953
2 4344 9069
1 4392
0 4
1 4668
2 5705 4361
1 2747
0 47
0 55
0 3
1 4041
2 4754 2323
3 6044 1481 5961
0 52
0 49
0 76
1 8762
2 305 4076
1 5682
6 2463 8102 9006 732 1108 9544
1 5261
0 53
1 8870
0 37
0 11
0 83
2 6122 1741
0 27
1 9122
0 34
0 67
0 78
0 26
1 823
1 4997
0 91
1 6923
4 5403 5544 6392 436
0 11
0 95
1 3984
0 28
0 57
0 49
0 3
0 63
2 31 5965
0 83
0 64
0 34
0 35
2 3799 175
2 1678 144
1 3012
1 5814
0 27
0 97
0 5
1 3041
0 58
0 89
2 6749 7587
2 7236 8314
0 98
3 3122 8905 5308
1 8371
1 7489
0 34
5 5728 2923 7730 7863 4598
3 39 8302 6761
0 78
1 330
0 71
0 16
0 25
3 744 2142 4125
0 28
1 6277
1 6294
8 6654 6299 1179 8755 3725 6071 3849 9969
1 8042
3 3084 3583 6019
2 5572 4254
1 3655
2 9229 3278
0 90
1 4853
2 6518 8439
0 85
0 99
2 9117 5182
0 24
0 93
2 2225 6293
0 50
3 6265 6993 7648
4 4979 4386 1802 6432
1 4897
2 843 7285
0 90
1 476
0 8
1 5447
0 9
2 5372 8200
0 30
1 6985
0 90
0 44
0 92
4 1960 6994 8491 9865
4 7697 1496 3433 4934
4 5542 9395 9601 5087
1 1651
0 37
3 6644 2031 2371
0 96
0 43
1 419
1 7479
4 4641 3481 2660 9391
1 2715
5 9263 815 3307 6845 353
4 9770 9093 9672 7405
0 54
1 7144
1 4838
6 3351 8814 9974 3461 5151 5742
0 2
0 23
1 918
0 56
0 87
0 71
0 78
0 3
5 2534 9293 5503 1198 7883
0 66
0 68
1 3430
2 6857 6407
0 31
0 40
0 49
1 9413
1 9514
0 16
0 82
1 707
9 2948 1301 1030 9623 3175 5989 3047 2272 3939
0 60
0 89
0 41
0 54
1 5951
1 1535
0 54
2 6792 4584
2 8422 2921
1 6830
0 96
1 3448
0 39
0 48
1 9739
3 1696 6045 5656
1 983
1 872
1 5126
5 2763 5118 1216 1974 382
3 4379 958 9362
3 7819 3543 3350
0 83
0 88
2 3790 1008
0 53
3 818 7531 1081
1 3201
0 89
3 7203 8469 7320
1 4178
4 5482 5275 1315 7265
0 76
0 48
2 2108 1174
0 21
2 6111 2252
0 20
0 91
2 3526 8806
1 6599
1 2462
0 90
0 84
3 9978 8987 2050
1 3535
0 17
0 22
0 73
0 53
0 29
2 9934 1095
0 33
2 388 7842
0 77
0 62
0 73
1 4448
1 1711
0 13
0 99
0 46
0 26
0 54
0 54
0 17
0 67
0 9
1 1645
3 7522 9211 3631
1 6035
2 7508 808
3 190 9192 6741
3 7644 7549 7899
1 6907
0 6
0 71
1 5012
0 30
0 91
0 42
1 9749
0 39
2 4776 180
4 7578 6850 4176 4343
0 21
0 98
2 9661 9306
3 100 5081 5852
2 3352 6006
1 3462
2 1222 2090
1 8933
4 78 7137 783 1912
1 6952
1 8587
1 7110
1 865
0 78
1 9214
0 55
3 4910 6588 6729
0 71
1 9418
1 5524
0 55
1 6321
1 8713
4 7014 2569 2511 131
0 31
1 2834
0 86
2 9344 5873
1 4783
0 12
2 304 532
0 74
0 56
1 5251
0 52
0 47
0 92
0 82
2 5621 2449
4 2632 8051 1588 8043
0 15
0 39
3 6091 9649 6377
0 90
0 65
2 7696 6195
0 75
1 6701
1 9677
0 70
0 49
2 8313 9664
3 2437 2938 297
0 8
0 2
2 4967 9619
0 16
0 19
3 1043 2930 4388
1 1995
5 8137 779 2126 4317 2135
0 62
0 81
0 47
1 2765
1 8911
0 45
0 22
0 12
1 5666
2 4100 7223
0 34
6 5741 866 1669 4428 8034 7577
2 8321 4996
0 20
1 9232
2 3831 4238
0 71
3 7474 6434 6075
0 87
0 11
0 15
1 2151
0 97
3 595 1492 4938
2 6676 6708
1 2086
0 74
1 9340
2 2791 9552
1 9583
3 5026 8869 1237
0 50
1 5197
0 4
1 64
0 17
0 59
0 83
1 3148
4 9286 7442 4153 5617
1 345
1 4121
0 59
4 479 4659 8158 4690
3 851 6225 1163
1 850
0 74
0 86
1 7770
0 23
0 93
0 24
0 93
0 66
0 47
0 24
0 80
1 6641
0 56
0 78
1 2083
0 41
0 74
2 7664 440
1 2335
0 83
5 4396 8897 8100 8257 5997
1 5101
0 34
1 6662
0 95
2 7056 9697
0 71
1 3155
2 5495 7716
1 4935
0 74
0 49
1 5847
0 34
0 79
1 1515
0 41
2 6932 40
0 40
1 8140
1 2244
2 8227 3852
2 682 1028
8 9450 9453 284 3260 9950 9052 8316 1763
4 3541 8071 9638 5681
1 5331
0 2
6 400 2472 3835 9250 4665 801
0 10
1 9844
1 3219
0 71
0 44
0 92
0 46
1 3454
0 41
0 37
0 27
2 5846 4019
0 41
2 7924 9671
1 7986
2 2714 9633
5 3853 1503 6939 6809 6501
2 8709 1561
0 38
0 57
0 29
1 2516
0 72
2 4868 8649
0 24
3 6440 422 8884
0 10
1 8261
1 5072
2 5376 3410
2 8438 7608
0 58
2 399 9706
0 19
1 6685
1 6557
2 5714 5276
0 52
0 18
3 8719 6696 402
4 9056 6563 9210 426
1 9678
3 7728 3847 6872
0 34
4 8004 1709 1816 3657
2 5973 749
0 89
0 68
0 98
6 5560 8327 4766 5164 1990 6517
2 8191 2249
0 84
3383 9059
8990 2971
4178 7054
8544 4211
1761 4237
