100 10000 5 0
6980 2235 1118 7026 4663 6270 6709 5608 4576 1484 390 1824 264 7021 7264 3360 8143 5284 2038 4504 9033 8447 1921 5858 5685 309 5851 5816 8496 8842 5736 5952 2322 3002 6497 7306 6136 4871 784 7448 3567 4 331 4464 285 470 2611 2971 3805 3237 5217 8827 7713 7397 5094 4236 3529 2066 2937 6169 9509 1456 282 3546 2762 3222 555 4781 163 3146 3746 648 9778 9059 7762 8394 6297 3781 9708 5295 6304 4814 299 7054 1813 4490 2343 4029 2564 9216 6550 9206 8483 3141 7522 7791 4957 7039 8774 7346 
0 24
0 99
2 3921 6897
13 3546 3781 8453 1877 7888 430 8752 3926 4862 2253 2266 5949 2058
0 20
3 5186 7766 8699
0 84
2 8311 3829
0 39
0 5
0 29
3 8111 991 4764
0 32
1 1506
1 9392
0 73
0 64
0 34
2 3482 4343
2 6217 6597
2 155 4551
3 824 9674 8407
0 81
0 54
5 4350 3367 4292 7135 5462
1 4435
0 92
1 3532
2 5821 5560
2 1989 6040
1 750
0 77
1 9582
0 1
0 28
2 9884 9050
1 8160
2 7047 8405
0 38
0 11
0 90
2 9057 267
0 86
0 71
0 96
0 28
1 7887
1 5731
0 21
0 4
0 78
4 181 5477 9833 7428
4 6426 1448 2866 64
0 83
1 7849
4 7947 9837 5469 682
0 49
0 23
1 6120
1 4495
0 51
1 5254
4 8928 1945 2623 1966
0 11
0 27
0 91
0 24
1 1460
0 71
3 8089 6562 8921
6 4248 2443 1911 2431 9570 7088
1 73
1 5747
2 9802 7585
1 5279
4 5056 5804 5670 1674
1 3303
1 8615
1 305
0 53
1 4958
0 32
0 50
0 15
1 9354
1 5856
0 2
5 2346 9645 5405 9774 7383
0 96
3 6285 407 8208
2 8778 6571
0 50
0 46
0 50
5 1549 2157 6218 7543 208
1 7820
0 98
2 4126 353
1 4064
1 1159
0 78
0 66
3 1800 306 157
0 77
1 3843
1 8600
0 19
0 70
0 41
0 100
0 41
0 63
0 59
0 40
2 7208 6059
1 9189
0 59
1 3780
1 974
1 2805
0 30
2 7834 8408
0 82
3 125 1268 3334
0 32
3 4337 9387 5899
1 6495
0 28
0 97
0 97
0 89
0 92
6 6 4458 1880 797 1976 458
2 2997 4844
0 94
3 8303 3654 6474
0 90
1 9328
0 47
0 83
2 9797 7577
0 29
0 80
0 16
0 34
4 2713 2464 6378 7250
0 4
0 94
0 3
1 4478
1 1641
0 17
0 19
0 24
0 94
0 94
1 4585
0 26
0 77
5 731 6516 793 3638 2213
2 5884 2840
2 62 5287
4 9743 253 7970 6820
0 85
0 56
2 9472 8162
0 62
0 37
0 37
1 7371
4 3234 912 8735 7555
0 53
0 61
0 30
2 189 9174
0 79
0 76
1 4877
0 64
0 29
1 7151
2 8609 1530
2 2238 551
3 4759 5384 7096
1 623
1 4795
0 77
1 8802
3 5054 6665 4966
2 8095 5577
1 3185
1 1625
1 7338
1 6130
0 4
0 62
0 33
1 3573
1 5130
2 3243 5693
1 261
3 4450 9565 7413
0 29
0 5
2 6830 2075
2 4915 2976
1 4973
0 73
0 62
2 4296 8021
0 11
0 58
0 31
0 49
4 1633 453 9680 6522
2 4690 1163
1 4210
0 53
3 1481 9527 9531
4 2130 7465 3824 600
2 1409 1655
0 97
0 15
0 37
1 2824
3 9898 8532 2466
1 1897
1 6685
0 95
4 2633 4946 8285 169
1 6837
0 79
0 2
0 2
1 3151
1 5097
0 79
4 8015 9839 8848 1412
0 82
0 85
2 6352 1071
0 15
4 489 2294 4488 5492
2 3799 6090
0 64
0 9
1 6369
1 3304
1 8864
0 3
0 11
0 78
3 8956 2666 4001
0 75
3 5904 2826 6758
1 4097
2 6781 7364
0 1
1 7082
1 4956
2 4797 4369
3 3194 4050 5643
0 70
10 5284 8496 9509 5894 2946 3117 3517 6481 8029 3758
6 1629 3143 6083 2858 6966 1379
2 4105 9512
0 80
3 7619 16 9250
0 50
2 9894 931
0 9
0 68
6 3545 3283 3231 492 9723 2165
0 14
0 79
0 32
3 6838 711 9870
1 9581
1 4618
3 4828 141 9769
1 9308
5 6304 7346 7588 4165 816
1 2140
1 7393
6 1798 6441 846 4069 6068 5253
1 3813
0 36
0 71
3 2112 9277 1875
0 64
0 82
1 9767
4 2677 3845 9816 2178
1 7915
6 6126 7890 1622 1517 3292 6450
0 84
1 7342
0 59
5 7643 8985 3149 7421 9995
1 9282
2 7574 406
0 60
1 465
0 54
2 6134 9491
5 5809 5021 1122 7705 2926
1 2372
1 2862
2 3321 93
0 93
0 39
1 3411
0 81
2 2197 3552
1 9214
1 7600
3 9827 5036 3998
0 56
5 8881 1635 5096 4320 5068
0 97
0 69
3 881 3937 7073
2 8561 4271
0 24
0 29
1 1134
0 35
3 241 9764 8125
1 5271
2 4325 7598
7 3222 6297 8192 2890 7212 3591 2835
0 51
0 30
0 80
0 74
0 23
5 3741 1589 76 5424 8658
0 17
0 50
1 1505
0 68
1 9409
0 22
0 74
1 4177
1 1238
0 97
2 9482 6867
1 5582
0 21
0 50
3 4565 1769 6741
0 33
0 67
3 4669 1582 4675
3 1024 2663 5708
0 40
3 6496 7750 3300
2 4912 5771
0 59
0 64
0 9
1 3224
1 325
0 9
1 4749
2 6082 3558
0 60
0 70
0 79
4 4193 7462 6380 9667
1 8186
0 58
1 7735
1 6141
1 334
0 50
1 4528
1 3594
0 54
1 9977
0 60
2 5476 7247
1 5957
4 9088 4487 6906 850
1 195
1 3749
1 3717
0 15
5 5952 7306 2886 857 9943
6 202 6699 5306 8188 2756 2148
8 4438 7984 5005 6995 4466 673 506 3642
0 32
4 3380 5025 8402 7662
1 6834
0 78
1 7876
1 4202
0 63
1 8841
0 65
4 280 7691 2379 7567
0 77
0 22
2 6756 9865
3 8590 5912 2018
1 7996
0 16
1 9641
0 38
0 79
3 8272 698 1515
1 7475
0 31
0 28
0 52
9 5114 3956 8476 6246 3969 314 4893 6073 192
1 8365
0 48
1 3960
0 82
1 7520
0 45
0 50
0 95
0 23
2 2646 4857
1 1617
0 73
9 456 8325 6154 4408 8127 8243 7715 6042 8804
2 9234 5230
0 33
0 93
0 7
0 91
1 9790
4 5831 1990 3135 8640
3 1252 6417 8173
0 86
1 7932
0 27
0 43
3 653 1443 4907
0 75
0 82
3 6319 6754 5932
1 2400
0 14
0 83
0 23
0 49
0 22
2 8420 1747
1 4225
1 9315
3 8350 3607 4850
6 4228 2219 4645 3397 3124 9414
0 84
1 5218
0 89
0 98
0 23
2 3454 8260
2 4006 6799
0 25
0 83
0 35
0 8
0 15
8 4781 7791 8914 6398 4203 2378 5517 3979
0 46
1 1229
1 7641
1 4460
0 14
0 27
0 67
1 1315
0 28
0 20
1 3497
1 4482
0 55
2 3468 1652
0 54
3 5839 1001 7726
0 43
0 8
6 7682 3066 9305 7669 3317 9017
0 1
1 8839
1 1701
0 67
0 87
0 57
0 85
0 17
0 37
0 85
2 7816 5504
5 8374 2357 6762 9331 9711
9 2716 4655 6085 215 4365 1933 1720 865 8542
0 70
0 80
0 12
0 34
1 9046
0 20
0 53
0 85
0 51
0 68
1 1206
0 26
0 90
0 43
3 5514 1866 2055
3 1425 4430 1069
0 75
4 8017 8960 5976 1696
0 80
0 1
2 2022 3331
1 4856
0 82
3 2699 5062 3628
0 82
0 3
0 59
9 9268 2964 1669 3043 216 7899 6967 1056 4353
0 35
2 8079 6306
0 5
0 83
0 22
2 8452 7654
3 7974 8813 5630
0 94
3 2318 7778 5423
1 9793
1 6528
0 59
0 33
0 94
0 88
2 2555 9165
0 49
3 7550 144 58
4 4778 1663 4470 999
0 100
0 6
1 6527
1 1640
0 92
3 6531 2797 9289
1 9848
0 18
0 11
1 2193
3 7340 1062 2925
0 56
1 1320
0 7
3 4036 8470 4453
0 99
1 4463
2 7623 6956
0 16
2 7229 2681
0 45
1 906
1 1540
1 269
2 8037 3241
0 22
0 48
0 92
0 41
1 4836
1 3635
0 63
0 56
0 64
1 469
3 5542 8727 2932
0 91
4 2629 8400 3212 986
0 79
1 2995
0 37
0 68
0 11
7 1804 6621 1462 670 4252 1420 1208
0 18
2 851 4063
1 6449
0 77
0 7
0 96
0 49
0 18
0 70
0 6
0 29
0 55
0 31
10 1715 7582 6982 6144 4825 3499 2261 9676 1904 7953
0 50
1 2700
0 76
1 9082
0 79
0 84
0 81
0 12
1 8770
0 45
2 5240 5011
0 4
1 7627
1 7920
2 7745 130
0 17
0 4
1 2485
6 6622 4396 9453 9016 1047 3997
0 87
0 63
0 31
3 742 4698 2803
1 2596
1 3877
0 89
1 3598
1 2247
0 71
0 10
0 4
1 9785
1 5969
0 36
0 50
1 4081
0 81
2 1317 1592
0 65
0 84
3 537 632 7313
0 20
2 7137 2525
0 100
0 18
1 1496
0 73
0 34
0 21
1 4746
2 6125 7055
1 373
4 3022 5374 323 4280
0 61
0 38
1 2697
1 6227
0 16
1 168
0 8
0 69
0 61
4 8856 7232 6064 9433
1 6650
0 1
0 48
4 2625 5981 8137 3189
1 5414
1 3156
0 30
0 36
0 83
0 10
0 71
0 21
1 955
0 26
3 5564 2754 4523
0 31
3 1054 2196 6030
2 2448 7884
5 8387 7769 7873 2758 6636
0 65
0 48
0 86
0 40
0 83
0 19
0 47
0 71
0 18
0 62
1 4067
0 59
3 2281 3068 311
0 72
0 37
0 4
4 4424 1593 6049 9732
1 7015
3 2944 3228 8486
1 8306
1 24
0 15
1 4919
0 19
1 1808
3 7759 56 3710
4 6216 8594 1843 2780
4 9500 2495 9620 2719
0 65
1 6400
0 52
0 91
0 54
2 3616 2580
0 3
0 92
0 98
1 2655
1 9187
0 18
0 25
1 1873
2 3857 8565
0 85
0 6
2 6686 6615
0 62
0 75
2 1121 4267
0 83
0 10
1 6684
5 7283 5940 5095 4121 4886
3 3406 9938 9212
1 7422
0 95
2 9098 4361
1 48
5 5819 3074 3134 3516 4383
0 11
4 2661 7419 7505 1754
4 1684 8740 9080 6671
0 2
0 47
0 1
1 3498
0 94
0 7
0 65
3 2534 5420 713
1 6749
0 35
2 211 1947
0 21
1 9803
0 77
1 5169
0 34
0 49
0 100
0 42
0 11
0 35
1 9618
0 58
0 36
2 254 6411
1 5573
0 38
1 5020
0 48
2 477 9302
0 70
0 3
5 331 7456 566 8133 9758
1 6793
3 4156 8275 4531
0 12
0 15
1 9121
1 2315
0 98
1 7679
1 2895
0 39
0 78
2 3421 2125
1 7881
0 78
0 92
1 6577
0 31
2 9183 982
0 87
0 90
2 3806 3340
0 66
2 4505 394
2 6983 5654
0 40
0 55
4 4706 1124 4776 4327
8 3560 9501 4288 895 8593 4513 5042 2403
1 4826
0 84
0 23
2 9400 1767
0 17
0 47
1 273
3 2514 6554 3285
0 69
1 8261
1 8512
1 2420
0 45
0 11
0 70
1 7370
0 60
0 66
3 2615 9669 3972
2 5716 8026
1 3561
1 3463
1 474
0 35
1 9104
0 38
0 35
3 4830 3753 8157
0 25
3 4405 182 2457
2 3899 7936
1 7815
3 6415 466 4867
3 807 1172 8342
0 34
3 8142 8681 5701
1 7958
1 1198
2 75 9408
2 2185 4767
2 9539 6001
0 41
2 4287 663
1 3072
1 8997
1 6807
1 3344
1 2865
0 8
0 71
0 85
0 72
0 72
2 3188 1529
0 36
1 9935
1 9135
1 2604
0 38
2 4178 4621
1 9860
0 36
2 9815 4442
0 48
5 1215 3293 8618 2968 8662
0 97
0 84
3 6324 1711 3784
2 3385 1510
1 6628
0 15
0 12
0 31
0 38
3 1579 3375 342
0 87
2 2209 4159
1 8989
2 7537 2610
1 4086
1 1967
1 3014
0 30
0 53
0 48
4 2194 3701 2977 4501
1 197
0 18
0 16
0 39
0 6
1 9075
0 46
0 51
2 9554 455
1 2181
0 27
2 3178 7143
2 5077 515
1 6401
0 63
0 82
1 1313
2 3666 7375
3 7859 4686 9218
0 82
0 77
2 2668 7795
1 1987
0 25
0 50
1 2985
1 2528
0 73
0 32
1 1106
2 8057 9393
0 71
2 7872 3569
1 1368
3 1070 87 7094
0 43
0 77
2 3299 9807
0 64
1 5468
5 1410 7329 9646 1907 7174
2 2678 1670
1 2960
0 36
1 3236
2 3695 7668
0 46
3 5511 2581 7605
1 3610
1 4449
0 84
0 34
1 173
2 768 7928
2 3719 4227
0 53
0 55
1 2248
0 84
0 19
1 5778
1 7949
1 7742
0 25
6 8294 8990 4603 2067 6317 4577
1 959
2 9096 4354
2 7612 6664
0 76
0 23
0 1
4 3013 4807 8696 9345
1 1574
0 75
0 11
0 99
0 28
1 5153
4 3429 4275 8762 275
2 2809 6928
0 73
0 40
0 12
2 1170 4922
0 87
0 77
0 97
0 57
1 7113
3 7046 7935 9124
3 8195 2275 5101
0 87
0 86
0 18
0 60
0 17
1 7217
0 72
0 48
0 100
0 99
0 83
0 40
0 9
0 17
0 32
0 31
3 478 5311 8806
1 9851
4 1678 9724 5400 2560
2 2062 8861
2 890 1500
2 2234 1128
1 7218
0 56
0 20
2 361 513
2 9397 2811
0 62
1 6176
4 3126 374 7846 3818
0 55
0 18
0 41
0 38
0 46
0 27
2 3324 1895
0 14
0 9
3 289 4368 139
7 2785 4023 244 2572 3152 1495 8411
0 55
2 5119 8302
0 42
1 9604
0 64
1 2689
0 62
0 87
0 77
0 24
1 7822
1 4456
0 28
0 71
3 7656 9148 5440
0 16
5 1734 9131 6271 1038 3967
0 89
1 7615
1 2270
6 907 8798 6189 1162 6549 6770
0 12
0 70
1 4929
1 6594
0 79
1 700
1 395
0 89
0 9
0 64
2 738 4019
0 84
3 710 5888 7651
1 2441
0 56
0 60
1 9889
0 71
1 1834
0 57
0 86
2 7488 8263
1 6942
2 5249 5661
1 23
0 60
1 9023
0 34
1 640
0 29
1 348
0 8
2 2439 2961
0 63
3 8832 7545 4138
4 4607 3929 5092 9694
2 6948 1041
1 1357
0 94
1 6515
3 3671 2300 1359
0 68
1 8245
0 71
0 54
2 6901 6798
1 9095
1 8780
1 2648
0 78
2 1389 1397
0 57
0 85
0 5
0 44
2 3861 7314
5 2103 5755 4927 1644 2393
0 51
0 39
0 21
0 91
0 38
0 29
0 43
2 1660 1931
2 4559 3708
3 5608 4576 390
1 6598
0 61
2 1418 953
0 19
0 42
1 7394
1 4658
1 592
1 7437
1 3265
2 3580 1580
2 6914 739
0 90
0 30
1 651
0 69
0 88
1 6325
1 1502
5 9019 4520 3019 5571 396
0 3
0 7
0 25
0 22
0 17
1 6707
0 75
1 8766
0 17
0 92
0 19
4 3936 220 868 9932
2 6164 975
1 1166
1 5196
0 46
0 24
0 52
1 5124
2 5500 6018
0 15
1 1146
1 7851
2 8404 3157
0 99
2 9111 7291
0 97
2 226 3659
0 84
3 9346 8959 719
5 7017 832 7838 5554 684
0 35
1 1408
1 8499
1 4499
1 2381
1 8683
0 86
0 31
2 3093 7823
1 6656
1 7938
0 18
0 66
0 55
0 80
0 26
1 9507
1 3523
0 73
0 70
0 10
0 47
2 3946 6173
1 7136
1 9751
2 8978 5627
0 25
1 2049
0 54
0 62
1 619
0 94
0 9
1 1618
0 79
0 89
0 6
2 5692 341
0 74
0 72
3 9417 5385 5799
0 90
1 1766
1 7857
1 2898
5 5079 3629 5873 7018 1308
0 86
2 702 7900
0 25
1 1719
3 7241 7380 204
1 6788
5 4382 3370 4557 2768 8966
2 7719 8971
5 3699 7127 942 2674 5415
2 7144 6532
5 4780 385 9621 639 985
0 50
0 53
1 8537
1 7761
2 9824 6584
0 90
0 32
0 13
0 35
0 8
0 11
0 88
0 69
0 95
1 4670
3 8014 6046 1171
0 6
0 13
2 6728 4000
1 783
0 20
1 1192
0 11
0 7
0 73
1 8070
0 25
1 255
4 194 1755 4721 2409
0 65
3 5085 8636 224
1 1954
5 6360 1572 8088 3050 4789
3 4423 3226 6063
1 103
0 99
4 7751 9340 6655 2558
2 9609 1520
1 7128
0 50
3 7571 815 3874
1 5759
0 86
2 2342 9973
1 6195
0 43
0 14
3 7902 8334 9487
0 95
3 4613 3496 6748
1 3704
3 3991 1953 1773
0 35
1 7965
2 4161 2772
1 4611
0 29
0 74
5 9423 7121 5868 4379 2487
0 23
5 9160 3902 9533 1892 4739
0 41
2 688 8053
2 5185 4636
0 31
0 37
1 9391
4 9065 9151 1235 174
0 12
0 72
0 54
0 28
2 4206 8174
0 31
1 5366
1 4281
1 6147
0 29
0 6
0 23
2 1984 7343
0 31
2 1631 3409
3 5893 8536 2494
1 3533
6 7635 1225 4134 4016 7381 5955
0 18
0 34
1 4678
0 88
0 90
9 9382 2090 6376 8141 3788 2056 3510 9272 9334
0 11
0 3
0 25
0 99
2 3419 1426
0 25
0 66
3 9822 8380 8018
1 149
0 46
1 2445
4 7663 8664 8943 4667
1 2160
1 9336
0 23
0 66
0 91
0 84
0 6
0 55
0 23
0 14
3 1236 9287 5686
0 26
0 56
3 6721 6511 3095
3 669 532 896
0 100
0 58
0 72
4 3301 367 1706 6530
2 9072 6766
1 9238
0 37
1 3472
2 6223 6252
0 63
0 28
0 60
0 86
0 54
0 32
2 2825 2162
0 48
6 7724 9945 5634 4682 8573 6289
1 8616
4 1483 5106 8213 8336
1 2757
0 98
2 6407 512
4 9965 3033 3426 8034
0 29
1 463
1 2884
0 10
0 25
0 33
0 7
1 8982
0 27
0 35
5 2366 9779 5066 8874 5617
0 44
3 3495 1816 7045
2 9260 8627
0 59
1 1091
1 3980
1 8828
0 49
0 77
2 661 1332
0 19
0 88
2 7854 5662
0 32
2 3158 5029
0 59
1 6171
0 57
0 41
0 54
0 82
1 8461
1 6850
0 4
1 100
0 9
0 57
0 71
0 80
0 3
0 31
0 64
0 62
0 8
0 57
0 12
0 50
2 2446 4243
0 2
0 100
0 65
1 3176
0 73
1 3207
2 1687 6547
0 45
1 4058
0 96
1 2542
0 41
0 91
0 18
5 5869 3423 5199 7610 2150
1 3809
0 34
0 77
4 8661 5909 7473 8792
0 66
0 35
1 7709
0 76
0 81
4 9241 4315 6347 976
2 3466 1394
1 4761
0 13
1 7796
0 21
1 4989
1 4906
1 2482
0 52
0 95
0 49
0 20
7 2071 3944 2512 5368 9735 3928 590
0 9
0 67
0 80
0 6
1 6854
2 3554 2455
1 1199
3 5463 9651 2291
2 6794 2585
0 13
3 1690 6112 2547
0 32
1 1736
0 85
0 63
1 3262
0 65
0 59
10 530 126 7173 1289 4540 9845 1173 8888 6968 5761
0 75
0 42
2 8231 678
0 50
0 43
1 8815
4 443 293 550 3007
4 786 6386 3716 822
7 2322 5094 3146 4260 6637 9693 829
2 7732 3017
2 5043 5140
1 9109
0 58
0 34
0 69
0 57
4 6292 3835 5501 5631
0 18
2 943 433
0 91
0 20
0 52
0 59
1 4840
0 33
2 8391 5751
0 35
2 8799 4953
1 9690
1 4057
1 1436
0 55
0 61
1 1906
0 32
0 91
0 19
1 4728
1 3975
0 43
1 7401
0 77
0 40
2 1316 3462
0 35
2 7684 2548
1 3163
0 12
0 16
2 8890 4078
2 7085 5671
0 48
3 5416 3747 7661
0 57
1 2994
0 3
0 95
0 53
1 6698
0 71
0 78
1 9583
5 6457 8570 6697 1532 2341
1 3762
0 81
2 543 6954
0 29
0 7
2 8259 8055
3 3827 8893 8501
0 49
1 2450
2 1679 6601
4 8241 3589 5499 8286
0 65
0 75
0 95
2 2736 7010
0 91
3 9616 5063 3114
4 8280 171 9818 8782
0 13
1 5758
1 6572
0 58
1 7043
0 54
0 98
2 4955 6095
2 4817 7069
1 222
0 79
0 40
6 2766 8440 9118 3416 1840 3338
0 7
0 76
3 2526 6265 3775
4 913 203 818 4366
1 5053
1 5568
0 3
0 1
2 1630 8869
0 95
0 39
1 6350
0 67
0 52
0 69
0 66
0 98
0 8
2 2000 4240
1 5801
0 44
4 4615 9897 4055 7847
0 91
1 4920
0 40
2 6375 6355
5 2791 4237 4416 1961 9969
0 23
1 8249
1 1829
2 4656 5512
1 1239
2 9193 2206
0 21
0 40
0 48
2 2044 4332
1 5793
0 16
2 7646 5861
0 46
0 80
2 6701 9957
0 52
1 5131
1 2679
1 9739
0 39
0 71
2 8317 6148
0 93
3 5995 2226 4876
0 42
0 2
0 82
0 20
2 3686 4285
2 336 9705
0 23
1 5610
1 2388
0 3
1 5219
0 66
0 17
0 58
2 7517 6261
0 11
1 6986
0 100
3 9707 31 3885
2 9455 7223
0 46
4 8481 7536 6178 3720
1 7400
0 62
0 21
2 8353 6585
0 67
0 26
1 9882
0 13
0 27
1 140
0 45
0 11
0 34
2 1896 37
0 45
1 581
0 96
0 40
1 1393
1 5143
0 69
2 5960 1149
1 8314
0 7
5 8062 6114 7772 3759 8371
3 2515 4163 381
0 67
0 40
0 50
2 5018 2419
1 8651
0 27
0 87
2 3361 8268
0 80
2 6047 4425
2 7626 5600
0 12
4 1848 4753 5103 8033
0 79
2 988 8262
0 97
0 16
0 40
1 7289
1 9545
0 7
0 45
0 73
3 3279 8578 7107
2 3425 8005
0 49
0 83
2 602 2885
0 57
2 418 4805
1 6008
0 4
3 4858 3750 1927
0 62
0 22
2 7386 7185
4 1187 9254 7048 9163
0 91
6 2108 4229 2243 6437 3137 9741
2 9256 3492
2 3544 6734
0 90
4 8163 1115 8852 7998
3 7345 4591 8436
0 64
4 8716 6039 7959 7362
0 81
0 7
2 4185 8193
0 52
0 27
0 12
1 6991
0 89
1 1544
0 89
0 61
1 7844
1 2421
2 9283 4747
1 8868
0 33
0 3
6 9990 2945 8952 4589 9819 7253
0 88
0 2
1 7593
0 23
0 57
0 4
1 4766
0 40
5 3428 8372 5349 2241 7903
0 87
0 30
0 47
1 3539
1 3327
0 54
1 1288
1 2947
0 55
0 16
0 47
0 81
0 76
6 7227 8862 8849 6281 2841 8060
0 45
0 16
0 87
0 65
0 67
0 53
0 4
1 2396
0 56
0 95
0 51
0 86
1 9210
2 6391 5344
1 6923
4 4631 8744 3783 4028
0 5
9 417 4376 3518 2116 6654 4741 5690 6657 6626
1 5154
0 4
0 69
1 1676
1 9339
3 9964 6638 3596
2 8123 6161
0 77
0 71
2 5335 2326
2 8381 136
2 1362 3881
1 288
0 18
0 63
1 8714
0 61
4 486 524 3476 4849
0 6
0 8
0 83
0 44
1 1034
8 4977 1609 5741 5064 6567 3192 5977 1981
5 5340 2883 3328 6054 4216
1 6691
0 7
1 4200
2 3248 1167
3 7942 8816 7677
0 73
2 5297 1900
0 8
0 31
2 3458 8308
1 5303
4 7918 8493 6028 3579
0 53
4 4490 8652 9251 4535
0 8
0 8
0 55
1 5900
1 8904
1 8218
0 82
4 3575 7997 3071 5621
0 79
0 36
8 8842 1728 9578 5411 1859 1811 5431 3965
0 96
0 6
1 5246
1 9172
0 70
0 73
0 97
2 9532 7580
0 59
3 1201 9573 7554
1 7848
0 95
2 8927 358
2 6945 8639
4 3130 5626 7406 5352
0 84
1 9415
0 59
4 4479 8349 2354 9461
1 9537
0 17
3 1030 2042 4604
0 91
2 8114 4821
2 3760 1926
1 5490
0 79
0 13
0 89
0 85
0 89
1 1309
3 8515 954 774
0 50
4 6007 6706 9587 7952
0 92
3 5149 6210 5324
1 1140
0 2
0 75
1 5931
0 81
3 4311 6240 1703
2 312 3306
0 35
1 3932
1 5286
2 6993 3467
0 10
0 57
0 51
0 96
1 1724
1 7513
0 76
1 8525
0 21
0 3
0 29
1 4002
4 4378 5967 965 9040
0 100
1 8077
1 1307
0 36
0 97
0 23
2 3996 2426
0 6
6 1402 1390 3983 7734 4123 2725
3 8166 8036 2369
0 74
0 75
1 461
0 77
1 867
0 88
3 5834 6140 3015
2 3574 9631
1 9316
0 99
0 43
2 7716 9245
1 8351
4 5665 8204 6763 9420
2 165 6580
2 756 7263
0 37
1 8922
1 3553
0 71
0 45
0 62
0 89
1 7548
0 51
7 3529 9921 5288 845 1647 3988 7379
0 63
2 2569 4681
0 1
0 29
0 29
1 9939
1 2744
5 6949 4689 948 3046 6912
0 37
0 58
1 3261
3 3333 3274 1599
0 77
0 79
1 3682
0 94
1 5394
3 860 3319 2733
0 94
0 97
1 6801
1 720
3 2293 1847 321
1 8944
0 100
0 20
3 2852 8899 5697
1 1098
0 20
0 55
1 3745
0 94
0 1
0 36
0 69
0 84
0 57
0 16
2 1174 8331
0 73
2 3617 5245
0 93
1 788
1 7111
0 21
0 38
0 12
1 2654
1 4503
1 3563
0 5
1 5913
0 68
0 99
2 5595 7680
0 68
0 15
0 3
1 4445
1 3448
0 7
0 51
0 67
1 3506
0 69
0 59
3 8428 2351 1007
0 14
1 7166
0 36
0 29
0 26
0 69
0 63
2 8840 5715
0 38
2 4554 1533
0 27
0 52
0 34
1 4829
1 5325
0 48
2 4108 5272
1 6903
2 9914 7101
0 50
0 30
0 87
0 71
1 8462
0 93
0 38
2 7461 9494
0 28
1 3564
2 7685 8626
0 64
0 13
0 52
0 21
2 9338 4511
1 2358
2 5348 6751
0 13
0 45
0 57
0 88
0 61
0 13
0 50
1 3410
2 4422 9594
1 5189
3 9981 514 3249
1 3047
8 4504 4236 3746 689 7602 9821 2692 1347
0 84
0 85
2 1539 1344
2 7239 7006
1 507
1 1541
2 5010 3814
1 4150
2 2301 9150
2 8491 9361
1 9712
0 11
0 91
1 2012
0 87
0 83
0 52
0 23
0 80
0 39
2 899 4305
0 93
2 9748 4665
1 5733
1 584
1 5574
1 2124
5 5295 1682 4318 6538 7736
0 69
4 6484 9757 2592 2244
3 2333 7994 4815
3 3837 310 9468
5 3978 5466 8809 6592 6984
1 4297
0 47
0 73
0 87
0 32
4 8446 3349 6889 9763
0 22
1 5549
2 5584 2359
4 4758 3379 8729 2005
1 6142
0 51
2 5917 1891
0 88
0 22
3 1297 9430 6127
2 1838 1753
0 78
1 539
2 435 1937
0 18
0 66
1 3935
0 7
2 9681 86
0 88
0 59
0 58
1 6614
1 2871
0 85
3 3774 2535 2782
3 1793 1672 2158
2 642 4040
0 83
0 35
2 3198 6880
0 85
1 3104
0 38
2 6159 5677
1 3597
1 8963
1 200
4 8630 6488 8555 1428
0 41
2 2579 5695
0 45
4 2573 7771 2030 2255
0 42
0 76
4 1860 2576 7976 2801
0 12
0 77
0 81
2 3460 7463
0 90
2 4303 1744
0 91
1 2151
0 82
0 43
0 55
2 8605 7382
0 80
1 9772
1 9784
2 2032 2323
0 3
0 99
0 23
1 5996
0 92
2 6840 2973
0 18
0 56
1 1398
0 75
2 404 3004
0 57
1 7725
0 99
0 100
0 22
0 91
4 3073 231 259 5694
0 75
0 1
0 9
2 9857 9448
0 85
1 681
1 8479
0 28
0 26
0 79
0 18
1 3650
2 7782 9916
0 42
0 91
0 50
0 96
1 7967
2 4351 7266
0 95
1 5289
0 50
0 45
1 3698
4 4514 3667 5876 9243
0 59
1 6328
3 9979 9022 3525
2 7308 1048
0 36
0 85
2 6848 2777
0 35
7 3736 8047 7377 7515 283 8051 5395
1 7498
0 93
2 5456 7658
2 4273 3789
1 6255
0 32
0 64
1 7533
0 74
0 64
3 9332 6642 655
0 84
4 5170 6590 6743 3848
3 4537 8910 8918
0 88
3 6088 6878 4934
0 90
0 47
0 35
10 5470 2081 484 1705 3656 4313 8419 1886 2638 2345
1 3757
0 95
0 52
0 33
0 79
0 34
2 4414 9666
1 658
0 11
0 18
0 79
0 87
0 83
2 3844 9864
1 972
1 3183
0 54
0 69
0 36
4 4573 8292 4255 8185
2 5016 2182
0 10
4 2145 1107 8926 4820
6 7026 6497 5217 163 6032 51
2 4316 4928
5 5243 5925 9668 4664 8645
1 874
0 69
0 30
0 98
1 724
1 4370
1 8258
1 7294
2 2680 8571
0 47
0 83
0 34
0 78
6 6379 7361 502 2696 53 2352
0 30
2 610 8833
0 2
1 2488
0 79
1 2992
0 46
1 7226
0 83
0 98
5 1969 6226 18 8995 6102
0 16
0 15
0 17
1 8248
3 747 8480 41
2 5327 3664
0 71
1 1667
0 20
0 84
1 2186
3 7875 8252 8344
0 22
0 96
2 7652 4179
3 7667 1095 1874
2 7105 8068
1 5181
0 59
2 2705 8958
2 4003 8460
0 4
1 1685
0 11
0 84
0 88
0 87
0 64
0 60
2 9636 8054
2 5026 9097
2 4707 4377
0 98
0 72
3 6600 1150 7231
1 1842
0 86
1 3826
2 6792 952
0 9
2 2790 8234
0 8
1 7153
0 19
0 35
0 56
1 8236
3 8469 1142 9996
0 39
0 60
1 4692
1 6208
0 32
0 21
1 6185
1 1912
0 51
0 15
1 7457
4 784 4025 5714 3465
1 3070
0 93
0 74
0 54
0 14
1 7934
0 14
0 46
0 24
4 6253 8225 3913 9756
4 6080 5939 4549 3247
1 7964
1 6644
2 5007 9850
0 45
3 7439 3832 5008
0 70
0 62
0 53
2 4111 1241
4 8563 8730 7699 7490
0 36
0 28
1 3911
4 7367 1960 4360 5805
1 5494
1 8807
0 37
1 7956
0 99
0 38
2 4010 6128
2 4140 779
0 91
1 4688
0 24
0 77
0 47
1 2198
4 3270 6057 2532 9001
0 35
0 27
0 64
1 4999
3 3175 5633 5497
1 1396
0 58
0 23
0 60
0 82
1 9094
0 3
0 1
0 20
2 3326 1765
2 6653 5231
0 9
0 78
1 9418
4 4641 1350 1306 1164
0 58
0 14
3 5369 2453 4362
1 7675
3 805 6846 5515
0 26
0 37
0 4
0 6
0 90
1 6421
2 8892 9650
6 9058 6926 2094 934 4718 4418
1 1342
0 10
0 8
1 5426
0 70
4 697 8543 3414 107
1 8516
1 6461
0 84
0 33
3 7502 2905 8979
1 112
0 88
0 17
0 21
1 3276
0 77
0 99
0 88
1 1653
0 30
2 3315 2149
0 95
0 31
0 64
1 2479
0 28
3 9090 2171 3381
1 6241
0 62
3 958 8209 497
0 54
1 4186
0 77
1 8206
2 2104 8676
0 44
1 3954
1 9431
0 20
0 63
0 84
3 3830 4990 7002
1 3153
2 4075 4722
4 5236 8255 2286 799
0 62
4 4491 7300 1550 3685
1 5448
1 9278
1 5923
1 6396
1 4822
0 57
0 38
1 7305
1 1334
1 5559
3 4569 3088 1648
3 5678 2321 8421
1 8873
0 57
2 9129 1979
0 41
0 94
0 15
1 5031
6 7270 3621 6183 8705 6688 344
1 6300
2 5397 927
0 84
1 6517
1 180
0 23
0 79
3 9591 6410 2331
2 1616 9048
1 1855
0 59
0 40
0 69
1 9624
0 91
0 99
1 3549
4 8214 2277 4547 3255
0 48
1 3839
0 100
0 92
0 56
0 69
0 63
3 8063 3897 9446
1 6209
0 51
1 5498
1 704
0 91
0 33
1 8427
0 36
3 2676 504 2626
0 99
0 25
0 34
2 2269 3453
0 46
0 44
2 8719 8451
0 98
0 45
0 83
1 6031
0 9
3 9079 3337 3796
2 998 9474
1 2822
1 1028
4 7240 9858 9684 9222
1 3491
0 2
0 84
1 1681
0 59
1 4194
1 8552
4 3989 5074 6181 1790
0 15
0 35
2 9348 1523
1 7673
2 4650 42
0 80
0 5
1 6205
0 51
0 25
1 8747
0 35
1 2452
4 1839 928 7195 7813
0 22
0 95
0 27
0 14
2 3441 746
0 4
0 35
3 9613 5527 5537
0 7
0 88
1 1471
0 35
1 2536
0 26
3 8191 7946 8611
0 18
0 80
0 74
2 6015 6676
1 6514
0 15
1 1815
0 73
4 8399 7336 8793 6955
0 14
2 5122 9484
6 6194 7788 2367 9926 671 2959
0 14
1 1439
1 2202
0 69
1 6424
1 5439
4 1207 7620 7747 798
1 4127
0 13
0 1
3 3121 5593 1060
2 4167 4083
0 53
0 25
1 1348
0 70
3 926 516 3437
1 7754
0 16
0 47
0 21
2 6940 6921
0 38
2 9147 6659
0 86
3 4494 9820 2986
2 5658 8043
0 16
2 2943 4644
5 3443 9221 3995 703 2784
0 97
0 68
0 58
3 3882 7993 9490
0 85
0 80
0 76
0 35
2 2717 777
0 2
1 1996
1 6836
1 1292
0 45
1 2774
0 1
1 6245
0 6
0 19
3 6409 3219 7636
2 855 2177
6 4622 6175 6041 8136 5386 1329
1 6029
1 3398
0 60
1 9522
3 8838 5844 8507
5 1522 4842 9917 8121 5879
1 6393
0 1
9 7064 3442 7945 8082 3084 6428 7355 6033 9177
0 57
1 3167
0 50
3 9529 633 6069
2 1145 5048
2 4676 8631
0 65
1 9403
0 32
1 3352
0 22
0 25
0 41
0 52
1 2549
0 38
2 1992 9266
1 9167
1 2461
0 65
0 55
0 85
1 2933
0 48
5 3901 5767 4580 4031 6103
0 18
0 50
1 2350
3 292 4950 2778
0 66
0 21
1 7664
0 89
0 26
0 54
1 7690
3 98 9116 2435
0 80
0 59
1 2113
1 3647
0 64
4 8107 3259 6166 5229
0 44
3 6645 2813 1788
0 84
0 61
3 885 1759 1656
1 4447
0 21
3 517 2490 6974
3 1382 3201 2098
1 876
0 28
0 16
0 69
0 58
1 1291
3 5365 6898 6404
0 84
2 4803 7438
0 24
1 1915
0 81
1 3930
0 56
0 10
1 2135
1 2289
0 85
1 5473
1 5991
0 8
4 2505 9035 2383 8321
0 41
0 32
5 6919 1086 6327 9224 8517
0 61
1 6182
1 8691
0 12
3 8733 5792 8090
2 454 450
0 11
0 25
1 5437
1 1270
1 3849
1 7633
0 54
1 1029
2 3526 8789
1 1487
0 2
1 8412
0 51
2 6696 2240
1 8993
1 7076
0 88
0 80
0 5
1 190
0 54
2 5891 8492
1 6611
3 7277 1497 7062
0 83
1 3665
0 37
2 8156 1453
1 9600
2 1936 3350
0 63
1 5442
0 23
1 7842
0 29
0 1
2 1117 9005
2 1261 9107
0 46
0 83
3 1424 762 7276
1 9258
0 9
4 7196 1850 5441 9299
0 58
3 1233 296 5110
0 22
0 54
0 78
1 5264
0 75
3 7858 4772 4647
0 85
11 2616 9679 3756 1274 1718 405 6802 8606 9110 5475 4149
1 354
1 6368
0 20
4 9963 9372 452 7451
1 9504
1 2437
0 62
1 5510
0 25
0 99
0 79
1 9809
1 3993
0 44
0 9
0 100
0 50
0 99
0 26
0 98
0 21
0 82
3 7168 2931 4358
0 20
0 32
0 31
0 16
0 85
2 1761 5453
1 2172
1 1272
0 14
2 4071 3478
0 9
2 7767 4596
0 63
1 8669
1 8373
0 26
0 53
0 35
1 3202
0 44
0 73
0 24
0 11
0 16
0 58
0 83
0 40
1 5872
0 52
1 9688
0 77
1 7943
0 33
3 6486 4837 4191
2 6199 8159
0 53
0 53
0 48
0 9
2 7280 5166
2 5261 4993
0 22
1 1262
1 5182
0 66
0 70
4 6523 5283 8988 1109
0 73
1 4629
0 37
1 8980
1 2296
0 36
0 75
0 100
1 1916
1 339
4 7557 4489 8326 1567
1 7157
3 833 277 1714
1 4978
2 1401 1782
0 8
2 8884 9452
0 93
0 77
1 3115
3 9542 249 9055
0 96
1 3105
2 2440 5875
1 9410
1 8610
0 89
2 6201 6913
1 4242
0 43
1 9478
0 96
1 4575
1 5814
1 123
1 3077
2 7508 1878
0 17
0 14
0 71
0 48
1 2642
1 5772
3 301 7431 7349
0 63
0 86
0 92
0 90
0 59
0 90
4 3840 6414 2907 5120
0 34
0 49
7 9211 2523 7827 7202 7871 3438 5263
0 81
2 5963 6239
2 3459 14
2 3700 6795
0 72
0 82
2 5640 1614
0 49
3 5159 3197 2029
0 15
2 5041 1946
2 6301 889
0 1
0 20
2 7688 6310
0 10
0 37
2 4032 442
1 6354
0 35
0 78
0 63
1 8731
0 98
1 8475
0 78
3 1538 9435 2675
0 78
0 16
2 6555 1032
4 5482 4218 9173 8931
0 52
4 9652 4782 7968 3999
0 80
1 3689
0 66
2 6506 2074
0 94
3 5313 4965 4743
0 81
1 3660
0 80
0 31
0 33
1 1085
0 86
0 35
2 6868 5845
1 1154
1 5746
4 2996 1158 5402 6690
1 2759
0 62
0 99
0 66
0 9
1 3751
1 5280
1 5679
4 1894 1455 6902 5782
0 17
2 2910 6087
3 5433 7150 8081
0 87
0 35
0 7
0 91
0 36
0 94
1 3076
1 6979
1 242
0 72
2 3272 7205
2 5984 3681
0 25
0 29
6 7730 5726 7863 3120 8549 1512
0 82
0 78
0 27
0 67
0 45
1 9122
8 2937 7054 8483 8378 767 6256 1722 5813
1 5866
0 18
0 40
1 754
1 3264
1 7366
0 26
2 2859 272
0 100
3 2732 2028 8818
0 61
0 95
0 48
0 100
1 578
1 2080
0 31
0 18
0 92
2 467 1333
0 13
1 9169
0 19
0 72
2 6243 6465
0 30
1 5859
1 9480
1 3208
0 88
7 282 1434 7485 664 9355 2513 631
0 27
0 20
0 78
0 46
1 3484
0 66
0 6
0 37
1 3658
0 4
1 6050
0 26
0 31
0 93
0 8
1 3461
2 7056 6533
2 2882 9653
3 2688 3812 1917
2 7819 4091
0 90
0 95
2 54 1893
0 23
1 2173
1 1637
3 3693 3027 4643
1 7484
0 42
2 1964 4632
1 1168
0 90
1 9629
0 50
0 60
1 6198
0 4
1 7720
0 21
2 3082 5890
3 2257 6476 9649
5 9077 7810 1234 5156 9718
1 6683
0 37
0 42
0 95
1 8950
0 23
2 3384 6847
0 75
0 65
0 90
3 7120 3853 9804
0 7
0 47
5 2605 115 2192 941 2978
0 36
0 94
0 92
6 7009 4211 5705 4110 7894 2290
0 79
0 42
1 1153
0 19
2 9794 1604
2 7458 1986
2 7007 3776
0 63
4 5425 3078 1828 8277
1 44
4 9696 7109 6713 6934
0 9
0 89
0 9
2 4784 9297
0 19
0 57
4 7267 6313 8625 9958
2 423 4014
0 6
0 86
1 7071
0 5
0 19
0 42
2 2051 6975
2 1326 6351
0 91
6 2979 8352 4241 7029 6833 7977
0 26
1 5833
0 86
0 74
6 71 3729 5561 9640 1581 3892
2 6893 6116
0 3
2 7354 8153
0 25
2 3795 3063
0 28
0 85
0 31
0 90
1 3677
1 8227
1 2531
0 12
2 4046 8674
0 29
0 16
0 74
0 11
0 100
0 93
3 3365 5663 9937
0 32
0 14
1 1776
2 1784 4113
1 8599
0 84
0 84
1 9931
1 6152
3 3233 4380 3825
0 99
0 42
0 86
0 37
0 64
2 8116 1890
1 9489
0 6
2 5443 4119
0 44
0 90
2 1037 7883
0 70
5 6607 3214 487 303 3614
0 29
0 72
0 35
2 4336 5197
4 4814 299 5363 5739
0 74
0 49
0 84
0 19
1 8742
3 3110 1148 7407
0 90
0 56
0 96
0 13
0 92
1 284
0 1
3 4727 8355 9961
2 4244 2607
2 1597 3668
0 38
0 37
0 14
1 6024
0 57
1 4791
0 81
0 35
0 22
1 8622
0 78
5 4085 7792 4567 9434 9750
3 1929 4306 9071
0 16
0 86
1 6767
2 3213 3612
0 65
0 71
0 17
0 58
1 6651
1 8471
0 48
1 9128
1 2729
1 3298
0 59
2 9295 2588
0 39
1 8098
3 25 5971 8477
0 49
2 5666 9274
0 49
0 31
0 70
1 3707
1 582
0 71
1 1340
1 4331
1 9101
1 9987
1 5404
2 1489 1105
0 95
0 55
0 98
0 19
0 46
2 9585 3880
1 9483
1 2004
0 1
2 1442 3888
0 83
0 10
2 5465 8790
3 5753 1475 8745
3 2718 6687 1177
0 50
0 69
1 9890
0 88
0 75
1 7230
1 5935
1 2265
2 8220 709
0 98
2 7415 8322
0 57
3 1429 7304 8078
3 7713 6389 4586
0 21
4 9948 1819 5635 2829
0 54
0 64
0 55
2 2288 5569
1 3391
3 2110 8091 2839
0 16
0 47
0 59
0 56
1 4756
1 5598
0 36
1 1560
1 773
3 3403 4272 6060
0 57
0 61
1 4263
3 717 52 989
1 4994
0 14
0 34
0 100
0 68
0 29
0 21
0 6
0 14
0 85
5 5794 8276 7990 5367 1683
1 9722
0 5
1 207
0 23
3 8965 1136 7583
0 56
1 9789
1 350
0 97
3 2065 7287 8482
0 57
5 5585 1988 7318 8330 6724
1 6704
3 7330 84 792
1 4809
2 6853 4601
0 75
2 5638 8332
0 72
0 47
0 43
0 80
4 8398 2857 9950 61
0 85
2 5668 8437
1 7644
0 33
0 41
0 40
0 97
4 7125 1079 3744 7389
0 22
3 4642 9170 525
0 32
0 93
0 6
0 16
1 565
1 1211
1 1642
2 2578 9754
1 4030
1 5055
0 99
0 16
1 3898
0 87
1 5942
0 59
0 74
5 7321 5612 3808 3355 7378
0 49
0 16
4 9469 8755 1219 5853
0 62
1 2309
1 7860
1 3763
0 89
1 4755
0 24
1 8526
2 8787 2121
0 73
1 4898
1 159
0 31
2 7149 984
2 8776 2740
0 25
0 49
2 7262 6632
0 62
0 34
2 9091 9752
0 72
0 51
0 77
2 9086 6267
0 15
1 5150
1 1851
0 83
1 1339
1 781
0 68
1 8013
0 55
1 370
5 3567 3237 2762 4047 5674
4 1482 7186 7001 5027
0 34
0 95
3 5194 247 1485
3 5360 2832 4457
2 3626 5962
1 9703
4 9201 2336 8955 4087
1 3204
2 1228 6312
1 6342
2 1849 1727
0 92
0 46
0 72
0 89
2 5260 2168
1 6896
3 7671 4409 11
1 7098
0 42
2 2023 1688
4 8850 3672 7165 5536
0 58
0 44
1 7907
2 2363 7075
4 1576 817 6918 6950
4 7495 9155 2021 5347
0 77
0 67
1 7099
0 64
0 15
0 26
0 82
1 9562
0 97
2 3876 8505
0 83
0 57
3 8040 3867 6431
2 9264 5895
0 94
0 64
1 1998
3 7014 4307 8673
3 9321 6943 7252
0 21
1 5136
0 94
0 85
2 8580 5480
0 91
1 356
2 3362 2040
0 72
1 425
0 8
0 95
0 83
1 8001
1 8120
1 2775
3 1704 1707 8576
0 5
1 3083
4 7604 5523 2204 9185
2 8886 9632
0 12
3 210 6790 4448
0 73
2 7409 5450
1 4035
0 4
1 4823
0 70
1 4583
0 95
0 31
0 60
2 8574 5428
0 75
0 41
0 20
0 53
0 37
0 90
1 2132
1 8908
0 58
1 7624
0 95
1 7551
1 3964
3 6371 2603 4751
0 87
2 1726 4232
1 9552
1 8547
1 5282
0 21
0 46
0 20
0 82
1 9577
0 91
1 9603
1 2546
0 5
0 11
3 8759 9892 9439
3 4798 8847 9625
0 35
3 3572 6920 4381
1 4122
0 26
0 67
0 15
1 3341
1 9673
2 1431 4170
0 82
0 10
0 30
2 2806 666
0 23
0 86
1 6463
0 64
0 24
0 46
0 64
0 15
1 6160
3 4908 4348 7038
1 2636
1 3860
3 6099 1015 1467
1 7981
0 74
0 28
1 4020
1 7933
0 37
1 5165
1 1125
0 92
0 76
0 23
0 62
1 1721
0 33
0 46
2 8880 9942
2 6251 7562
4 6107 9740 1097 8554
6 3339 162 9432 9396 1807 6521
2 8313 6070
0 40
0 99
0 50
1 4568
8 1210 1214 5135 2707 6330 4693 2337 2256
0 88
0 5
0 42
1 8074
5 9515 877 7427 2048 1600
1 2133
1 8459
1 7067
0 90
0 37
0 49
0 15
0 29
1 6145
2 2284 6104
0 54
2 7487 7265
1 4864
0 38
4 8857 9318 946 7723
2 4403 721
6 917 7843 9252 9557 3277 7472
2 9089 7228
0 62
2 3062 2105
0 19
0 3
0 68
2 3086 8836
1 3494
0 77
0 24
0 70
0 32
1 1242
2 4574 643
0 60
2 7542 5591
0 58
1 4878
1 9859
0 5
10 2343 7039 4683 4421 9068 6034 3601 3058 759 8370
2 5312 938
3 1445 6071 6757
0 43
0 72
4 1577 9553 2687 7103
0 59
2 9999 6806
2 1278 5401
0 71
0 6
2 117 9664
0 6
1 5203
5 95 835 6122 893 7556
2 419 9905
2 4301 8434
7 7286 3239 8146 5623 8583 1165 8457
2 5326 1059
3 4619 3179 4102
1 6469
0 45
0 10
0 40
4 4735 1797 3602 2896
1 4120
0 25
0 76
2 7807 4056
1 8113
1 8418
0 58
0 93
0 26
6 1318 716 5191 8929 3 5683
2 482 2600
2 9978 5791
0 25
2 2800 3924
1 9661
1 9342
2 4434 5943
1 6311
0 33
0 48
0 99
0 81
0 58
1 8368
2 4588 5451
2 7331 7035
0 54
2 3436 2280
0 98
2 3364 2988
2 4942 5128
2 9083 937
1 2908
0 75
1 7037
1 2781
2 4455 8948
3 7831 3941 4888
0 27
4 7496 4659 7033 7501
0 45
0 63
0 74
0 51
0 24
4 6689 3165 6733 8509
3 4509 6574 5968
2 3225 4860
0 54
0 87
0 93
2 8587 7889
0 69
1 7059
0 85
0 39
2 5779 451
0 71
0 4
0 24
1 1423
0 67
0 13
0 64
4 4015 2015 1021 9054
0 36
0 63
0 58
2 1240 5732
1 416
1 7008
2 2936 4485
0 69
1 2837
3 4555 7596 1180
3 1082 4153 4082
0 54
0 19
3 6723 191 9036
1 6543
1 8588
4 3038 1464 4904 324
0 91
0 63
0 76
2 9675 4475
0 60
1 7293
0 8
0 20
2 8957 8753
0 91
1 4052
0 86
0 88
5 3949 2025 8232 5113 3884
1 5964
0 77
1 3501
0 75
0 54
0 36
1 2561
0 79
0 54
1 1956
0 55
2 8254 441
1 237
1 1377
3 886 9698 3571
1 9974
4 8545 7757 4125 6803
1 4691
2 945 8335
3 438 3250 4502
0 5
0 49
1 8194
0 36
4 8723 2024 5310 6043
0 61
1 3140
2 7693 3098
2 3787 9137
2 30 2057
2 4967 4525
3 810 5276 2432
2 7074 7454
0 36
0 47
0 82
0 25
0 7
3 1932 2011 9766
1 3611
0 21
4 2583 2424 1341 2942
0 55
0 54
0 14
0 20
0 35
0 46
5 5583 7090 2423 4282 8430
0 74
0 68
1 7978
0 60
4 2454 2734 3540 1413
0 25
0 65
0 84
0 48
10 4957 1383 8025 7698 8454 8030 5842 8148 6058 4039
0 7
0 8
0 10
1 6119
0 11
0 18
0 98
0 38
0 87
7 8518 2575 431 1065 909 7864 80
1 3170
0 46
0 5
2 5601 8915
0 2
3 8569 8975 4440
2 3368 1903
0 89
1 9246
1 6315
1 6827
6 1319 2492 193 4375 8385 5277
0 47
0 54
2 9605 2222
0 7
0 78
0 53
0 74
0 45
0 15
1 5076
0 40
1 4901
8 9206 3456 4283 3372 3449 3692 8035 603
2 3842 9727
1 2815
0 98
1 6524
0 28
1 3148
0 30
0 62
3 970 9026 3401
0 33
0 20
0 49
1 245
0 7
0 3
0 67
2 1231 164
2 6298 3859
0 70
0 94
0 5
1 4610
0 90
7 1713 9006 3122 9556 5815 2207 1737
1 7353
2 5847 8591
1 2215
1 8361
0 45
0 37
1 4051
2 1762 2965
1 5959
0 10
1 7524
0 62
0 26
0 10
1 7867
2 2901 7926
0 64
3 3662 7146 8061
0 84
1 7603
0 88
1 932
0 44
1 879
0 21
0 11
3 6959 5958 4913
0 37
0 24
1 9138
0 97
1 2375
0 50
0 73
2 9662 7261
0 18
0 62
1 5763
2 5933 1247
0 69
0 26
0 86
0 46
0 17
0 5
4 618 3452 9843 8708
0 41
2 714 3316
0 8
1 5919
0 51
1 4638
1 3323
0 25
0 4
2 6358 4092
0 17
1 1646
0 82
0 93
0 45
0 17
2 5255 1514
5 2282 1608 120 7066 2229
0 26
3 5445 4446 12
0 42
2 1786 2821
1 2224
3 6535 393 2360
0 40
0 71
0 37
0 72
1 8739
0 22
0 19
0 44
0 93
0 79
1 6885
0 79
1 7951
2 9971 5207
0 58
1 167
3 8363 4660 6231
5 7408 2686 6489 7525 4516
1 5227
0 87
1 1147
3 7140 2223 9390
0 73
2 3127 7126
5 898 8721 9363 3389 1590
0 30
2 9685 8953
0 74
1 2399
4 6809 7161 9269 4905
1 9237
0 10
1 3777
1 8964
0 4
0 9
0 22
1 4895
3 764 1659 3538
1 9192
0 45
3 1217 5330 7653
0 18
1 5294
0 47
1 5880
0 77
1 6998
0 83
0 30
0 52
4 4310 735 5474 3447
2 4357 7210
1 4493
1 153
1 60
0 76
0 46
5 1006 5843 3791 7773 8823
3 146 4951 2915
4 464 9442 9320 9451
1 1675
0 21
0 71
0 26
1 8044
0 54
0 3
4 9899 3490 8279 7592
2 3715 9930
0 92
2 8369 5215
2 1190 4854
2 2984 9014
0 13
0 74
0 1
0 83
0 12
1 1664
3 4143 2923 7019
0 64
0 28
0 23
0 15
0 49
0 54
2 5898 2876
0 6
0 11
0 58
0 14
1 5522
2 3687 5629
2 2641 7908
0 67
1 5495
0 83
0 41
0 86
1 5908
0 56
2 5481 5503
2 2511 7579
0 18
0 29
2 8138 1110
1 7269
1 556
0 18
0 89
3 8126 5387 649
1 686
5 1301 6106 8760 1553 2406
0 49
1 302
1 5214
0 74
0 28
1 1493
3 4103 409 2475
5 1573 5354 5129 8875 5988
0 59
0 2
0 4
0 99
0 86
1 7992
2 4839 8598
0 67
5 479 2428 9031 8575 7877
0 93
1 1612
0 19
0 52
2 2920 2332
0 20
0 14
0 28
1 3159
0 89
1 7748
6 1677 880 1564 621 5978 6108
0 83
0 10
1 6448
0 78
2 708 3394
0 92
4 8905 3609 8562 1364
1 6067
0 14
1 745
10 8102 6451 5972 4997 6211 4054 4529 2632 7097 5691
0 99
0 96
1 5998
1 3109
1 5669
1 4290
0 53
1 1673
1 6248
0 10
0 15
2 6747 7334
0 73
0 96
1 1789
1 4841
0 88
5 337 5727 5550 4561 5221
4 2900 1196 4868 3555
0 6
3 6682 5916 8161
3 8684 2054 576
1 6307
0 61
1 5920
1 3627
0 6
0 16
0 31
0 92
2 9049 905
0 47
3 7131 1169 5607
0 86
0 23
5 6323 8377 2958 65 1083
0 19
0 15
0 88
5 77 962 3060 2506 6157
0 77
2 4680 142
0 99
4 4719 1094 183 4395
0 99
0 28
1 4865
0 29
1 2013
0 100
1 3242
0 90
0 62
0 28
3 8177 4534 4068
1 8607
1 7649
0 64
0 30
0 68
0 2
0 2
0 25
1 8954
0 26
2 1294 9795
1 6502
0 15
0 63
0 9
0 100
1 5151
0 87
1 9980
1 924
0 92
2 6133 1126
2 1508 6518
2 26 6563
1 7374
1 1649
4 6941 1908 9127 615
0 68
1 4699
0 29
1 3493
1 9762
0 75
0 3
0 46
0 37
1 7648
2 2847 8140
4 9547 1092 2134 3079
4 2442 1305 2100 1203
2 3133 4885
0 16
2 6260 1858
4 2176 2034 2949 2287
2 1186 2302
0 44
0 52
1 2879
0 65
0 40
0 8
4 3336 7060 4441 1749
0 16
1 4635
1 6021
3 6869 9909 7423
2 106 6284
2 4137 5910
3 9728 1027 8941
0 30
0 38
2 7780 4384
0 43
1 4168
0 79
0 18
2 6416 1723
0 63
0 66
0 24
0 8
4 6811 1246 3870 608
0 34
1 3767
0 64
1 2398
0 5
0 7
0 53
2 4910 3655
0 13
1 8424
1 3346
0 85
1 9753
0 51
0 41
0 18
0 100
2 8145 2035
0 13
0 50
0 11
0 49
0 14
1 7613
0 68
1 35
0 28
0 15
0 93
3 8134 7861 3177
0 87
0 1
0 12
0 68
0 39
0 52
1 1411
1 676
1 3906
0 44
1 9276
0 71
0 27
0 24
1 9852
1 7966
2 7272 5447
5 6826 2888 38 2819 1527
1 6230
1 8919
8 630 6233 2310 3909 8758 2894 6165 1068
3 9204 3054 7388
1 7856
0 40
1 3256
0 17
0 69
0 44
3 2106 9449 7402
1 5722
0 26
0 14
0 93
0 1
1 1565
0 10
0 26
0 17
0 18
1 9112
0 95
3 3297 9337 1611
1 3314
0 27
3 1928 3335 1123
0 47
1 4180
0 65
3 6258 1384 3281
4 9377 5744 4982 9780
0 80
0 67
1 4484
0 53
0 1
0 24
0 37
0 13
1 5802
0 86
1 8409
5 8688 3915 5770 8205 3172
0 2
0 14
3 1740 2684 1636
1 9936
0 21
0 55
1 7193
1 5832
1 2007
1 6365
0 57
5 9962 6712 6750 1100 5795
0 37
0 27
0 62
0 88
0 73
1 7944
1 7737
4 6460 6930 2142 6293
1 9184
0 76
0 88
2 4392 6630
1 9635
2 6890 2656
0 38
6 5987 9374 5256 5105 830 2577
3 9655 3011 7991
2 7466 1067
1 7775
0 82
3 9560 5596 5563
3 5936 6192 4625
1 4633
4 5059 5152 6290 9323
0 100
0 57
0 30
4 9317 7036 3260 4972
0 42
0 11
1 5576
2 7171 5822
4 6552 1944 4937 4017
1 2518
2 4198 4974
0 97
0 79
0 83
3 2237 6773 6362
2 7930 258
0 18
0 40
0 99
0 95
0 2
1 692
3 7913 3020 4388
2 9994 9834
0 23
2 5050 5212
3 5058 3042 7031
0 95
1 3302
1 8584
2 2059 9642
1 5901
1 55
6 3541 500 9154 3280 1324 7134
1 8726
2 6234 6137
0 8
0 89
3 1805 3347 3474
0 73
0 54
0 6
0 88
1 78
1 823
2 1237 7436
1 3112
0 45
0 99
0 7
1 1791
3 9670 3221 6865
1 5100
0 60
0 51
0 70
0 10
0 23
0 65
0 100
0 75
0 78
3 1772 3305 2743
0 34
0 16
3 5725 3785 1603
1 7660
1 3622
1 9678
0 98
0 15
1 6244
0 34
0 44
0 54
1 7787
0 39
1 5391
1 5698
2 9530 3008
1 8592
0 30
0 9
1 5535
0 83
3 7467 8211 3966
3 8172 1061 2940
0 73
2 8076 9911
0 99
2 2640 3962
3 4882 5358 5896
4 6736 3118 2190 4623
3 9686 9015 1876
0 6
0 19
0 61
4 3470 873 1314 652
0 46
0 72
2 5012 131
4 8122 9064 8527 4900
0 10
0 57
1 251
0 82
1 8158
0 11
0 4
0 49
0 81
2 6316 99
4 2205 2746 6960 3142
0 89
0 6
4 9623 9329 7025 3694
0 98
0 48
1 4192
2 3052 606
5 1259 9657 9389 6494 8654
0 19
1 2184
1 634
0 64
0 81
2 6971 9402
1 6886
0 18
0 91
0 38
1 490
0 1
0 18
2 4661 9208
0 35
4 831 8487 5579 5183
2 4250 9000
1 9672
4 6786 4773 6238 863
1 429
1 683
1 7254
3 2107 9526 3577
1 2006
2 3125 9226
1 2554
6 5305 4347 8751 2481 5737 5408
0 69
1 4902
0 26
0 74
0 96
3 2913 3927 7319
2 1730 4911
2 6999 287
0 76
0 38
1 1385
0 75
0 66
4 8812 9575 3244 9495
1 3761
0 5
0 88
0 85
0 39
0 28
0 9
2 7701 9223
1 7941
0 34
0 94
0 62
1 605
3 2552 5198 5342
0 25
0 29
2 6821 5065
13 8642 1051 1639 8337 6764 8465 5202 8216 7115 6473 7670 20 4687
1 7256
2 7696 3342
0 93
1 4695
0 15
1 4053
1 2694
0 59
0 37
0 82
2 4385 8911
0 18
4 5168 9324 3505 1598
1 2020
2 6382 4831
0 84
1 915
1 5216
0 31
0 25
2 7686 3620
0 63
2 6989 5206
4 7020 854 6579 2614
2 4654 6377
4 6738 8810 5003 7702
1 803
2 7145 1777
1 628
3 5531 2387 1469
0 93
0 26
2 7547 4700
2 5682 8431
2 2812 8763
0 83
0 94
0 22
1 9949
9 8447 5858 4464 6553 3670 5667 7204 4038 573
0 94
0 94
0 14
0 83
1 696
0 71
0 47
1 6931
0 37
0 26
0 10
0 95
1 897
1 329
1 9759
4 2427 2447 1072 8531
1 7862
0 32
1 483
1 1078
0 44
1 558
0 38
2 8596 7191
1 2102
0 96
4 3592 3162 6981 1066
0 54
1 1479
0 34
0 24
0 23
5 8151 9580 7337 5015 5224
2 2621 8811
3 3278 2444 1918
1 6783
2 9906 9546
0 39
3 6225 6269 8898
0 47
1 9362
3 8154 5675 4319
1 3016
2 3606 2119
1 3961
0 86
0 85
0 70
0 62
1 5752
2 7335 1526
0 53
1 7804
0 66
0 57
1 6392
1 4173
0 43
1 5864
0 96
4 1694 1355 624 2131
0 9
4 7169 2653 495 7065
2 360 3023
1 5673
1 8251
0 49
1 5609
3 6305 8819 4089
1 2364
0 85
7 1484 264 7021 3141 1774 1519 7892
0 43
0 69
0 93
3 7440 6720 861
0 15
0 8
2 4300 7123
2 4872 8367
1 6359
0 89
0 39
0 16
1 6708
1 7282
2 2810 3291
4 2722 7299 5530 841
5 2231 133 8210 4074 6789
1 5765
3 1011 1265 4968
0 72
2 8557 2658
1 2861
2 8203 6845
4 143 6933 9644 1748
0 23
0 44
1 7162
1 7310
0 31
3 2118 7325 9700
1 9791
6 4851 8444 7650 6526 5706 8734
1 522
0 33
0 55
5 2594 1019 837 5355 8889
6 7753 322 7251 3210 4961 2873
2 3049 3588
1 5907
0 90
0 35
0 65
1 9133
1 7011
0 27
3 8304 2509 1160
0 92
0 49
2 6432 7808
0 47
1 2613
0 40
0 53
4 5033 9130 1702 1733
6 5449 8327 9716 1254 5863 8994
0 86
2 1461 2414
0 50
0 71
0 15
0 88
1 7683
1 990
0 82
3 7233 3945 2146
2 5314 5826
0 12
0 29
1 8323
0 97
0 97
0 97
0 55
0 28
3 3139 8795 7356
1 7063
0 16
0 47
5 8401 5052 6718 5594 3557
0 68
0 66
2 7954 7214
0 93
0 99
0 92
1 3433
9 6709 8143 2564 1756 626 88 7980 7590 7108
0 77
1 6883
1 6810
1 7640
0 41
0 81
1 6237
0 51
0 30
0 7
0 89
1 3769
4 3855 2117 8685 2180
2 4477 5351
0 57
2 8497 1244
0 80
0 47
3 8556 6606 6288
6 8096 4891 5877 916 8494 3641
1 147
1 9457
1 2620
0 94
2 1823 5090
0 69
1 85
0 63
0 10
0 68
0 69
0 16
0 5
0 66
3 7594 346 209
0 96
0 70
0 8
6 3871 3637 5265 8463 7880 5030
2 7081 4431
1 9599
0 28
1 2878
2 6583 7182
2 2721 2109
0 7
0 5
0 56
0 94
0 38
0 37
1 8650
0 13
2 3099 9100
0 76
1 604
1 3440
0 32
0 17
0 4
0 41
0 4
0 71
2 1951 5427
0 67
1 6917
1 1356
7 9717 7298 569 963 5926 4294 900
0 25
0 54
1 2317
1 8668
4 549 2279 4205 6006
0 35
0 76
0 64
1 6985
3 1628 5881 4935
0 9
0 48
0 48
1 8644
1 9427
1 6604
2 562 3155
1 2737
0 7
0 81
8 8307 3584 8274 8677 4810 6772 8264 349
2 1010 3705
0 45
0 80
0 73
1 8253
3 2061 5622 8623
2 4467 1568
1 2957
0 54
1 6882
3 1650 2521 9755
1 4949
1 7601
3 5889 2693 3676
0 73
2 9671 7095
0 21
0 24
0 3
2 9611 6273
0 91
0 97
0 84
0 31
1 888
2 6876 1354
2 2164 1930
6 6994 7278 3595 9240 9885 185
3 1226 6740 6818
0 46
0 100
1 4646
0 80
2 8027 1404
0 14
2 1965 6964
0 19
0 27
0 57
0 22
0 18
2 4598 6016
0 99
1 2695
1 2794
3 5709 2077 3108
0 53
1 7569
0 18
0 91
3 7552 3136 2101
0 46
0 79
0 16
1 5702
0 13
0 79
0 98
0 65
0 21
0 86
4 2590 3586 5028 4476
0 81
0 52
0 13
0 5
1 4096
0 17
2 3794 4148
1 8511
0 74
0 11
0 75
0 12
0 26
1 8417
4 9792 758 8783 5545
0 60
2 5502 8048
2 3754 421
1 111
4 1578 5418 7518 6595
1 4356
2 2459 4552
0 17
0 87
1 5022
0 39
0 54
0 35
0 91
0 93
0 44
0 26
1 5541
0 24
0 20
0 81
5 9085 7297 5965 523 2339
3 3258 5089 213
1 5080
0 2
0 79
2 3486 9306
0 99
3 5023 5800 364
1 9704
1 2500
1 856
1 6953
0 94
2 7050 4374
0 16
4 4639 4527 3565 7584
0 50
0 22
3 3107 7689 7987
3 3069 3702 7390
5 6438 7078 2537 1624 3457
0 22
1 2935
1 9157
1 6936
0 90
0 92
1 629
1 2416
0 100
1 7561
0 11
2 5659 5553
2 7158 4861
0 30
0 57
5 7106 1135 5990 5383 2519
0 52
0 30
2 9292 7459
6 9140 7722 966 4704 6272 4007
0 15
0 13
0 21
0 70
0 9
0 68
0 90
2 6705 9901
0 52
1 3012
1 9066
0 99
0 17
1 814
0 84
0 69
1 2093
0 96
0 57
0 23
0 60
0 29
3 9369 8085 34
0 20
0 19
0 6
0 55
0 16
1 794
0 92
0 77
0 75
1 2618
0 71
0 27
3 7259 772 5966
2 5301 476
0 5
1 641
1 6345
2 7743 791
2 2990 2491
1 6534
1 8293
0 38
0 92
3 5780 308 1963
0 30
0 79
0 77
3 7576 4100 1419
1 92
1 9619
1 8305
3 3543 9721 9443
0 12
1 2739
1 3100
3 2872 7432 5555
2 3322 8595
0 93
0 27
2 5488 4983
0 82
0 63
5 6212 593 7100 9244 1940
1 9194
1 3502
1 9051
0 81
1 8474
0 8
0 24
3 485 382 6973
1 6048
1 6616
0 31
1 4266
4 4329 908 5841 9074
0 78
1 9506
0 78
0 15
0 91
2 313 9024
3 8038 5019 188
1 1458
2 580 1583
1 4480
5 910 33 9454 276 9737
3 8422 2916 1935
0 96
4 462 1143 5292 3513
0 76
1 9314
2 8686 3289
1 7417
0 57
0 63
3 5491 7248 1438
0 76
0 53
1 2527
0 25
1 217
3 6963 9398 2742
0 40
1 3727
2 4933 8490
2 3690 1283
1 847
4 160 977 5611 8741
0 88
2 4045 7424
0 53
0 13
0 42
3 5290 5953 9893
0 7
2 7837 1924
0 16
2 6439 3399
1 3195
1 5915
3 1716 4740 7806
1 9614
0 94
1 5454
1 1245
1 8366
1 5266
0 83
0 43
0 77
2 4930 5950
0 29
0 53
0 67
0 45
1 8357
1 8797
2 5116 5975
0 81
2 10 9233
3 145 8423 2031
1 274
0 45
3 4734 294 7114
0 3
0 66
0 6
2 6013 2709
0 27
0 70
1 2787
0 5
1 1922
0 55
1 3358
1 6123
0 14
1 5650
0 81
2 3345 3119
1 9428
1 2939
2 2305 2808
1 4141
0 46
1 6320
1 7836
1 6025
2 4061 1605
0 22
0 64
2 7728 327
0 27
0 8
4 7061 7347 4812 7295
1 2966
1 5625
1 8108
3 7999 7130 2026
2 2631 9381
0 59
0 7
1 7790
5 9638 9828 8534 7909 9395
0 61
0 9
3 4330 691 6372
1 5293
1 705
2 422 1311
4 4116 7803 8223 9271
0 31
0 14
0 60
1 4673
0 6
0 66
2 2836 8967
9 8394 5248 1591 7809 206 3605 7188 2608 4988
1 8604
0 3
2 488 2179
0 81
0 37
2 372 1889
0 57
1 4429
0 49
1 5389
2 3036 3444
3 2889 8961 2470
0 68
1 4653
0 38
0 29
0 3
0 91
1 8785
2 307 4233
2 2043 6179
0 10
0 19
2 2480 6503
1 7138
1 225
0 58
1 4541
0 7
0 26
0 56
2 4819 3743
4 2126 5040 7013 1049
0 28
0 4
0 98
0 61
0 84
2 5087 3312
2 8773 8641
0 16
0 80
1 9330
0 44
0 48
0 30
1 7979
0 44
0 93
0 41
0 62
0 27
1 2516
0 44
1 1938
0 93
1 6061
1 7786
0 43
0 73
0 80
1 5742
0 45
2 2591 5121
1 9473
2 947 596
4 3872 2584 415 2593
0 98
0 56
1 8602
1 665
2 844 3942
0 90
2 1962 5421
0 16
2 7855 4013
2 3166 260
1 1378
0 53
2 4921 1957
4 6299 7774 3422 3445
0 39
0 69
0 78
1 3990
1 4401
0 77
0 83
1 5235
1 4634
1 7910
5 971 6813 2793 8702 7183
0 20
1 1563
0 77
0 35
1 2088
0 43
1 3430
1 4562
1 4838
1 662
2 8513 1835
0 90
2 796 9955
2 2191 706
0 20
1 3764
1 4507
1 5710
2 6866 6835
1 5572
0 45
0 20
4 5406 6746 4219 4246
2 7070 2010
3 9344 7595 903
1 81
0 40
1 8239
0 70
1 911
7 1846 1867 3200 7995 4538 1130 7832
0 51
0 55
0 99
0 5
2 9919 7154
0 29
0 86
2 4373 3891
0 87
1 8608
0 86
0 70
2 987 9166
2 6573 6096
0 73
2 1345 1691
0 50
0 30
0 39
0 84
2 5828 8846
2 2853 2723
2 5586 5220
0 56
0 48
0 42
0 55
2 9590 4131
0 42
0 4
5 2382 3055 1856 6871 8566
0 28
0 74
0 74
3 4853 6730 7695
0 10
0 37
2 3947 9368
2 4517 7041
0 1
0 83
0 97
6 4550 2941 1157 4079 2902 6447
0 17
6 3934 1556 4136 1191 2489 672
2 6909 9093
0 12
1 2285
3 8603 3413 9496
3 1152 1680 743
1 369
1 5093
4 2991 266 7621 508
0 9
0 59
3 866 2702 4278
0 78
0 41
0 75
1 5684
0 67
0 39
3 8181 2365 8718
3 751 8983 7124
0 97
1 6420
8 9059 5281 4630 8629 8176 186 2934 2216
2 5226 3308
0 77
4 8925 2405 4605 736
3 8197 7030 6458
0 67
2 4587 121
4 4560 5657 9903 2909
2 4783 335
0 15
0 6
4 2211 7961 8977 3863
3 2831 5704 9376
1 9633
0 14
1 2411
0 21
0 20
1 1857
3 8256 7442 3230
0 39
2 9205 8389
1 69
1 7535
1 2410
0 19
0 72
1 3680
0 52
2 594 5871
2 2377 7711
0 65
0 91
0 90
1 5526
1 3363
2 1012 5865
7 2096 9559 904 552 1803 3257 7710
0 21
2 6519 2989
2 3094 7209
1 8226
0 57
0 23
3 5581 7746 4090
0 3
3 8987 4729 3953
0 69
0 23
0 63
2 1053 4696
1 9456
1 7514
5 6250 715 3703 8559 8165
0 16
4 6605 6092 8656 654
0 78
2 4969 2329
0 47
1 4923
0 94
1 3446
0 77
0 98
1 3164
2 4164 2538
0 18
1 1879
2 795 6221
1 5639
1 4863
4 1035 9745 8707 6816
2 43 1249
1 6569
4 2545 4162 6483 2956
1 5647
1 5529
0 49
1 5565
0 90
0 20
1 734
1 9881
0 33
1 1216
2 3562 6761
2 8229 8737
0 59
0 81
0 67
1 4190
2 8316 4334
0 94
2 5001 5298
2 2002 480
0 7
1 9622
0 85
0 56
2 519 2867
0 62
4 1016 6222 9725 4387
1 5356
0 2
0 26
0 14
1 8635
1 7826
0 73
3 7275 1087 9659
0 14
0 23
0 50
0 87
1 4359
0 76
1 8665
1 2628
0 14
2 3238 2962
0 97
1 2530
1 5927
2 882 4713
1 7234
0 99
0 74
3 1559 2917 6565
1 8711
0 75
0 90
1 1296
1 256
2 9568 930
1 108
0 70
4 8282 1360 5320 8912
0 75
1 434
0 91
0 76
1 7290
0 30
1 8190
0 21
0 8
0 38
1 1555
5 2804 1671 6797 83 4114
1 4716
0 45
0 18
5 4612 230 6719 5257 6759
0 37
1 1183
0 83
0 29
3 460 3129 2543
0 73
1 9102
0 25
2 2993 290
4 2671 2236 1286 7455
0 37
0 66
3 9018 4109 1943
1 4500
0 80
1 6658
0 17
0 85
2 6278 7116
1 9399
2 902 4183
0 8
1 7222
0 80
3 5211 9868 6363
1 5435
1 1416
1 9207
0 22
0 43
4 1919 9073 3168 3477
0 73
1 8250
5 6760 7971 49 4970 8101
3 547 8853 3111
1 8860
1 3943
0 40
0 72
2 3678 2606
6 5941 9918 2283 7323 4322 6196
0 35
0 53
1 5430
3 2553 8986 8233
1 4235
2 3920 8073
1 5487
0 100
0 83
0 97
1 338
0 55
2 2472 8879
2 7973 2928
1 6321
4 4748 286 609 1971
0 18
2 6343 5410
0 71
0 93
0 53
2 7955 922
1 6445
0 78
0 47
4 3035 113 1558 1795
1 2348
1 2476
0 31
4 9056 501 9549 1040
2 8023 647
1 3123
0 82
4 8168 5024 8104 6197
0 58
2 8903 4135
0 75
1 449
0 96
1 9462
1 7391
3 9009 3097 279
0 86
0 81
0 14
3 5370 3101 2163
0 71
2 1129 8110
3 7385 7853 6703
0 89
3 5161 2268 4866
2 5652 2930
0 33
2 4146 9038
0 46
0 53
0 94
0 45
0 39
0 67
2 2660 8647
0 78
1 8548
2 7057 6832
1 6066
0 51
3 413 9262 2306
0 18
0 31
0 79
0 78
0 13
2 7044 6780
5 5528 7155 281 5464 8046
0 82
0 5
0 9
0 51
2 5781 3889
3 967 6849 2796
1 6475
1 769
1 4879
1 4308
0 77
0 1
0 45
1 9798
1 6072
0 24
0 24
0 43
0 61
0 45
0 53
0 50
0 100
0 58
0 75
0 70
0 1
2 161 8637
2 4326 3053
1 9120
0 53
3 8520 3382 447
1 40
4 540 4548 4176 9597
0 58
3 2673 9663 2848
1 5592
0 13
0 20
1 3332
0 62
0 66
1 1014
0 25
1 7418
0 64
0 74
1 9788
0 41
0 94
0 99
1 4543
0 57
2 36 8541
2 6286 57
1 5399
10 1824 2611 4986 848 238 2395 3524 8772 7752 726
0 14
2 4304 4556
2 2451 6891
2 1282 5509
0 93
2 4524 5178
0 47
3 6456 6842 1139
1 3862
0 65
1 9373
4 2496 4158 6500 7246
0 80
1 3030
1 6937
0 86
0 52
1 8348
0 63
2 3085 1825
0 66
1 4473
0 34
1 4133
6 7177 7460 7523 9106 2983 510
1 5914
2 4726 2254
0 1
3 9598 9466 6841
0 28
0 62
0 7
3 170 9658 1817
1 9286
1 9231
0 63
1 9959
0 33
1 5309
1 6618
0 64
0 83
3 5551 6051 5937
2 8634 3232
1 5790
1 2175
4 9421 2292 1352 3376
0 72
3 4779 3469 2975
0 75
3 8843 1131 3644
0 22
0 17
0 35
3 3731 8996 9385
2 7494 3001
1 134
0 29
3 4261 408 1055
0 99
0 90
3 82 5037 2735
1 7783
2 475 3797
2 2271 1189
2 7541 4881
0 75
3 9011 315 1610
0 65
0 9
1 826
1 2644
2 2003 538
0 46
0 80
0 37
7 3002 2347 6510 813 4984 3329 1444
1 9235
1 8539
0 13
0 35
1 6124
0 88
1 317
1 4616
1 2252
0 6
0 79
1 152
2 1323 3400
1 3144
0 94
1 7983
0 30
1 5897
0 70
0 66
3 3803 8872 6242
1 9270
0 91
2 2820 7511
0 39
0 90
1 104
4 7004 437 6115 9876
1 9158
0 11
1 5319
0 64
0 52
0 1
2 1980 8901
2 6796 2814
0 4
3 9441 9861 1375
0 42
1 9407
3 694 6055 727
4 4869 376 2724 5870
4 4818 4884 6113 8041
0 28
1 3359
0 25
0 20
0 46
1 3534
0 66
4 1456 5346 2544 5088
0 94
0 60
0 52
0 80
7 4104 6491 8579 4606 8870 9053 531
0 47
0 100
1 2143
3 1638 3846 2574
0 4
0 98
2 3963 5846
0 95
0 68
2 7445 3714
0 25
6 800 4597 5681 7972 2060 5081
1 9825
0 17
0 71
1 7404
0 65
0 53
0 100
0 50
0 3
1 1615
1 2392
0 43
0 16
0 27
0 3
1 8425
1 1358
1 3959
2 4187 8558
1 3348
2 8851 8024
1 718
4 5850 7802 7797 3856
1 9776
0 26
0 70
0 39
0 74
0 100
0 86
0 15
0 35
1 6277
0 29
0 50
3 8175 6423 4222
1 5521
0 82
0 54
0 55
5 4352 8974 5380 9145 9574
0 78
0 56
2 6977 568
0 74
1 5777
0 70
1 570
0 70
0 96
1 3537
1 7351
2 8829 804
0 75
1 2807
0 10
2 4980 7429
0 41
0 2
2 8621 1480
0 74
0 66
5 5736 646 1770 9976 8468
0 89
1 6492
0 25
2 8050 2391
4 7678 1901 2259 3982
0 95
1 7776
1 4221
0 15
1 1088
0 43
0 66
1 5429
0 71
1 5208
0 16
0 68
1 1651
0 21
0 87
0 23
0 61
1 4855
1 2652
2 1080 9586
2 6843 3786
2 7532 8767
3 7332 4579 6397
0 25
3 9867 9895 7540
0 41
0 63
2 9012 544
2 7141 3246
7 3805 2066 5651 5222 4397 2273 7616
0 90
0 90
1 9701
0 4
0 67
2 7657 3290
6 6170 4736 7213 91 7023 9888
0 67
3 8012 9300 6693
0 83
3 6146 9592 3858
1 4584
1 2319
0 39
0 7
0 50
1 3938
3 5104 3823 5205
0 80
0 69
0 79
3 1973 3031 5852
0 79
0 86
1 79
5 1224 8500 7931 5930 8235
0 3
2 2792 4217
0 60
0 75
1 4066
1 6715
1 3006
0 74
0 69
2 9203 46
1 3450
1 1750
1 5874
0 47
0 17
2 8058 1104
3 8478 9488 8184
0 12
3 3984 1504 2602
0 52
3 2072 1865 4545
0 87
1 2769
0 12
0 45
2 1760 6110
1 6978
0 12
0 83
0 94
1 6861
1 9879
2 496 563
0 67
0 97
1 8364
2 5506 4026
0 24
1 7904
0 49
0 53
1 6875
0 97
1 9228
0 49
2 5046 9561
1 7526
0 23
2 6184 4843
1 1422
0 58
1 9896
0 58
0 81
1 6009
1 8992
1 5656
0 74
1 6052
1 5381
2 223 2203
2 5961 6214
2 8761 9626
0 59
1 4254
1 9047
2 9401 9146
2 8039 1972
0 83
0 89
0 78
0 51
1 2016
0 60
3 4768 7476 1826
0 50
0 48
0 56
1 3392
0 56
0 96
0 77
0 66
2 3209 7221
1 9947
2 9378 4298
1 6155
0 13
0 52
0 33
0 64
0 59
2 8375 7528
2 7718 3593
3 5580 4257 7435
1 1331
1 1141
0 56
2 8093 4335
0 46
0 57
0 61
1 3511
3 8084 2183 6634
2 9 1081
1 5532
1 9125
0 78
3 923 7249 8791
4 7878 3424 840 8844
0 9
2 7163 6640
1 3653
0 86
2 8692 2159
1 695
5 2498 9596 1287 1277 9486
3 3407 9983 7093
0 78
1 432
0 27
2 1205 1427
1 9099
0 65
0 91
2 4600 3252
1 5883
2 3500 3521
0 76
2 221 4848
0 69
0 31
0 60
0 34
0 84
0 28
1 1836
1 6232
1 7453
0 53
0 31
2 9020 6406
1 5144
1 3887
0 43
0 78
0 14
0 6
1 9697
1 326
1 1757
0 59
0 18
0 14
3 6564 240 5992
1 4976
2 219 3528
0 66
3 3868 3841 6769
0 35
0 51
2 4637 9787
0 77
0 81
0 2
0 10
3 659 6454 1827
0 30
1 7988
0 25
0 75
0 34
0 50
0 72
0 94
1 2092
0 45
0 66
1 6578
2 7546 8653
1 9384
2 9288 8863
0 47
0 63
0 3
0 47
0 32
0 69
0 100
0 64
1 8939
2 66 5618
0 71
0 29
0 46
0 59
0 18
0 97
0 30
0 91
0 38
0 41
0 89
0 43
1 2330
1 2855
0 14
3 4703 3371 5538
2 2307 4249
2 233 5768
0 91
1 5047
1 3005
1 6586
2 6753 8933
0 36
0 99
1 2828
1 6259
1 6774
0 71
3 8359 6348 7399
0 73
0 76
1 4827
1 7868
0 42
2 3240 9941
5 5318 5270 8824 8273 6022
3 790 2390 9413
0 5
0 7
1 2877
1 440
0 72
0 55
2 4794 7284
1 5533
0 61
0 65
2 4338 7694
1 328
1 7273
1 616
0 70
1 4708
1 1534
0 8
1 5886
1 3037
0 49
0 76
0 29
2 5422 6434
0 39
1 9523
0 60
0 67
5 1799 674 8524 5432 4626
0 79
0 1
1 1686
1 9873
0 31
2 1884 8406
1 399
4 2417 1299 5278 5409
0 96
0 83
2 2122 8413
2 7572 7708
0 74
0 10
0 12
1 2703
4 8346 7122 2200 4472
2 6091 4657
0 96
0 69
0 54
1 1269
0 89
0 16
0 1
1 333
3 752 8913 4519
1 3064
3 7830 9492 8289
2 3802 9877
1 6203
1 7630
4 5994 1033 128 4214
3 2251 9103 1417
2 3393 9275
0 5
0 83
0 21
1 589
0 4
3 3807 8007 8207
2 9030 6643
1 961
5 6168 5948 5357 801 5905
0 13
0 62
1 4599
2 1043 9061
0 63
0 32
2 1013 1588
1 8083
1 8006
0 31
2 8750 3819
0 82
0 86
1 6629
0 94
0 77
0 60
1 9503
1 4253
2 5171 2009
0 74
0 7
0 74
3 644 5540 4340
0 30
0 46
0 5
0 61
0 1
5 6436 1693 637 1221 3740
2 1870 7564
1 2609
0 14
0 41
0 49
4 7244 3894 2250 8521
0 26
0 70
0 69
1 2374
0 92
4 6765 7092 1518 2276
1 5760
0 27
1 7729
3 3044 2557 8895
0 72
0 1
1 1463
0 87
0 97
1 2860
0 99
0 96
0 78
0 8
0 78
1 505
0 80
1 2690
0 19
0 56
4 5489 5158 9465 7655
0 71
2 6588 8506
3 7538 2260 2914
1 3968
1 2967
4 9294 9440 5644 4043
2 116 6625
0 67
0 47
1 6641
0 17
0 10
3 8059 4624 6673
0 57
0 69
1 9773
1 378
0 69
1 8701
3 1386 2938 4724
0 21
1 1430
1 8189
0 68
1 187
1 6711
4 9033 2767 1668 587
1 5329
1 9842
0 23
2 5738 6425
0 95
0 3
0 24
2 3559 4947
0 42
1 9493
2 7898 2851
0 47
0 80
0 15
2 6652 1814
1 1524
0 82
0 15
0 27
0 41
0 87
0 23
1 4258
1 4846
0 60
2 4714 2412
2 940 5624
2 1399 1251
0 2
0 75
1 4182
0 26
1 6624
3 5588 9366 3566
4 1809 8709 4890 1871
0 55
1 1367
0 33
0 87
0 91
0 95
0 3
3 9808 4640 1975
0 13
0 88
4 4112 3220 4259 4790
0 51
0 13
0 52
0 11
0 9
0 4
3 1492 2199 8124
2 1548 6200
0 24
1 3431
0 47
0 66
1 8376
2 3269 7666
0 19
1 1952
1 5734
1 1042
0 99
0 84
0 71
0 47
2 9060 7452
0 58
2 1794 9907
0 36
0 51
0 42
0 4
1 5162
1 3817
0 64
1 6702
0 1
0 42
2 1920 7187
0 43
0 23
0 6
0 30
0 6
0 91
0 6
2 811 7717
0 8
0 68
0 96
3 2152 6581 4005
1 6814
1 4998
1 9232
2 8659 4564
1 9255
1 3154
5 1742 5238 6987 9508 270
1 5247
3 1709 127 9152
3 6900 5259 7989
1 2371
6 1255 4924 2239 9647 1725 5146
0 45
3 5854 8052 8415
2 5446 7072
1 9505
0 98
1 852
0 98
5 2385 7784 4705 1982 239
2 2816 7628
0 75
0 12
0 77
3 5811 3600 1752
1 4420
1 7687
1 9799
1 6822
0 72
0 23
0 25
0 18
3 28 5808 5133
0 56
2 6997 3010
2 214 3916
0 71
1 5743
0 9
0 98
0 100
0 21
1 7211
1 2755
1 6507
1 7363
0 2
0 67
3 553 8183 2539
3 9569 8393 3418
0 26
1 5457
0 25
0 95
0 23
0 13
2 6864 8362
1 1376
0 38
0 51
1 5934
2 1801 5855
2 5045 7531
1 3479
1 9424
0 89
0 10
2 3057 4433
1 7478
0 30
0 84
0 74
7 5713 920 3712 8230 6444 1182 2220
1 8269
2 3434 2639
5 607 8072 1780 3587 2174
2 7739 9992
0 61
0 37
1 172
0 72
0 98
0 62
0 9
0 84
3 9654 918 6924
1 365
1 825
1 228
0 92
2 511 2218
5 7000 3343 7348 6784 2344
2 7312 6852
0 37
2 723 2079
0 11
2 7309 9677
0 86
2 6394 968
0 75
5 5375 5017 6877 960 5123
0 76
1 4279
0 74
1 439
1 9356
3 9615 129 1474
1 7084
1 5590
0 57
0 100
3 491 7923 138
0 53
0 53
0 8
1 5333
0 98
0 93
1 2027
0 30
0 41
0 17
2 3366 4832
4 9855 8777 7365 2706
0 77
2 2556 8395
4 2070 2714 2328 9202
1 9335
1 9840
1 9715
1 9467
3 5557 3726 4101
2 7799 4808
2 9386 8756
2 2612 9925
0 28
1 8909
0 5
0 77
5 6546 8820 8655 2887 9534
0 81
0 66
1 4760
1 2950
3 7886 1528 4231
1 3971
1 6855
0 2
0 61
0 16
0 48
0 4
1 426
0 21
4 6566 8196 5835 2918
0 37
0 87
1 3833
0 32
0 56
0 23
0 9
0 51
2 5642 4570
0 30
2 9967 9726
0 27
0 31
0 14
0 21
0 57
1 4674
1 1127
1 8786
1 8920
1 1746
0 88
0 25
0 46
0 98
0 27
2 2999 3950
0 100
0 7
4 9285 457 2567 4539
0 99
3 383 2267 6779
7 9143 2948 3623 9832 3034 9422 72
1 5322
0 74
0 18
2 3773 5187
0 37
0 54
0 55
0 72
0 67
1 2912
3 6681 3768 7260
2 5350 347
4 9731 3377 9164 6309
0 99
1 8179
0 77
0 91
1 9230
2 8698 8768
4 5160 5730 7396 9847
0 95
0 15
0 64
0 14
0 97
1 6478
0 71
0 68
0 28
2 8749 1768
0 23
2 9765 5516
2 8663 8298
0 70
0 87
0 66
2 4474 4553
0 48
0 1
0 3
0 34
0 15
0 4
0 74
0 42
0 29
2 6462 997
1 9310
1 3770
1 2682
1 979
2 7089 820
1 712
4 3639 802 7893 5860
4 7906 5785 7395 8092
2 780 6275
0 31
0 77
0 29
0 55
0 74
0 24
0 42
1 5798
0 16
1 1925
0 37
5 3473 9998 3798 2316 9972
4 9025 9835 2039 7110
0 73
0 81
2 9029 6858
0 96
1 6026
2 2402 7024
2 9123 2045
0 41
0 35
0 80
0 45
1 6894
0 86
0 93
1 3330
0 54
0 69
0 47
0 91
0 63
0 88
0 21
1 1634
1 3713
1 9830
0 94
0 52
1 7258
0 45
1 8130
2 5177 4339
1 9811
0 2
1 9656
1 4775
0 41
0 98
0 88
1 3742
3 5664 5985 6023
2 6508 4291
1 957
0 56
1 6576
2 1872 3730
0 32
0 85
1 4875
1 5928
2 1468 1111
0 87
0 34
2 8237 8340
1 3657
1 6593
0 66
0 2
1 3420
1 8800
1 8135
2 4106 6129
0 33
0 98
0 30
2 4270 3696
0 34
2 6972 9555
0 24
0 49
0 52
4 2776 3631 5258 1661
0 22
4 9153 9872 2874 3633
5 5556 4201 9239 3092 981
1 5107
0 39
0 5
1 154
0 84
0 37
0 89
0 20
2 5602 5762
0 19
0 84
1 4044
9 7264 243 9800 2563 2465 8458 9513 2789 8010
1 9548
0 91
1 7917
0 24
0 70
0 50
2 8940 7479
1 7164
1 7
1 7225
1 6206
0 74
0 5
1 7405
0 61
3 6633 4873 6610
0 21
2 3087 5700
1 2462
4 7534 7022 7068 8632
1 8056
4 8358 5417 6925 7919
1 9471
0 43
0 44
3 201 5587 3640
1 9736
1 6078
6 1909 1712 7341 2258 3106 2389
4 3851 7631 6384 8031
9 7642 9887 4073 7749 7446 6938 7712 4391 4774
1 3752
1 2838
0 90
2 4602 1949
1 5004
1 7181
0 28
0 12
0 15
0 69
0 35
1 158
4 4679 7156 7147 2418
0 22
0 58
0 19
0 57
0 87
1 5132
2 1785 5213
0 25
1 135
0 17
5 3900 3282 6731 1346 6666
0 10
1 389
0 46
2 5823 3669
0 44
0 50
1 4737
1 384
1 5973
0 57
4 1050 7344 8649 1585
0 99
0 99
3 8533 5115 7049
2 6357 9013
0 49
0 68
0 7
0 70
0 66
2 5628 7558
0 93
1 5951
0 14
1 6680
0 38
1 9149
0 91
0 89
0 92
0 34
1 9521
1 5496
0 97
3 6453 3556 8318
0 35
0 43
1 6442
0 17
0 80
1 8883
0 89
0 89
3 8544 7568 744
0 34
0 23
2 3663 3267
0 39
0 37
0 40
1 7985
0 56
0 57
3 8281 3790 8449
0 61
0 56
0 65
0 46
0 32
0 1
1 5250
5 3684 9113 8315 5699 9760
1 4024
0 78
0 92
0 68
1 675
0 21
0 75
1 1802
0 84
1 9841
1 1958
1 1209
1 1084
1 638
1 9070
0 1
0 42
1 4918
0 37
1 2672
0 42
4 7697 2630 2340 5613
0 83
0 15
0 51
2 1601 7499
0 61
0 63
0 35
4 8299 2123 2170 737
0 57
0 13
0 63
1 1018
0 27
0 46
0 52
0 75
0 84
1 2761
0 60
1 5
4 5544 89 1336 6075
0 16
1 3879
0 10
0 27
0 100
0 49
2 1099 6662
1 9136
0 77
0 58
0 17
1 2242
1 5237
0 16
1 4363
0 79
1 3800
5 8049 2981 2115 5749 6745
3 1009 7444 5307
2 3576 5382
0 1
0 19
2 3970 6776
0 44
1 4088
0 19
1 4454
0 81
0 19
1 6710
1 9796
0 79
2 4060 3547
1 8202
0 53
1 9105
1 4786
1 6570
1 1193
2 9986 6649
4 9322 8706 5887 330
4 1607 4018 4720 7512
0 48
0 81
0 23
2 755 196
2 1841 1103
0 41
1 8694
1 246
2 1338 5452
0 46
0 82
0 90
1 8713
0 38
1 7104
2 8695 3925
0 51
1 7281
1 4738
0 52
0 70
0 58
0 30
2 9175 853
0 32
1 8106
1 1566
3 4824 9178 7271
1 1202
2 5486 2212
0 27
1 3852
1 2659
1 4295
1 7829
2 9814 859
1 2649
0 76
0 51
0 70
0 40
0 84
0 16
0 72
0 5
1 8300
0 65
2 8502 27
1 7288
0 26
2 7800 428
3 9312 6872 1645
0 81
1 4804
0 68
1 5361
1 248
0 99
0 83
3 6714 68 7112
0 46
0 23
0 3
0 69
0 89
2 1620 8433
2 5460 397
0 3
10 6270 5851 6136 555 4029 6446 2598 4284 8288 2529
0 85
1 870
0 97
2 1692 8689
2 951 362
1 8876
3 4717 5039 9215
0 97
0 83
2 2904 6504
0 80
0 53
0 27
1 4274
2 9108 7629
2 4160 5680
0 25
0 61
0 100
0 53
2 3992 527
0 73
1 789
2 5493 4745
0 69
1 1551
0 15
2 3318 7003
1 1322
0 62
0 8
0 97
0 15
1 5049
0 94
0 19
3 1195 4115 6976
0 2
1 6828
2 6229 921
6 2038 8969 9866 262 8178 3191
0 64
0 12
1 5711
1 4991
6 6550 1885 9988 8360 7200 1883
0 12
1 8435
0 45
5 1666 4129 3542 5138 2474
0 46
0 12
0 12
1 1300
0 47
4 8553 6672 343 101
1 9358
1 599
2 518 9168
0 84
0 53
0 66
0 47
0 20
1 950
1 3530
0 18
0 63
0 2
0 49
2 6427 2069
5 2245 5275 4992 4196 2963
0 31
4 842 3196 1132 761
0 55
0 14
1 3531
2 8834 8725
0 21
1 7303
1 6782
1 1899
0 79
1 5328
1 6844
0 52
0 52
1 5331
0 82
4 8538 3503 2477 9771
0 18
1 5098
0 87
1 1820
0 100
0 92
1 6819
5 6005 3351 9037 2434 6139
0 44
0 51
2 6939 6294
1 3914
2 4367 2327
2 7814 9475
0 22
3 1939 862 1695
2 1509 4730
3 5190 3059 8672
0 37
1 4558
1 7869
0 55
0 45
0 26
2 9875 6542
0 18
0 42
0 55
1 8748
5 9966 3388 4095 9219 1491
0 91
0 76
1 2233
6 520 9836 9351 1466 8831 6336
2 13 2153
2 6646 5251
0 69
0 38
3 5082 387 4256
0 73
1 5974
0 18
2 4286 2084
1 2864
1 5817
0 40
1 8201
0 20
1 1218
2 3688 386
0 61
2 2924 4265
0 13
3 8946 6390 3908
2 3536 8103
0 77
2 17 9528
1 5392
0 22
6 5840 9854 4765 7924 2982 2798
1 8171
0 26
0 79
1 8529
1 257
0 32
1 5773
0 63
4 6249 6349 611 7794
2 1531 6725
2 7510 3309
1 1910
0 87
1 8867
0 80
2 7597 1882
0 85
1 1200
0 54
0 44
0 20
0 52
0 53
0 19
3 4142 660 3952
0 70
2 9039 494
0 77
0 30
0 62
1 4732
1 3649
0 93
0 98
1 9734
1 996
0 92
2 8244 2083
1 8942
0 71
3 1473 625 3056
1 6881
2 8341 7352
0 75
0 72
1 1232
0 62
2 2662 3471
0 9
3 7521 557 2683
0 100
2 993 9538
0 18
0 37
1 9141
2 427 5304
1 7443
1 2637
1 7285
1 5269
0 52
0 29
1 8429
0 27
2 9197 2748
2 1089 6804
4 6429 7492 4964 2429
2 1432 4963
1 9497
2 9775 2830
1 2726
1 766
1 5419
1 5343
0 82
0 85
1 1955
2 2047 7835
0 48
0 81
0 68
4 2139 707 7706 4398
0 90
0 77
1 9229
1 776
0 44
0 29
1 3021
0 28
0 97
2 1457 1959
0 2
1 9327
2 3779 8495
0 2
3 891 732 1778
0 10
0 84
1 2834
0 24
2 1775 3734
0 71
3 6440 2128 8938
1 4042
0 15
0 7
1 3514
0 52
3 8426 5180 9702
1 9874
1 7962
0 85
0 44
0 57
1 3618
2 9273 2263
1 1983
2 6927 5002
0 15
0 39
0 32
0 47
1 6314
2 828 218
0 16
1 9132
0 75
2 3369 3199
1 5195
0 27
0 85
0 38
11 3360 1921 5816 4293 2232 1643 3608 6326 8522 995 8149
0 21
0 66
2 7176 4144
1 7159
1 9044
1 9933
2 2001 9517
1 3485
0 92
0 49
5 1697 7874 50 8228 6482
0 26
2 5637 3229
3 5632 6413 1743
2 2415 6038
0 26
0 66
0 1
1 4037
4 9908 3634 7167 199
1 179
4 1312 9924 8900 2731
0 79
1 7040
1 3184
0 77
0 69
3 9904 7430 6111
1 5524
1 3873
2 9444 2422
1 3723
1 2550
1 2634
4 5285 7368 5173 3847
0 3
0 35
3 8144 7441 1204
0 25
0 95
1 3018
5 285 7762 5083 5676 6800
2 3955 8679
0 78
2 9823 5604
0 67
2 6617 1710
0 28
2 1832 2880
0 58
1 5241
6 8678 2650 295 420 6280 380
1 8577
0 15
3 9849 9630 1654
1 1535
1 4590
1 9540
1 7764
0 28
0 93
1 4471
1 1498
0 86
0 9
2 2969 4770
1 572
2 4816 6235
0 29
1 2304
2 473 1414
0 86
0 26
1 4239
1 3535
2 1942 887
4 6884 3904 1008 2138
0 78
0 15
0 34
1 3268
5 8416 3174 3296 2643 9953
0 70
4 8970 1978 2570 5921
0 92
1 4188
0 33
0 60
0 51
0 94
2 3271 2786
0 63
0 95
1 6459
3 6190 7879 1250
3 3919 2627 4410
6 7599 7503 2471 8717 6089 699
0 36
0 40
0 35
0 7
0 56
5 1363 5075 9536 6353 7032
2 9191 6639
0 51
0 77
2 6729 3263
1 8858
1 3766
1 7638
0 42
1 1253
1 6329
0 54
0 7
0 81
1 3455
0 65
0 51
1 3439
2 5239 1852
0 47
0 84
0 15
0 67
0 46
0 61
2 4938 1096
0 65
0 38
0 25
1 5660
2 9708 9267
0 5
0 94
0 61
0 55
0 84
0 58
0 10
0 98
2 7178 598
0 85
2 541 5578
2 6056 2624
0 61
0 57
2 3396 9940
0 83
1 3697
2 4566 4070
0 80
1 7333
0 63
2 6660 5242
1 2430
1 1406
1 2221
2 6291 4672
0 44
1 8488
0 36
2 8769 5614
1 3811
1 8338
0 55
0 84
1 176
0 87
1 6302
0 30
0 6
1 291
2 5645 1853
4 8100 6619 6596 5038
0 87
0 89
3 4754 1913 7587
0 76
1 7152
1 8312
1 6775
0 18
7 8827 6204 4207 5362 4662 3205 667
0 21
0 94
0 50
2 8397 3206
0 81
1 7839
2 9213 234
5 5337 8568 8628 3160 6947
0 19
1 9691
1 2230
3 9425 2582 5689
1 7957
2 7207 4668
0 37
1 8169
0 28
2 9956 9062
0 67
0 27
1 4324
2 8917 2370
1 9844
2 9236 2335
3 2361 4147 6863
1 4510
0 24
1 9853
1 8242
0 78
0 52
2 7302 8473
0 36
5 2842 7824 9783 2014 6331
3 2053 4897 8067
0 58
4 5013 8132 446 4412
4 70 8247 6677 894
0 1
1 7245
0 100
0 4
1 5145
0 41
1 8999
1 1997
2 864 4532
0 89
0 9
1 59
0 56
1 9498
0 24
1 884
3 6787 2587 8354
0 58
0 96
0 42
0 11
1 5810
1 2952
0 68
0 69
0 25
3 1542 6340 4750
0 30
2 4443 6287
0 16
0 60
1 5228
1 401
1 8128
0 70
6 4752 2189 9307 9280 3404 1763
0 31
0 53
1 782
0 71
0 19
0 43
2 6374 1119
3 8612 3171 1275
1 9749
3 2504 9081 1699
0 65
1 7016
1 4033
1 1373
2 6177 2651
2 935 8296
1 6717
0 67
1 9923
0 51
2 7216 8466
1 9459
1 6412
0 80
0 6
1 1863
0 7
1 8535
0 10
2 7589 5615
0 83
1 2187
2 8736 1020
0 20
2 1223 9326
0 69
0 38
0 18
0 65
0 65
0 73
1 2097
0 19
0 64
1 2019
0 3
0 86
0 49
3 4788 1303 2169
0 63
1 9584
0 63
0 41
0 72
0 61
5 2433 3866 118 7765 8546
1 4512
0 57
2 3173 4909
3 3408 8514 1144
0 63
0 35
0 36
2 7570 3739
1 9719
5 4093 4702 8020 7519 1023
0 92
7 9699 6257 7199 6405 2868 5688 1507
0 54
1 4394
0 76
1 3875
0 68
0 83
1 4939
0 89
2 2972 3895
0 15
1 4787
3 7805 5051 8
0 67
1 8619
0 35
2 205 8817
0 27
0 44
0 10
0 81
4 5786 6086 3865 2484
3 4323 1387 9602
1 4189
1 2468
0 55
0 90
0 72
3 9159 6667 7296
2 472 8504
4 6452 7083 5803 2974
0 60
0 64
2 5184 8147
0 88
1 9524
0 98
0 62
0 30
1 1335
0 77
4 7058 3313 5999 2064
0 9
1 3235
0 34
1 7622
0 9
0 81
0 59
0 83
1 4209
3 3728 3923 1994
3 7034 1284 2210
3 4595 1914 2473
0 76
0 9
3 2875 2856 3613
0 19
0 37
1 6556
3 4084 6541 3903
0 13
2 8803 8238
1 6383
0 54
2 4386 1175
0 17
1 9364
0 61
0 77
0 99
1 6755
0 15
2 6174 2311
0 45
0 36
0 58
0 89
0 35
0 45
2 2089 2008
0 43
1 2665
1 6545
0 35
0 22
0 36
0 57
2 8826 250
0 75
0 39
0 9
1 6151
4 9900 7845 2921 1327
0 2
0 47
1 2619
1 5364
0 33
0 31
0 55
1 834
1 1864
0 61
0 27
0 16
0 94
1 9404
6 4276 6373 3625 9284 1779 4792
2 5359 8448
1 7581
1 980
6 7470 2355 9525 5086 4166 1905
1 1279
2 7506 5649
1 6084
0 23
1 8666
0 82
0 98
0 4
0 40
1 693
3 184 622 6295
0 42
1 5341
0 51
1 3724
0 63
2 4468 3432
0 24
2 5825 4723
2 5924 6674
0 62
3 7360 9944 2507
3 4834 1764 4544
1 6471
1 2338
1 4649
0 13
0 93
0 91
1 2562
2 3508 5396
5 6236 6180 9891 9375 8968
1 9458
3 3357 3834 503
1 1025
1 4199
1 3548
0 64
0 80
0 94
4 7625 6591 9156 4390
1 9200
0 19
1 493
1 9242
0 70
1 6990
0 3
0 26
5 4439 5073 7184 4880 725
1 9301
0 88
1 9134
3 3275 1569 5345
3 749 2324 4012
1 6191
4 1621 8765 6435 4099
3 9761 9871 6536
0 56
7 8443 5774 2795 9878 9863 925 7358
3 4742 1735 5836
1 2870
0 73
0 64
1 9541
1 3075
6 8897 8139 7756 6505 3029 9265
1 5373
1 5483
1 7142
0 74
1 1902
1 9714
0 80
0 73
0 91
0 83
2 6011 601
4 1161 1486 2312 2208
0 68
1 7566
2 4859 3976
0 54
1 8887
2 5479 8693
1 5393
0 94
0 62
7 9550 3145 5724 1547 5111 2353 6487
3 9293 110 6074
1 5188
1 368
2 4107 1064
3 4465 6472 8540
2 574 2449
1 6722
0 5
0 80
0 19
1 4483
0 76
0 38
3 687 5718 4312
0 43
1 8732
0 53
2 9450 9710
0 90
4 5648 8319 7639 2595
0 94
0 7
0 87
0 87
1 5336
0 28
3 1005 4793 542
0 47
0 66
2 7905 2751
1 4941
2 561 403
1 9114
0 34
1 1830
3 7704 3193 9810
0 2
2 5534 271
0 75
0 44
1 4426
0 80
1 351
0 26
0 34
0 68
1 7235
0 31
0 7
0 43
0 45
3 5200 559 6735
0 47
0 51
0 55
1 6132
2 6540 6035
0 29
0 89
1 3218
0 83
1 6004
0 3
1 3354
0 38
0 44
4 9161 6539 2227 5707
4 1395 319 7950 685
0 79
0 67
5 9405 4174 2201 1258 6568
2 9846 2765
4 7119 6332 7387 7591
0 20
0 77
0 21
0 68
0 73
1 2214
0 71
0 89
1 5806
2 6512 733
2 620 9997
0 13
1 5137
1 5233
0 28
2 5139 1074
0 57
2 448 3722
0 24
5 3451 9199 5302 8572 7411
0 4
5 1433 8115 3519 5993 7563
0 82
3 5616 7133 2154
0 25
0 98
1 6907
2 6470 6053
7 5403 8916 9579 366 3645 9367 6020
0 97
1 8680
0 79
1 3227
1 3417
0 16
1 4436
1 3390
5 6276 5412 8198 4184 6037
0 27
0 10
0 4
3 5986 2845 1267
0 74
0 71
2 2298 6694
0 89
2 4594 198
3 7474 9144 3590
0 42
3 9477 4515 1587
0 23
3 3081 6952 1941
1 3933
2 4498 8297
0 13
0 38
1 3515
2 7960 3886
2 9975 5546
2 9862 6264
2 2129 7464
0 99
0 84
0 86
0 53
1 5789
1 21
0 70
0 57
0 69
1 1374
0 86
0 65
0 65
1 567
3 1026 7733 8924
0 14
1 3489
0 74
0 86
3 8117 729 9188
2 1151 521
0 56
2 9713 3287
0 46
6 9379 9511 740 1595 3412 1321
1 1451
0 67
1 3251
0 5
1 6017
0 6
0 8
0 83
1 8934
1 2497
3 1792 5721 2166
0 21
2 9353 7317
1 445
0 14
3 8009 4530 6367
0 55
0 16
2 3215 5244
0 75
4 9248 5070 597 7201
3 9634 7392 9856
1 3203
3 5818 3568 6433
0 73
0 13
0 97
0 44
2 3733 728
2 668 6992
0 65
2 3994 7403
0 55
3 5225 7500 2881
0 61
2 6143 2
1 1052
1 5513
0 26
1 5126
2 8356 298
0 44
1 19
2 8845 1771
3 4677 6131 7384
3 1133 1280 9709
2 2710 2036
0 75
4 1513 8617 3748 6100
0 70
1 5769
0 19
0 68
3 424 3405 3737
3 2147 4213 6742
0 77
0 49
0 80
1 9426
3 9563 1613 588
2 5712 7676
2 9359 9357
0 46
1 5980
2 9279 3973
0 96
1 9601
0 66
4 6808 3765 6318 7634
1 7237
0 83
1 498
0 12
2 8383 1781
8 9261 9606 8906 2728 7215 4393 6829 3061
1 4985
0 82
2 2802 8386
2 9463 8976
3 4835 318 5317
3 9485 9514 3674
0 34
0 12
0 34
1 5014
0 86
0 58
1 9196
1 7194
0 82
0 11
0 36
0 7
0 70
0 93
1 1627
5 8155 8724 7483 357 8582
1 2601
0 60
0 45
0 50
0 85
0 51
1 5775
1 8075
0 79
0 94
0 62
1 9304
0 78
0 17
1 252
1 8710
0 16
0 50
2 1212 8271
0 83
1 1372
0 85
1 1783
2 6334 1571
2 1310 5547
0 89
0 10
0 41
2 2685 2773
0 26
1 7674
0 70
0 75
0 68
2 8410 6932
0 15
3 657 2541 97
0 49
0 67
3 8855 1888 3147
0 37
1 7828
1 410
0 53
0 11
2 8109 1093
1 9768
1 6443
3 8796 5436 6385
4 5204 1077 760 3831
2 1102 4139
2 7180 8930
3 4712 8498 8722
1 4302
3 1138 1222 8396
0 6
0 62
4 6262 3957 6668 320
0 20
5 7219 5902 1821 8923 412
1 8008
2 2635 3912
0 39
2 4072 7080
0 53
1 4415
0 44
1 2670
0 12
3 9637 526 1058
3 6946 6910 2308
2 2161 9253
1 3311
1 6274
0 26
1 6303
0 59
0 60
2 6098 8620
3 9806 2566 5956
0 91
1 4175
1 9042
6 9610 3987 3985 8581 8567 3804
1 9007
3 6899 7530 9347
2 6661 3182
0 18
1 9910
1 4697
0 90
2 944 509
0 86
1 5505
2 4572 9952
7 470 8774 7921 6737 5484 1257 869
0 31
2 7481 8345
2 8715 5548
1 9746
2 235 4224
0 40
1 8643
3 9913 9041 1370
1 8283
0 39
1 545
2 1602 5057
0 15
0 85
0 98
2 4309 4027
0 1
0 59
0 52
3 29 3383 7491
0 17
0 2
0 39
0 13
0 98
2 3661 4220
0 45
1 6079
1 6874
0 32
0 43
0 99
2 8087 2155
1 4701
3 6019 5867 6045
0 15
1 6970
0 7
0 69
1 3245
1 5176
1 2314
0 6
0 79
3 7882 6455 5234
0 82
0 40
0 58
5 8907 3581 7811 9989 7139
0 36
0 74
0 12
5 2720 4407 7507 1264 4833
2 914 5837
1 9008
3 2082 8951 5458
1 2483
0 21
0 23
0 28
2 6172 5740
0 4
1 6361
0 2
0 48
0 93
2 4896 6118
0 66
2 3691 5078
1 2460
4 9209 585 9383 8882
0 62
1 2951
2 1732 4785
1 4962
0 53
1 9902
0 74
0 60
0 2
0 46
0 59
0 56
2 650 3024
0 61
0 100
2 8564 4889
2 8309 4349
1 7320
2 8871 4289
1 6490
0 81
0 21
0 18
0 1
1 839
0 8
3 3481 4763 5413
0 51
0 12
0 96
1 2954
1 2980
1 4757
0 22
0 28
1 9720
1 1844
1 4522
1 2750
0 78
0 27
1 4497
2 6915 2299
0 50
0 52
0 18
0 43
2 359 6296
0 43
0 62
0 28
0 74
1 3132
3 8697 7052 7982
0 81
0 7
0 38
1 1046
1 1090
3 151 7760 7665
0 86
1 3040
0 66
3 7611 4427 8003
1 5878
0 48
0 34
3 8485 9319 1833
2 2050 229
3 4317 6188 304
1 1869
0 18
1 2779
2 9429 7118
0 67
0 77
0 11
0 58
0 9
2 3948 9628
0 66
2 9227 1407
0 5
0 71
2 591 3186
0 64
0 15
0 11
1 8467
3 371 6608 5672
0 31
0 20
2 1276 4277
0 76
0 86
2 8384 6186
2 7477 8704
0 1
1 4874
0 39
0 59
2 9171 3630
1 1036
0 19
1 4806
2 8388 3190
1 232
1 7645
0 60
0 95
3 6839 4169 4628
0 41
3 8830 2849 4715
0 41
0 47
0 37
2 7927 7416
0 2
3 5641 5603 9333
0 20
0 16
1 765
3 2622 377 9801
1 7327
1 6692
1 7376
0 67
1 7197
1 3910
1 4940
1 7175
1 2664
0 100
0 3
1 5134
5 8484 9829 3599 6266 4769
1 535
3 8510 2501 9032
3 6951 8585 4230
0 46
1 32
0 52
1 8042
1 4314
0 5
5 265 3065 3646 7369 3150
1 3986
0 31
2 4979 9181
0 74
0 66
0 87
0 61
0 86
0 32
0 79
0 63
3 5519 6399 1490
0 12
3 2823 3632 2073
0 42
0 59
2 2711 2903
3 5653 3161 6062
0 87
0 12
4 4847 9922 8560 9747
0 65
0 5
1 9588
2 9946 6117
0 34
1 2730
1 5300
1 3977
0 85
2 3395 1004
0 64
0 84
4 5461 2262 8808 8240
0 61
1 5467
1 770
1 2698
0 20
1 9934
3 564 7257 3624
0 30
0 24
1 1063
0 9
0 1
0 66
0 99
1 7238
2 1948 6036
0 99
0 3
0 66
2 4666 1137
1 4212
3 4936 8278 105
0 93
0 100
1 4341
0 27
0 36
1 4342
1 4796
0 80
1 9476
1 7504
0 60
1 6778
3 7768 6002 8284
0 89
0 65
0 33
0 48
2 1256 7516
1 7632
1 3951
0 52
0 78
0 21
0 85
0 2
0 97
2 5857 1632
1 9069
4 5838 6480 8266 8200
2 8754 6493
5 4871 7448 648 9535 1290
1 9027
4 7700 1452 4975 529
4 7912 8837 5729 7553
2 994 7692
4 6308 8682 8439 1854
4 2745 7948 827 6339
6 8670 4987 7969 7939 8257 6149
0 45
1 787
2 2380 8219
0 27
0 1
2 1562 6322
1 3187
1 3113
1 1351
0 36
4 5455 3067 6663 4960
0 43
0 61
0 39
0 66
1 7493
0 75
0 24
0 33
0 22
0 7
5 8105 6408 8472 871 4581
1 7608
5 5308 7203 4049 5906 4234
0 33
1 6612
0 12
0 60
8 4128 4802 4400 9325 812 5507 5067 1594
3 7255 1521 8984
0 20
0 59
3 4268 4065 722
0 46
0 68
0 11
1 6341
0 15
3 1273 6167 6558
5 4124 3582 6777 5945 5766
0 31
7 4 9778 2760 8118 2752 7482 8589
0 17
1 3820
1 1554
0 25
0 46
1 6077
0 36
0 24
1 7042
0 60
2 6158 9479
2 2893 4364
0 18
1 7434
1 2911
1 7301
2 7486 5735
3 3905 2376 8854
0 47
0 77
0 52
2 6370 9198
1 1658
3 1403 4762 8891
3 2818 1472 10000
2 7850 4684
2 5784 3487
2 6027 47
1 3675
1 5911
0 16
3 8212 2456 1101
1 4542
0 42
0 42
2 7242 4132
0 90
1 7497
2 8224 5719
2 5147 8614
0 28
2 1073 7544
1 8949
1 4926
0 59
0 62
1 5567
1 5970
1 5776
0 88
0 21
0 34
0 59
0 19
1 2478
0 7
1 8781
0 57
1 8016
3 9180 8648 6647
2 645 67
0 2
1 5372
1 8947
0 36
5 875 9880 3169 2499 2551
2 5291 6988
0 26
0 85
0 43
0 60
3 1380 6732 533
0 19
1 8011
0 97
0 81
2 2386 1295
0 11
0 42
1 5332
2 6346 2404
1 8064
3 2068 4996 992
1 4059
0 4
0 7
0 41
0 89
1 6418
0 22
0 73
0 26
0 51
0 30
0 15
0 34
4 9985 2863 3940 1934
9 2712 4614 6965 2303 8215 4870 1045 1477 4777
0 57
0 94
0 76
4 6824 3415 3402 9341
3 929 4617 6548
3 8112 4181 6395
0 98
1 4171
1 3089
0 69
1 2899
0 64
0 7
1 2922
1 2771
1 7731
0 80
0 55
1 4034
0 91
1 6602
0 96
3 4328 1381 6768
6 3706 8896 6464 9733 6215 2783
0 20
1 5299
0 89
0 72
2 6857 5323
0 91
1 2770
0 98
0 89
4 9551 6263 2334 3217
2 858 9343
2 5566 1076
3 7198 3090 8784
0 31
4 595 5944 1371 7914
1 4627
0 74
0 51
0 66
0 6
1 8822
1 8347
0 19
5 2297 392 5000 6905 7220
1 5274
0 28
0 23
0 62
1 5518
1 2749
0 54
0 72
1 6388
3 5954 4404 775
1 3003
0 96
2 5192 9438
1 6093
0 64
0 75
2 577 7833
1 9117
0 18
0 30
3 2436 9190 7339
2 124 4725
0 94
0 27
0 51
0 38
0 99
3 4731 3475 7573
0 88
0 56
1 5232
0 37
0 32
0 1
1 6422
4 2763 9179 3679 4223
0 100
1 4845
0 36
0 6
0 25
1 7527
2 9612 1044
1 4801
1 6279
3 6805 5756 8329
0 8
0 58
0 74
0 32
0 37
0 79
0 30
0 30
2 3102 701
0 88
1 3253
2 7012 7812
0 24
4 9510 4048 3652 2854
1 297
0 90
0 35
1 9436
0 14
1 4811
1 3782
0 4
1 5315
0 2
0 24
0 70
3 6000 2467 3180
0 27
0 100
0 80
3 8071 7489 7866
2 5983 8981
4 8728 5035 2645 5109
0 20
4 4299 4903 2091 3356
1 132
0 55
0 20
1 5044
1 5118
4 5164 7916 5938 4899
1 4892
1 4799
0 47
0 48
3 8613 5099 5163
3 3939 227 7617
1 2524
3 1343 3211 8000
0 3
2 6254 3288
8 9445 90 1503 8528 4251 1179 9470 5525
0 12
1 763
1 3353
4 7350 4981 2970 2510
0 22
2 3378 5982
2 6908 1120
0 93
0 65
0 7
4 1248 7077 3041 3509
0 20
0 5
1 7703
3 2413 5922 8667
0 76
0 62
2 7412 8392
0 32
1 102
3 6193 9350 1440
0 60
0 83
1 3636
1 5209
0 34
0 17
0 77
5 8019 4492 2041 6138 414
0 74
2 878 849
1 1022
2 8519 8503
5 4592 5748 8633 6603 614
1 5472
1 3615
0 11
0 13
1 2099
2 6010 4651
0 55
1 3854
0 21
0 61
1 1075
0 41
1 5034
0 87
0 89
0 13
3 4563 6831 7614
0 37
0 57
0 16
0 82
2 2657 5539
0 72
0 21
4 7028 4852 4262 137
2 1662 4321
0 19
0 49
0 78
0 59
1 6381
0 57
0 76
1 122
0 87
6 398 6739 4887 1337 9730 9313
2 3810 7779
0 61
5 6477 7328 3091 2597 2517
1 575
0 61
0 67
2 6501 1488
2 3651 8301
1 4526
1 363
0 57
0 20
0 41
1 5155
0 33
5 5252 7447 5885 8339 1557
5 6169 9115 6935 3821 1281
0 60
0 16
0 96
1 2833
0 43
0 12
2 809 4333
0 23
0 26
0 85
4 7236 2869 9566 74
1 6825
0 20
0 34
7 2971 7397 9216 7522 4685 6003 6333
3 7279 1260 3550
1 1822
0 67
2 7901 1525
0 97
2 6670 2508
6 5210 613 6892 8295 7471 2469
1 901
2 4004 7618
0 17
0 62
0 15
2 2738 6700
0 88
3 8859 5321 9928
1 4744
3 933 2897 3527
0 64
0 74
2 978 2589
0 30
1 5903
2 6613 5703
0 95
1 4508
0 50
1 6338
0 35
0 23
0 16
0 63
0 42
0 91
0 13
0 5
2 7189 2846
0 56
1 3522
0 27
0 12
0 45
1 838
1 8973
0 55
1 4080
0 9
0 26
1 9742
0 8
1 3307
0 13
1 4411
0 49
6 7190 2987 6247 9589 1155 9142
5 2929 6364 9281 7818 3974
0 64
5 8414 4215 3648 3051 5947
1 332
0 17
0 67
0 42
1 9220
1 6859
3 5829 150 5929
2 2373 400
0 34
0 87
0 81
0 16
0 26
0 50
4 5620 6156 6623 6097
0 61
1 5750
5 9370 612 4444 8801 2228
0 45
0 84
2 5091 4264
0 4
0 22
3 8885 8150 7206
0 96
2 7359 4452
1 8700
0 45
1 1731
0 90
1 677
0 16
0 14
1 771
1 3683
1 3619
0 89
4 5619 778 6207 2617
0 99
0 95
1 5720
0 5
1 7433
1 4157
0 92
0 18
0 90
0 96
0 54
0 78
0 57
0 87
1 3025
0 17
3 6856 6716 7841
2 2078 3294
2 3504 1881
1 554
0 98
0 55
0 20
0 24
1 5807
0 69
3 8779 6944 3578
1 6744
1 6344
0 44
0 4
5 1861 6466 5172 7170 4197
0 45
0 6
2 656 8675
1 1552
1 1441
0 84
0 27
0 90
0 60
0 74
1 7740
1 6812
1 379
3 9186 4571 1626
0 15
0 19
3 4152 9447 3286
1 3864
0 42
2 1197 4462
2 3981 263
0 89
0 7
0 61
0 6
1 7575
2 7132 8972
1 8432
0 79
0 78
0 35
0 68
2 3604 8671
0 67
0 44
0 61
2 819 1561
2 5520 148
0 68
1 8551
1 9683
5 4546 1449 8164 1057 5696
1 5142
0 72
1 39
2 4943 5157
0 4
0 83
3 1575 4428 5060
1 2919
0 63
0 27
0 46
0 67
0 74
6 8720 1285 8267 1584 9607 6862
1 8638
1 2136
0 10
1 1862
1 5830
1 4945
0 89
2 3223 939
0 51
1 2278
0 36
1 6860
0 8
1 9984
3 6094 8690 1511
2 9648 3039
0 90
0 51
2 1494 1421
2 1108 6121
0 24
0 57
1 7425
1 114
0 34
0 1
1 1623
1 7896
1 3907
2 1950 2167
3 4932 1619 7079
2 2559 1717
5 9576 1454 459 528 316
4 8687 6012 9195 6561
1 3958
0 9
0 77
1 7895
1 1366
0 14
0 89
1 3512
3 1365 3917 1810
2 4402 6599
0 67
0 24
1 7243
0 58
0 9
1 1476
1 9043
4 548 7986 2788 8343
1 6678
1 5848
2 8032 4208
0 76
1 9968
2 5745 5471
3 444 2715 1184
1 5388
2 7005 4009
4 499 690 8788 4486
3 7051 1263 8246
0 53
0 33
0 35
4 2817 9349 8821 6076
1 9460
1 6163
0 6
4 9516 178 8738 2086
1 9076
1 9481
1 5754
1 5108
0 61
0 72
4 2571 9595 1392 2313
0 39
0 1
1 6679
3 9084 6791 4076
1 1031
0 27
0 67
0 74
0 99
0 55
3 5570 3387 1156
5 730 3893 1923 1536 2320
0 74
3 1586 94 1831
3 6109 6635 6081
1 5201
3 7480 5478 3850
0 77
1 7840
1 2127
0 71
1 9706
1 388
4 1968 4355 5072 2188
1 2747
2 2384 8438
3 8099 6513 7274
0 48
0 44
0 22
0 88
0 54
0 42
2 2137 7357
1 4130
0 67
3 375 7817 6557
0 83
0 60
6 5339 5268 1596 391 2349 1446
0 56
1 3878
0 72
0 34
0 43
0 46
0 77
0 57
1 7681
2 236 1977
2 5316 1188
2 5032 3918
0 58
0 82
0 98
1 7744
1 1116
1 8390
0 37
1 6065
2 4959 5797
1 1741
1 9176
0 97
1 583
0 53
1 3464
2 4931 1812
0 20
2 5296 1465
3 1230 2249 15
3 8771 3778 5069
0 61
0 43
1 7741
0 52
0 2
0 2
0 28
0 15
3 345 9639 6873
0 69
1 9770
0 19
0 34
0 7
1 2144
1 175
0 52
1 4917
0 92
0 66
1 9813
1 2217
0 59
1 6559
0 63
0 35
1 9920
1 4238
1 7326
5 6695 6957 4883 9608 7586
1 119
0 26
1 6823
3 7565 9217 4648
0 47
3 1349 843 278
0 72
1 8646
1 2753
0 97
5 3096 7420 9627 5606 1437
0 11
1 5597
1 2141
0 41
0 97
0 20
0 47
1 6268
1 166
0 28
1 6213
0 12
0 80
0 44
0 10
0 97
0 33
1 8456
0 58
3 6726 3755 821
0 89
0 61
0 32
0 32
3 7398 8550 6219
2 1700 9182
0 86
5 7102 3254 7087 3709 2111
0 11
2 8712 3483
0 64
3 5378 4995 2520
2 4925 1537
0 54
1 4269
4 7821 9126 9296 2246
0 93
0 84
0 32
1 6817
0 53
0 76
4 5636 3772 872 1698
5 4593 3480 8182 4151 6752
3 4711 2114 4694
1 3721
1 5508
0 70
2 9692 7825
0 59
1 8624
2 9781 4771
0 64
0 16
0 72
0 28
0 37
1 1478
0 57
0 32
0 31
1 7224
1 4948
1 8508
0 43
0 11
2 2827 3009
1 4652
6 6627 1220 8894 1330 3080 5407
0 31
0 18
1 8464
1 8878
2 753 5061
1 1178
0 5
0 89
1 5006
1 8069
0 60
0 80
0 77
2 3738 4145
3 3435 2272 3711
1 7129
3 4247 6620 5371
1 6202
1 3048
1 7755
0 16
2 892 9929
0 20
0 59
1 4041
0 66
1 9886
1 7410
4 9225 6529 2586 949
0 71
0 80
7 7925 9520 7316 4011 6870 7870 4533
2 6609 6969
0 58
1 4710
0 88
1 6419
2 6498 2325
0 34
3 6962 8445 6888
0 10
0 46
2 7738 3374
3 8764 7929 7852
0 61
1 8324
0 73
0 7
0 55
1 6162
1 9564
0 97
0 28
1 1435
0 87
2 2438 1991
3 3138 4371 8877
3 7707 1499 3822
2 6771 1657
0 75
4 9365 8450 8066 7469
0 43
1 7172
2 7539 5997
1 5179
2 4098 3128
3 5102 3793 2076
2 2691 8065
1 8945
0 82
1 8657
0 92
2 1665 1739
1 7975
1 2568
1 9028
0 79
2 7763 8320
1 7721
1 9518
0 50
0 78
0 34
4 7148 340 6430 7885
1 3520
0 27
1 1325
1 9927
1 3890
3 6958 3836 1112
0 13
4 9817 3585 4800 9263
0 39
0 69
1 8167
2 8004 9052
5 9045 9502 5655 2522 9002
0 64
0 41
0 23
0 69
1 536
0 99
2 8097 5589
0 52
1 757
0 60
0 70
1 468
0 72
0 61
0 38
0 16
0 74
0 2
1 1974
3 5459 8028 4118
2 5687 2891
0 58
1 6879
0 67
2 4077 1993
1 9078
0 58
3 4226 8794 8489
0 62
0 21
0 44
0 77
0 60
0 26
1 2394
1 6283
1 6135
0 27
0 64
1 8991
2 1868 5599
0 70
1 9744
0 87
0 83
1 1302
0 31
0 48
1 973
1 5849
0 37
2 3869 3028
1 6589
1 5812
0 81
1 7179
1 9838
1 1002
0 58
4 22 7091 5334 3216
0 61
1 96
1 4417
1 1450
1 6356
0 99
0 79
1 8805
2 177 4952
0 88
0 33
1 2425
0 31
0 77
0 44
0 44
0 91
0 24
2 3273 1806
0 29
1 5562
0 57
0 65
1 4709
1 6282
0 18
0 13
1 3000
0 97
0 60
0 28
0 77
0 60
0 78
0 54
1 4609
0 73
0 33
0 75
1 4894
2 2033 3735
0 29
2 2225 9826
1 883
1 2397
3 9593 1545 8180
1 2701
0 65
0 91
0 26
0 72
1 6224
0 74
0 82
0 86
0 69
0 57
2 9352 5827
6 3032 3732 6922 8442 4954 3718
2 402 436
0 1
0 76
0 61
0 20
0 56
1 2407
2 7781 5558
2 3643 9004
2 7798 3266
0 67
0 68
0 40
4 4062 3284 5820 3570
1 2085
0 89
1 9298
0 87
0 40
0 80
0 97
0 13
0 16
3 5918 2274 8936
0 91
1 9411
0 8
2 7891 1818
1 4172
0 22
0 67
2 6366 2503
0 81
2 1501 6485
1 5646
0 4
0 15
1 7758
2 5390 5084
0 64
0 19
0 98
1 969
0 77
0 18
3 3427 9380 7426
0 17
2 5979 7559
5 8333 9738 2998 2087 6220
3 4419 9689 2264
0 94
3 6648 8086 8080
3 6520 7727 6929
0 56
4 9067 8814 8403 7789
2 808 9970
0 74
4 9360 7865 836 1845
1 1213
0 43
0 23
1 7777
1 1543
0 42
2 7307 2599
0 27
1 8757
1 4916
2 3815 5892
0 17
0 44
0 19
0 20
0 85
0 79
3 3295 3792 1017
8 4608 7311 5267 3771 6911 352 6996 6153
4 1837 9729 8382 9831
2 7606 9290
0 85
1 300
0 41
0 100
2 411 956
0 60
3 2368 9786 9394
0 25
1 5379
0 94
3 1185 8597 4469
1 3931
2 1405 4536
0 60
1 1606
5 9682 2844 5438 2704 8660
0 25
0 90
0 67
0 44
0 12
1 6387
1 9371
0 47
1 9951
6 7292 8199 635 8935 3816 8270
0 76
1 7086
0 26
3 9259 9960 4389
0 36
0 20
2 6904 5783
2 3883 1388
1 9063
0 30
2 9416 4578
5 6499 983 7770 9388 5946
0 43
0 97
1 8119
0 27
2 5989 2046
0 26
0 56
0 59
2 8152 7578
0 95
0 97
1 6560
1 3103
0 45
0 10
4 7373 7911 8866 4582
1 3026
1 2906
3 9087 9643 806
1 748
0 94
2 1447 8094
0 43
0 55
0 51
1 3488
0 31
0 38
1 1796
0 69
0 41
0 63
0 23
1 471
0 15
1 9571
1 1298
0 92
5 8937 7793 5788 9777 9412
4 7468 3551 1970 4372
0 80
1 6101
0 100
1 7053
1 5174
0 43
0 82
1 9982
0 97
1 1003
6 6675 3896 7322 2401 7801 2295
3 4521 1361 5398
3 919 2493 8962
3 6337 9303 5787
0 12
2 5193 3181
1 2063
2 2953 6961
1 4399
0 91
3 8328 6187 7785
0 89
0 26
2 4155 6467
0 53
1 6228
1 4154
3 6851 8265 9162
1 4094
0 13
0 26
1 9954
0 17
1 8290
3 5175 7324 4671
0 11
1 1271
0 12
0 18
0 49
1 9406
0 4
0 62
0 11
0 38
1 9665
1 5338
0 15
2 6509 8703
8 9782 9092 1985 1708 1353 5543 5796 9021
0 48
1 8310
0 65
0 92
1 7372
0 52
0 50
0 56
0 37
1 8825
0 1
0 8
0 10
0 93
0 23
1 1114
0 81
3 2458 6544 8217
2 6537 8932
3 3507 9249 2955
3 8902 9660 1995
0 99
1 4117
0 69
0 84
0 52
2 2708 9437
1 7449
0 6
3 2120 8221 6105
1 9812
1 785
0 63
0 2
4 3386 7940 63 5444
0 17
1 9805
2 1391 1758
0 21
0 66
0 52
2 5071 4008
0 31
0 70
3 1000 9912 2892
0 61
2 627 1470
0 57
1 2486
0 37
0 27
0 70
3 6815 4021 9119
1 7117
0 23
0 90
0 53
0 58
2 3838 8523
0 26
0 31
1 2540
0 1
2 1176 9003
0 39
0 14
0 59
0 70
0 35
7 1813 4432 5273 4204 1369 5728 3828
1 1266
0 3
4 5112 1729 9617 109
3 9695 1689 3603
0 4
0 3
0 76
0 98
1 1304
0 5
0 22
1 4406
3 936 8170 2565
3 2052 9991 6525
1 7549
1 6895
0 75
0 21
2 5376 2095
1 8743
0 34
2 560 7963
0 30
2 586 8045
0 83
1 1738
1 7609
3 5605 4914 1415
1 3320
1 8455
0 100
3 1227 7659 4437
0 76
1 3801
1 6785
3 7414 7560 1787
0 99
3 4813 1 4022
0 74
1 4496
1 7937
2 2195 2037
2 3045 1113
0 15
2 4245 3922
1 8865
0 15
0 33
2 9883 355
1 8291
1 8287
0 4
0 62
1 1751
4 4971 6916 534 6575
0 15
4 5127 6044 1570 9519
0 28
2 1898 8187
0 56
2 5148 9309
0 60
0 9
2 7607 9543
0 80
0 90
1 5757
1 268
0 67
0 14
0 94
0 30
0 73
2 4451 8586
1 481
5 1194 2362 8129 1887 8746
1 5434
0 44
0 36
2 4195 5125
1 636
1 4481
1 5167
2 4733 5353
1 3116
1 7027
0 31
6 5262 5141 2843 5723 3583 8775
2 6150 4344
3 7672 9311 7714
1 4413
0 16
0 49
1 2850
1 9572
0 15
0 26
0 29
0 36
3 9993 741 7315
1 1400
1 1459
0 5
2 4506 1516
1 9464
0 19
0 13
0 24
4 1181 8022 9010 7647
0 93
1 679
0 23
2 2667 9558
1 4944
0 23
6 2017 9869 579 2741 7268 5552
1 6403
0 38
1 2502
1 7897
2 9544 45
0 43
0 60
0 53
3 5009 2727 3725
0 10
0 95
0 27
0 56
0 32
2 9247 1243
1 4518
0 56
2 212 1293
1 1745
1 6335
1 3131
0 80
0 3
1 5882
1 8998
0 96
0 56
1 4345
1 7450
1 6014
0 60
1 5575
0 10
1 6631
2 6887 8835
0 84
0 100
0 82
4 5824 2927 617 9499
0 95
0 75
0 87
0 40
0 57
0 89
0 67
1 6669
1 9567
2 5764 9687
1 9291
2 7192 964
0 52
0 92
2 7529 6727
0 51
1 6582
1 9034
1 9139
1 8601
0 89
0 34
0 49
0 43
0 84
1 2669
1 9419
0 7
1 2356
1 3673
0 13
4 5862 8379 3310 7160
3 2408 9257 5717
1 8530
1 156
0 94
1 6479
1 1328
0 23
2 1546 6551
1 8441
2 6402 7509
1 3325
1 2533
0 89
2 2156 5117
1 4461
2 571 9915
0 11
2 4620 2799
0 34
0 81
0 43
0 25
1 8131
3 7922 5223 3373
2 6468 546
0 54
0 81
3 2764 680 1999
1 4459
0 84
0 64
0 69
4 8222 6587 2647 8002
2 5377 7637
1 4346
3039 5217
662 163
2653 2611
8368 3081
6268 192
