20 1000 5 5
346 602 119 410 960 666 31 397 485 845 390 147 264 11 273 373 384 254 893 777 
0 17
5 679 431 69 558 116
0 100
2 371 912
0 31
0 100
0 45
1 276
0 6
5 389 362 866 440 698
5 863 243 830 214 758
1 525
1 570
1 64
2 643 220
3 592 433 511
0 7
0 73
1 190
0 84
1 972
1 659
0 22
1 395
0 91
0 52
0 88
1 72
0 77
1 551
8 845 384 208 649 784 642 848 124
2 524 986
1 895
0 95
1 152
0 50
0 99
0 13
5 87 56 997 755 487
0 55
1 133
4 324 101 41 823
1 382
2 948 769
1 632
1 473
0 75
1 88
0 30
1 398
1 849
0 39
1 99
2 780 154
2 624 396
2 265 595
0 68
1 65
3 146 711 597
1 234
0 87
0 52
0 50
0 18
1 872
0 20
1 340
3 571 971 105
0 46
1 169
2 149 33
1 132
1 279
3 552 102 229
0 65
0 99
0 56
1 463
0 14
1 9
0 4
0 9
0 89
1 925
0 60
0 70
2 946 239
2 226 999
0 12
1 785
0 11
0 35
0 59
3 461 29 332
2 892 168
0 36
4 262 449 742 491
0 57
0 7
0 77
1 878
1 79
0 79
3 502 27 974
1 806
2 357 910
0 30
0 91
0 98
0 66
0 2
1 62
2 217 74
1 403
0 96
0 59
0 9
0 32
3 219 708 846
0 71
2 583 139
0 88
0 80
0 80
0 68
0 50
0 52
0 62
1 412
0 36
1 816
0 16
1 596
1 413
0 68
0 16
0 46
3 959 470 856
1 284
1 942
0 63
3 307 589 250
1 928
1 83
4 30 938 831 49
1 723
3 78 764 127
2 647 361
3 456 650 288
0 97
1 438
2 885 911
3 522 144 594
0 34
0 42
0 39
0 85
4 253 744 270 599
0 26
0 92
4 299 670 882 853
0 74
4 161 545 302 441
0 55
0 94
0 76
1 448
0 76
0 41
2 805 549
0 61
2 310 114
1 93
1 953
3 25 235 748
0 89
0 83
0 28
2 883 536
1 476
1 97
0 71
0 70
1 636
0 53
1 665
1 976
2 71 714
0 55
1 975
0 24
0 60
1 996
0 31
0 82
2 183 130
0 59
10 309 779 10 736 796 233 966 21 418 267
0 84
1 870
0 54
7 750 345 804 967 868 914 165
1 377
0 54
1 610
1 716
0 82
6 313 163 634 537 257 801
0 53
0 75
0 65
1 684
0 58
1 876
0 72
1 760
0 55
2 926 713
4 864 645 409 497
0 4
1 63
2 135 227
2 5 75
0 94
1 159
0 24
0 49
2 888 293
0 93
0 94
1 629
0 58
2 690 994
0 25
0 56
1 598
2 358 879
2 53 904
0 39
0 56
1 850
3 737 172 223
3 248 944 919
1 118
0 76
1 833
2 200 185
0 71
1 989
1 518
0 60
1 526
1 60
8 198 913 331 738 936 987 238 46
0 61
0 42
0 33
0 94
0 45
0 5
1 835
1 499
0 25
5 777 857 407 896 311
1 294
0 7
0 15
1 775
1 452
1 303
0 64
0 93
5 932 44 787 495 196
0 24
0 47
2 177 855
1 500
3 453 182 414
0 52
0 1
1 783
3 771 423 429
1 194
0 5
1 436
1 983
0 93
0 91
0 9
0 85
0 54
0 89
0 87
1 569
0 80
0 41
0 78
1 572
2 626 841
1 465
0 9
5 837 533 426 197 445
3 437 73 591
1 289
3 215 897 444
0 88
0 37
0 92
3 763 505 286
0 81
0 66
0 5
2 680 929
0 17
0 38
0 56
0 20
0 24
0 67
0 3
0 65
0 15
0 83
1 637
0 9
0 8
2 523 586
1 657
4 815 977 920 559
3 516 803 683
3 2 669 417
0 64
0 95
2 95 617
1 300
3 721 173 322
1 707
2 184 326
0 18
0 55
0 89
0 6
0 95
0 37
0 12
5 602 960 254 404 17
0 32
0 7
2 887 603
0 89
1 765
1 378
2 949 745
3 838 50 828
0 29
2 824 110
2 795 192
1 366
1 435
0 51
0 77
4 952 759 296 899
0 86
0 41
0 77
0 40
0 97
0 49
0 100
2 528 460
1 842
0 24
3 171 588 304
0 24
1 401
0 74
0 89
0 37
0 77
0 44
1 818
1 620
0 2
4 718 388 751 884
1 193
1 909
0 74
5 479 457 1000 271 368
0 100
5 893 662 606 187 709
0 66
3 356 216 729
1 860
0 62
2 656 732
0 48
7 485 264 933 988 281 471 641
4 615 143 979 352
0 70
4 283 315 125 587
1 446
0 62
0 29
1 111
2 492 77
0 86
1 627
0 76
0 97
3 147 11 117
0 77
1 762
0 60
0 40
0 83
2 19 556
2 421 364
0 6
0 84
0 9
0 98
0 28
0 28
1 355
1 251
0 35
1 961
0 73
0 97
0 60
2 113 353
0 63
1 237
0 57
0 70
2 541 577
0 29
0 21
0 10
2 898 695
2 995 207
1 924
0 72
0 90
0 7
0 15
2 305 875
3 170 224 939
1 901
1 344
0 11
0 40
0 52
0 48
0 20
1 710
1 337
1 6
4 222 753 712 450
0 46
0 30
0 5
5 517 553 705 376 263
0 93
2 494 746
0 82
1 941
0 100
3 834 843 81
6 140 481 674 696 291 677
0 93
1 424
1 306
3 90 859 567
0 59
0 21
0 2
1 122
0 67
0 61
3 425 186 211
0 78
1 212
0 45
3 373 550 616
1 694
0 58
0 76
1 112
0 19
0 50
2 720 717
0 28
0 76
5 733 561 59 96 258
1 297
1 379
0 2
0 80
0 38
0 42
2 47 731
1 164
0 96
2 24 510
1 151
1 204
0 50
2 115 871
0 96
0 66
1 767
0 48
3 84 531 342
3 613 985 402
1 240
0 13
1 415
0 75
0 2
0 6
1 104
3 743 862 365
1 611
3 67 241 578
1 268
5 496 697 992 575 916
2 483 280
2 890 576
1 57
1 40
1 439
0 70
2 692 61
0 59
0 71
0 97
2 993 405
0 56
1 614
0 2
0 71
1 832
1 800
4 877 640 394 174
1 931
0 44
3 730 681 984
0 21
0 79
0 75
2 85 661
3 631 962 954
0 37
4 573 934 323 766
0 84
0 94
1 18
0 21
0 18
0 66
0 80
3 298 921 534
0 73
0 76
0 84
0 39
0 10
0 21
0 59
1 295
2 467 54
4 724 799 568 844
0 16
7 814 935 564 968 341 590 232
0 68
0 14
0 64
1 728
0 85
0 13
0 42
1 825
0 56
0 49
0 15
1 275
0 38
0 100
0 42
0 75
3 249 689 189
1 964
0 67
0 22
0 17
0 35
0 28
0 8
0 71
0 58
7 119 329 242 673 474 37 600
0 71
1 137
1 761
3 663 459 619
0 35
1 918
0 99
0 45
0 18
3 700 969 889
0 50
2 206 998
0 10
0 28
0 33
0 72
3 652 221 756
0 71
3 735 32 314
3 43 175 236
2 532 574
0 65
0 97
2 70 381
1 343
0 59
1 312
0 62
2 126 667
1 319
4 955 809 671 609
3 633 581 76
0 47
1 973
2 811 321
0 36
0 19
2 836 639
2 55 136
5 648 529 703 778 515
0 51
0 38
0 53
1 585
0 18
4 89 142 367 792
3 790 915 15
1 374
1 317
0 96
4 546 873 675 789
2 691 618
0 52
0 6
0 19
0 93
1 957
1 520
0 35
5 686 22 94 458 739
4 951 176 86 475
0 60
0 12
4 218 231 812 940
0 54
1 874
4 562 68 894 869
3 12 498 981
2 580 228
1 605
1 927
1 148
2 400 798
2 166 654
0 93
0 72
7 555 416 704 991 788 560 757
3 538 612 150
3 129 840 141
1 28
0 61
1 601
0 52
2 179 970
2 907 535
1 937
2 432 810
0 82
1 819
0 51
1 749
0 83
0 43
1 158
2 747 858
1 38
0 30
1 325
0 74
2 482 34
2 582 625
2 100 593
0 34
4 489 278 478 98
0 49
1 906
5 493 622 335 82 428
0 14
0 83
0 23
0 30
0 90
0 27
1 719
0 77
2 188 902
0 53
0 48
0 67
0 70
0 28
2 131 308
0 90
5 338 392 42 950 209
0 88
0 48
2 339 715
0 77
0 20
0 44
0 71
3 646 120 658
0 35
3 167 350 891
2 917 826
1 468
0 77
0 28
2 947 990
0 16
3 699 797 678
0 73
1 287
0 78
0 28
1 752
0 22
3 543 509 58
4 687 512 638 908
0 78
0 34
1 399
1 318
0 100
1 107
1 157
1 521
0 58
0 6
1 861
4 768 923 52 688
3 255 434 880
0 71
0 69
0 19
0 11
0 4
3 530 701 469
0 69
2 903 66
0 30
1 847
0 7
2 451 160
5 153 16 347 702 391
2 480 682
3 770 867 886
0 24
2 103 380
0 59
0 71
2 579 776
1 26
0 1
0 86
1 23
1 363
4 900 741 548 490
1 247
0 51
0 62
0 38
0 99
0 8
0 24
1 727
3 514 608 807
0 45
0 55
0 60
0 96
0 22
1 442
0 45
0 98
0 64
0 92
0 55
0 3
0 20
2 527 865
1 92
3 213 35 181
0 88
0 43
2 316 542
0 39
3 259 740 245
1 794
3 653 336 793
0 86
0 37
0 88
0 64
3 178 829 36
1 334
3 501 839 565
3 462 664 464
0 57
0 88
0 85
0 48
0 54
0 81
2 203 802
4 123 411 539 817
0 86
0 1
0 53
0 7
0 60
1 210
11 273 282 813 781 106 965 623 252 655 385 754
1 408
1 422
1 693
1 472
0 39
0 3
2 563 772
1 301
0 94
0 8
2 383 488
3 20 370 109
0 100
0 4
0 53
0 99
2 80 155
5 202 393 540 930 375
3 447 360 945
1 121
0 57
2 822 277
1 244
1 821
0 19
0 21
0 3
0 16
0 74
0 34
0 21
1 466
1 513
0 14
0 75
1 180
1 320
2 628 134
2 881 786
2 256 290
1 651
2 676 387
0 59
0 95
3 604 980 195
0 14
0 43
3 285 39 455
0 59
0 25
2 351 506
0 77
0 5
0 95
0 36
0 13
1 644
2 91 484
0 44
1 266
0 52
1 943
0 68
0 53
1 503
0 76
1 958
5 138 1 201 672 982
1 773
4 145 386 544 406
0 49
0 58
0 63
0 81
1 660
1 427
0 17
1 333
0 55
0 97
0 70
2 191 454
0 19
1 274
1 630
1 246
1 852
1 820
0 36
1 205
2 978 504
0 81
1 349
0 69
1 774
1 507
1 725
1 128
0 65
1 635
3 706 348 547
3 854 14 827
2 48 963
1 554
2 808 260
4 45 420 261 272
3 419 230 369
0 89
0 4
2 621 477
0 23
1 328
2 7 162
4 4 354 359 8
6 31 734 685 292 851 199
1 3
1 156
2 13 566
2 791 51
0 64
1 225
0 57
0 24
1 557
0 95
1 372
0 55
0 31
1 108
0 92
0 63
3 330 269 922
1 607
0 24
1 956
1 443
0 90
0 64
1 519
0 82
0 44
0 79
0 73
1 782
0 26
0 37
0 61
2 905 584
0 7
1 722
0 76
0 17
0 20
0 43
2 486 430
364 346
467 960
694 11
915 601
150 911
13 588 50 528 158 561 645 957 990 406 403 150 112 760 444
7 308 535 839 150 761 587 874 739
3 216 461 548 200
7 315 206 988 854 93 132 195 207
11 4572 784 331 187 2 140 362 458 460 318 77 361
