50 2000 5 5
1759 602 1118 1126 960 666 1023 397 1802 1484 390 1824 264 11 1794 1882 384 1204 893 1693 863 1105 1921 198 815 309 662 1442 606 1983 913 726 1521 1822 138 1487 1474 959 784 734 1092 4 331 388 285 470 1553 213 1836 407 
0 29
2 1813 326
1 168
3 1421 933 1212
1 1038
0 7
0 4
0 74
0 60
0 58
2 1645 1235
2 500 1188
0 17
1 36
1 1620
0 54
0 3
1 1228
1 854
2 538 1125
1 1857
0 77
1 1785
4 1985 303 270 1605
1 482
0 80
0 73
0 48
3 1479 1955 1101
0 98
3 1130 1107 1837
0 19
1 1361
2 806 190
6 1112 417 212 1308 121 413
2 127 1340
0 76
0 52
7 1456 1892 686 804 257 509 1066
4 91 1202 527 1300
4 1517 972 1031 207
2 988 1828
0 65
2 555 1947
0 21
2 1334 1329
1 411
1 1690
0 38
0 21
1 1567
0 49
3 1335 992 1863
0 97
0 15
0 87
0 86
0 21
0 47
2 749 64
0 68
1 1073
1 914
1 1698
0 29
1 826
1 643
1 185
2 1878 614
0 89
3 846 1896 882
1 1993
0 26
0 96
0 95
1 919
1 16
0 80
0 39
1 1255
0 60
2 268 484
0 98
1 991
0 88
2 1576 81
0 38
1 1855
0 73
2 1535 174
1 880
1 757
2 1655 542
4 967 864 51 886
3 395 85 1373
0 25
4 1138 824 223 1612
0 77
0 83
1 454
0 78
1 1990
0 95
0 80
0 73
0 62
0 71
0 6
3 1090 1695 287
0 41
1 546
3 1588 1903 1374
4 456 1893 560 1643
0 20
2 250 19
1 779
3 842 1215 1928
1 519
1 1275
0 63
0 56
3 700 999 38
2 1417 1601
0 81
0 98
0 15
0 92
0 44
0 42
0 38
1 610
0 41
1 869
0 38
2 1259 1395
0 10
1 45
6 1487 959 1085 929 1610 1492
1 1767
1 1403
2 68 897
1 471
0 85
2 1712 1014
0 17
0 48
0 32
4 1123 1081 868 1887
2 1377 1562
1 1114
0 70
2 475 725
1 1358
1 1697
0 33
0 77
0 56
0 51
1 634
2 645 1860
7 896 1241 853 789 1506 1355 982
1 254
6 1561 1504 41 60 1017 301
1 946
0 43
0 22
0 21
0 63
3 1426 738 396
0 84
0 21
5 1068 1315 707 1649 1901
2 1088 996
0 77
3 1266 1187 1880
0 40
1 570
0 88
1 1936
0 3
0 29
0 13
2 1010 383
4 1483 1810 1281 875
0 22
0 40
0 4
3 69 137 1341
0 41
0 60
1 1657
1 1285
1 737
1 1119
1 1384
0 65
0 50
6 331 1963 249 1507 1440 535
1 547
0 45
0 77
0 17
2 1536 58
1 1587
0 51
0 62
0 89
0 33
0 45
0 27
2 968 1974
0 70
4 839 1924 1025 964
0 69
1 448
0 62
0 74
0 47
0 63
0 12
0 52
0 8
1 1063
2 903 1481
0 73
2 1079 619
0 60
0 86
3 162 129 1632
0 72
3 781 1973 1542
0 83
0 80
0 93
1 667
1 1842
0 36
1 1962
2 845 80
2 1808 752
0 29
0 61
3 1989 1658 956
0 48
0 9
0 29
3 901 669 1047
1 288
2 1723 957
1 1976
2 1197 402
0 22
0 85
0 37
1 1558
0 20
5 1000 697 601 807 541
3 1652 1826 1244
1 485
1 513
1 1216
0 72
1 1572
6 1882 163 1841 872 1646 1179
0 86
1 167
0 72
2 1462 317
0 41
0 26
1 360
2 771 698
0 27
2 1214 1378
0 63
2 423 1544
3 530 122 1634
0 75
1 599
0 18
1 1466
3 1515 1109 1405
0 15
0 88
4 1185 1547 356 672
0 18
0 27
0 60
0 99
1 109
0 25
2 228 711
0 34
2 116 1879
1 1096
0 94
1 1371
3 1982 274 1193
4 1926 1240 70 703
1 1906
0 48
3 1416 937 394
0 9
0 25
0 30
1 1821
1 1502
0 29
1 4
2 490 1865
1 366
0 98
3 282 1365 1410
0 18
0 40
1 858
0 51
1 782
0 28
0 21
1 765
0 78
2 1289 525
2 1683 793
3 939 1113 1631
1 565
0 90
1 820
0 16
0 30
3 299 1539 479
0 16
0 63
0 28
4 597 1660 1163 1914
1 747
0 8
1 400
0 63
0 9
0 98
1 989
0 79
0 80
4 1221 536 232 1971
0 99
1 1064
0 23
1 1359
1 1980
1 1162
1 1570
0 46
2 947 1020
0 9
1 760
2 76 1312
3 1909 717 1103
0 51
1 118
1 791
0 30
0 49
1 979
2 1208 225
1 1494
2 398 1742
1 1086
0 41
3 655 1463 120
1 969
0 9
0 90
0 55
0 63
0 12
0 28
2 1651 837
2 1007 501
0 6
0 73
1 160
0 59
2 633 368
2 210 1180
0 28
1 1343
3 188 678 197
1 1183
7 11 1693 35 1467 173 1867 1548
0 79
2 552 748
0 79
0 36
0 51
0 20
2 1794 512
3 385 758 1847
0 91
0 36
1 327
1 856
1 1053
3 1891 1276 502
1 867
2 328 414
2 1363 28
0 58
1 916
0 85
0 41
0 67
0 61
0 96
0 38
0 52
1 1369
1 467
1 1476
1 1702
0 96
0 32
0 74
0 65
0 18
1 1771
3 78 1280 1464
0 14
1 30
0 89
0 99
3 909 145 1238
1 89
1 1155
0 91
1 1953
1 1533
0 64
0 31
0 76
4 1140 66 740 1770
3 375 823 1950
2 714 372
0 36
0 76
0 88
1 1619
0 60
0 34
1 1532
1 1673
1 1030
2 1589 349
1 1407
0 62
1 1182
2 626 1044
0 43
3 184 233 158
2 1819 1018
1 1519
0 35
6 621 1894 1469 409 465 708
1 1653
3 73 861 719
1 105
0 75
0 97
3 1970 1510 1919
3 1246 644 1190
2 7 393
3 742 1838 217
0 73
0 100
1 1852
2 661 600
2 1006 1002
0 23
0 42
2 428 1055
0 30
2 889 1716
3 348 1895 451
0 85
0 19
0 45
3 579 833 275
0 1
0 36
0 15
0 8
0 85
1 239
0 92
1 380
0 2
1 1201
0 89
1 316
0 92
0 7
2 1812 668
2 1396 1593
2 424 1959
1 464
0 24
1 548
3 1531 139 170
4 1586 630 405 90
0 38
2 1324 1554
0 87
0 35
2 755 1460
1 21
1 1328
1 25
1 1749
3 986 1499 1551
0 9
0 28
4 1223 357 811 1789
0 8
2 761 884
1 1239
4 1083 1110 92 1967
0 66
0 68
5 1713 1584 308 688 780
2 1654 1769
0 36
1 344
0 86
0 65
0 50
2 1677 267
2 1846 1754
3 926 1100 433
0 31
1 56
1 227
0 54
0 24
0 78
0 92
0 45
0 40
0 13
2 990 199
0 69
1 1797
2 175 1366
1 1234
2 580 1611
2 358 1623
2 333 1293
3 1294 125 1663
1 965
4 93 82 1168 1004
2 377 1582
0 90
2 420 955
0 79
1 297
1 1617
1 1323
0 97
0 37
0 77
0 25
1 981
1 615
1 1851
4 1222 294 1290 1245
0 69
0 65
0 26
1 1984
1 1960
0 97
2 710 1441
0 88
0 49
1 1080
1 256
1 595
1 295
0 32
2 1714 1743
1 1979
1 1257
3 917 830 71
1 578
0 77
0 60
1 810
1 1056
2 1048 1968
0 2
0 75
1 79
9 1118 960 397 1802 1824 264 1822 1381 1345
0 44
1 150
1 445
9 1983 1474 679 586 693 1489 1236 1232 1211
1 1008
0 7
3 532 628 474
0 40
0 39
1 1762
0 12
0 92
0 74
0 19
1 641
0 74
0 86
0 77
3 1728 517 1954
0 41
3 827 1787 1606
0 84
1 1745
5 12 1135 623 1012 381
0 3
0 55
0 25
0 23
0 72
3 1161 1265 1028
4 537 1799 1877 1382
0 43
0 31
1 1065
0 38
0 50
0 13
2 17 533
0 89
3 1641 681 1782
0 63
1 1932
0 30
2 1630 622
3 713 444 182
2 88 427
0 47
1 978
0 100
1 1602
4 1102 1942 1729 1897
2 1145 186
2 1108 1160
0 86
2 1350 819
0 11
1 543
0 18
0 2
1 1318
0 10
0 2
1 1869
5 1921 1442 298 1218 1647
1 1746
0 48
1 291
0 5
0 76
0 42
0 87
2 135 1309
0 80
0 38
2 1692 387
0 57
2 1597 1686
4 463 1344 204 744
1 694
1 908
5 1854 520 1727 319 386
4 825 892 924 746
0 90
3 674 859 1505
0 96
0 53
1 1301
1 870
1 567
0 77
3 1922 891 1545
3 1346 477 654
0 99
0 81
3 438 5 147
0 98
0 10
0 78
0 17
0 68
0 41
0 100
0 45
2 1272 1977
0 62
1 1097
0 6
0 22
0 61
0 50
2 329 685
0 82
0 95
1 1509
1 283
0 36
0 13
2 660 980
0 12
0 44
1 146
0 46
0 46
6 1719 313 1566 1331 1750 469
1 865
0 31
1 1957
5 930 847 1425 775 1372
0 95
1 462
2 507 1614
4 1945 951 345 898
0 99
1 1740
0 85
2 961 855
1 100
0 16
1 259
0 89
2 1486 1472
0 52
0 49
0 99
4 1827 215 1518 178
2 1871 1834
3 272 258 1832
3 1829 114 554
3 1491 1485 1731
1 1524
0 51
0 64
0 80
1 1264
0 43
0 93
1 925
0 23
0 8
0 87
1 603
1 63
0 27
1 1376
4 1618 646 647 583
2 1996 673
1 745
2 1184 729
0 75
2 927 962
2 1347 1399
1 952
1 166
0 56
0 88
0 95
0 21
1 553
2 639 1174
0 8
0 5
5 388 1383 1920 683 1768
1 1054
0 63
3 1758 1609 196
1 1050
3 794 763 618
0 7
0 93
1 22
0 24
1 653
0 68
1 888
0 53
1 1564
0 8
1 330
0 67
5 1152 657 1078 1737 935
4 1176 191 1439 1033
2 1775 1362
2 466 320
1 723
2 153 1764
0 63
0 77
0 75
1 290
2 399 253
1 943
2 895 1849
5 39 1189 1253 1751 97
0 75
0 4
0 49
0 96
0 8
0 22
1 152
0 92
4 1522 34 1035 879
1 692
0 16
2 496 1831
0 24
0 5
4 1402 801 1233 1739
3 26 687 1930
0 60
0 23
2 874 269
1 1722
0 3
1 1477
0 7
2 1040 1966
0 8
3 1721 608 1026
5 1075 1493 1781 1858 1271
3 1549 682 278
1 1367
0 87
2 46 107
0 66
2 802 1994
1 1388
1 134
0 32
5 1071 1779 1995 1600 1279
3 1042 1408 1592
0 86
0 9
0 57
0 13
1 74
2 337 6
1 192
2 1711 718
0 12
8 138 852 161 1981 778 1122 834 177
0 5
0 96
3 776 1525 701
0 43
0 79
0 67
0 44
0 75
0 47
2 1656 1951
1 1157
0 33
1 1590
1 1777
0 95
0 1
0 1
2 539 1420
0 42
1 202
0 17
2 1278 928
0 29
0 53
2 284 1583
1 83
0 65
0 76
1 587
4 470 529 480 1580
1 1563
0 76
3 193 1447 1939
0 86
0 10
1 1158
5 1354 426 754 1181 1336
3 1431 797 1459
2 1390 871
1 1814
0 26
3 189 77 844
0 13
5 483 1527 1143 1513 1423
0 35
1 3
1 1457
0 1
1 1015
6 1247 768 1573 476 589 1806
0 64
2 1159 963
1 1386
5 1803 1156 767 1060 637
0 67
0 84
3 559 1817 442
0 75
0 39
0 46
1 976
0 40
1 1022
2 1173 1675
0 90
5 1349 724 1798 84 696
4 9 1637 1669 953
1 1445
1 1249
0 34
0 33
0 65
0 21
1 335
5 251 1935 1 1534 1988
1 374
4 831 558 1082 338
0 13
0 73
0 18
0 89
1 304
0 66
1 881
0 81
0 35
0 93
3 1307 165 1560
0 85
1 1032
0 94
0 99
1 1270
2 699 1708
0 32
2 912 235
5 198 1661 1861 238 1986
0 12
1 106
0 72
0 22
0 4
0 99
2 1254 506
2 151 1115
0 93
0 79
1 906
2 439 1021
0 91
2 591 1543
0 69
0 3
0 17
0 65
0 19
0 54
0 22
1 1117
0 57
0 45
1 1608
0 85
1 1516
0 91
0 81
0 4
1 96
1 412
0 84
0 80
1 1133
0 95
4 1818 98 624 1401
0 50
0 78
0 50
1 1816
0 88
0 13
0 41
1 415
0 13
1 1949
0 49
0 46
1 72
1 1912
2 1398 1667
0 36
3 325 141 104
0 28
2 246 1823
0 94
0 50
1 948
4 378 1296 1883 1888
0 92
1 1364
5 1092 1141 940 1755 143
0 27
1 1142
0 94
1 1700
0 87
1 136
3 894 95 1387
0 76
1 1760
0 20
0 93
0 11
0 83
1 1209
0 25
1 1908
0 75
0 28
2 1594 1710
2 1262 208
0 16
0 39
0 3
0 93
2 443 1283
1 1916
0 5
3 1321 1753 1449
0 86
0 65
1 1937
0 16
0 64
0 4
0 33
0 82
1 1303
0 57
1 1512
0 61
0 34
1 774
1 1511
1 240
1 216
0 11
2 1868 1231
3 689 117 183
5 1925 1325 1013 1250 43
0 56
1 1029
0 72
2 973 1136
1 850
0 80
0 7
0 70
0 45
0 69
1 1696
0 57
2 522 873
0 64
0 67
4 1773 1659 321 418
2 786 1744
0 4
0 25
2 156 611
1 1389
0 94
0 47
0 18
0 28
1 1263
2 1380 1151
0 69
0 62
0 41
1 566
3 1735 1607 712
0 22
1 942
1 1565
0 19
1 355
0 98
1 1540
4 1550 1699 1900 659
0 40
1 1178
0 38
2 1845 1503
0 46
6 893 1836 642 1475 1482 665
0 18
1 1292
0 7
1 640
1 1578
0 98
0 88
6 407 354 1304 1495 102 1537
0 1
0 38
0 76
0 11
0 59
0 37
0 38
5 753 627 931 53 1991
2 1452 1859
0 86
0 53
0 12
0 28
1 1337
3 20 1581 1704
1 1342
4 545 491 481 13
0 71
0 34
1 664
0 12
1 762
1 584
4 1952 262 1166 495
1 616
3 55 876 540
6 1453 1792 27 421 179 857
1 585
0 4
1 1298
0 32
0 64
0 52
0 73
0 6
1 1929
0 93
1 1811
1 296
0 45
7 324 472 1322 598 658 835 1843
1 1049
0 51
3 52 280 1391
2 1027 1316
0 98
0 52
0 58
0 10
0 89
2 1644 1872
0 49
0 41
0 61
1 1046
5 1726 581 429 1379 2000
0 47
3 370 29 140
2 772 1526
0 33
3 899 61 315
3 293 1801 1095
2 1375 430
0 37
3 756 1839 159
1 1299
3 650 841 1978
1 255
1 422
0 26
2 1650 575
3 1987 365 1036
1 550
1 1940
0 97
0 25
0 76
6 1105 1009 1682 805 441 362
0 7
1 971
1 487
0 64
0 96
0 3
0 42
0 48
0 21
0 47
0 57
0 87
0 73
0 29
2 144 1072
3 33 785 1948
2 787 323
1 1946
1 1433
0 99
0 54
0 4
1 705
0 18
0 48
3 1497 1139 709
1 492
0 75
2 128 1934
0 24
1 514
0 19
0 37
0 40
0 79
0 7
4 1455 510 795 59
1 1041
0 1
0 21
0 6
2 493 1591
5 1051 822 1039 453 1171
0 82
0 39
0 52
0 53
0 98
1 1840
1 1034
2 1501 1357
0 10
0 100
0 51
1 458
1 1089
0 59
0 95
0 1
0 1
0 43
0 70
0 34
0 9
1 361
0 42
0 12
2 489 821
0 6
2 1733 1024
0 29
1 494
0 19
0 87
0 100
1 449
1 446
1 1087
1 410
1 306
0 78
1 62
0 7
2 1436 1856
2 194 1446
4 613 1206 551 1688
0 60
0 94
0 72
0 83
0 74
0 39
1 1788
1 1360
1 941
0 23
2 706 1557
1 636
1 363
0 95
2 649 157
1 561
2 1220 1461
2 691 1911
0 33
0 10
0 71
1 1703
1 620
0 52
1 1680
0 86
1 573
1 115
0 35
0 77
1 1237
0 71
0 33
0 34
0 13
0 66
1 1116
0 46
1 1432
2 1196 350
3 1774 1385 1450
1 1569
0 11
2 1001 460
1 245
0 72
1 461
3 459 1400 1478
0 86
0 53
0 16
0 19
0 7
0 29
2 1705 663
0 35
1 1902
0 10
2 347 499
1 1326
0 30
0 83
0 52
4 1427 505 169 829
1 322
0 59
0 8
0 1
0 53
0 41
1 1627
0 100
2 796 1430
0 97
1 508
1 431
0 80
1 526
0 61
0 60
0 56
1 975
0 86
0 53
2 351 656
0 1
1 281
0 14
1 1473
2 1019 334
3 1748 1668 130
1 1418
5 751 113 1094 1761 273
0 21
0 53
0 32
2 1546 1210
0 20
1 1720
2 1438 716
0 83
0 2
0 4
0 11
1 1470
0 11
0 72
1 1295
1 244
0 69
0 68
0 62
0 40
0 74
0 69
0 38
0 96
0 69
1 1844
0 15
3 1332 332 1765
2 1200 75
2 783 1825
0 39
1 1791
0 1
1 1681
0 80
0 11
0 56
3 652 1317 594
1 1672
0 89
0 9
3 1192 832 219
0 1
1 1691
1 1207
0 73
3 1684 1815 731
1 921
1 1571
1 605
1 1406
0 2
1 1412
0 57
1 1786
0 89
1 574
1 1305
3 2 1134 243
0 91
3 241 1889 1248
0 79
0 93
1 1629
0 59
2 1267 234
1 885
1 8
2 1067 1242
0 6
2 727 577
2 236 47
1 87
0 3
0 54
0 50
0 83
0 92
2 1628 1414
2 596 576
1 828
0 80
0 30
3 902 149 966
0 96
1 818
0 22
0 64
0 98
2 359 1003
3 562 516 1099
2 632 1422
0 93
0 31
0 3
0 59
1 563
0 73
1 1339
2 878 1154
3 390 1411 1175
2 1274 1790
0 97
8 1553 915 1907 812 1191 1368 1076 416
1 498
1 777
0 52
3 1636 590 473
1 569
0 66
1 1333
8 680 1913 392 728 803 148 690 588
2 521 1938
0 48
1 1124
0 61
3 938 1574 1679
1 341
0 23
0 98
0 46
5 261 860 954 1848 1734
2 1701 222
1 1468
1 1709
1 32
2 1881 1671
0 90
0 38
1 1830
0 58
1 1613
2 110 435
0 84
0 93
0 28
1 1556
3 648 770 1169
1 65
2 54 743
0 74
1 741
1 934
3 1458 1905 1225
5 1523 1599 31 1310 1598
0 78
2 1251 434
0 64
2 582 922
1 1923
0 40
1 1261
0 69
2 101 1559
2 112 1148
2 1975 1480
0 59
2 675 1577
0 84
0 74
0 18
1 1999
1 1465
5 612 866 1715 1229 1132
2 800 450
0 67
4 769 862 1419 124
0 95
3 425 877 1043
1 1500
1 49
1 984
1 670
1 1876
0 19
0 27
4 1490 1873 1736 1943
1 1575
0 31
0 59
1 1224
0 24
1 1070
0 10
1 638
0 67
0 39
0 24
0 90
2 1738 1604
2 1404 48
0 80
0 35
0 57
5 1706 364 1128 497 531
0 98
3 1874 720 983
1 1011
2 353 1752
0 55
4 432 1804 1496 1348
1 1319
4 1870 1306 18 286
0 59
1 950
1 1144
0 3
4 468 1077 528 1045
1 408
0 44
1 155
0 20
3 1585 1393 1287
3 1674 305 314
0 11
3 524 1164 766
0 58
2 993 201
1 1875
0 8
1 1850
0 70
0 15
4 406 798 1268 440
0 54
0 87
0 61
1 695
0 29
1 1718
0 97
3 260 1311 736
5 211 813 629 764 1541
1 985
1 1941
0 52
0 79
0 52
3 773 486 171
3 1529 1665 836
0 9
0 88
0 81
0 14
0 38
2 1820 1057
0 81
0 49
0 72
0 61
1 340
0 22
0 88
0 68
2 1884 1258
3 730 1313 1890
0 5
1 1471
2 1666 339
0 86
1 1514
4 592 1885 1147 1131
1 342
0 12
1 998
1 676
0 10
0 84
0 57
0 27
0 95
1 1795
1 1069
0 58
1 1724
0 89
1 1111
3 1199 164 1793
2 1961 276
0 26
2 1149 1198
1 733
1 949
0 21
5 1615 604 133 816 808
0 98
0 32
0 94
2 1622 1579
1 722
1 292
0 63
0 96
2 1800 488
0 42
1 1796
1 1062
2 279 1172
2 511 203
0 75
4 379 1707 242 1186
0 65
1 1413
0 3
0 80
0 34
0 86
0 92
1 226
4 606 285 1508 302
0 26
0 4
0 84
0 14
0 34
2 715 1772
0 29
1 958
1 609
0 80
0 1
0 24
1 1052
0 77
0 6
0 68
2 1297 838
0 87
0 26
4 1964 271 849 568
0 42
2 1356 1098
0 48
0 51
2 735 1915
2 1219 403
0 14
1 1429
0 16
4 848 677 1933 478
1 1689
5 277 1444 1853 1121 1626
1 607
0 60
5 404 1725 1260 99 1203
0 1
0 31
1 631
4 1226 792 997 50
0 47
1 119
0 51
1 1217
0 13
0 95
0 58
0 47
1 1555
0 14
0 87
1 1273
0 63
0 63
0 9
1 1227
0 69
5 1956 923 1568 15 1437
1 300
0 4
2 248 266
3 1530 230 389
0 86
3 920 24 1397
0 87
0 21
9 602 666 1023 662 726 1521 734 1435 557
0 59
0 75
1 945
0 65
0 78
0 60
0 12
1 131
0 90
0 37
1 181
0 7
2 1917 1314
0 60
2 549 1016
3 974 307 704
0 40
0 68
1 1747
1 1269
0 89
0 74
0 20
1 180
1 977
1 1778
0 94
0 2
0 48
2 809 1037
0 49
1 1687
0 2
1 206
0 5
0 80
0 58
0 12
4 544 684 1282 1944
2 1664 1638
1 739
0 86
2 913 1972
2 1997 1676
0 61
3 352 1862 237
0 40
3 515 1621 37
0 20
2 195 702
0 50
0 17
2 1146 932
5 900 436 1776 814 1757
0 74
1 1624
0 98
1 1409
1 671
0 2
0 15
0 16
3 10 231 1899
0 73
4 384 815 784 518
2 534 200
0 83
0 49
0 17
2 369 108
0 7
0 98
0 8
0 37
0 60
4 1603 371 224 205
6 44 750 907 593 1150 503
0 18
1 221
2 1351 995
3 1288 111 1595
2 1451 14
0 52
2 1392 401
0 91
1 790
2 1353 1286
0 72
1 218
0 35
1 346
0 16
0 85
0 80
0 97
2 556 905
3 1256 1320 67
1 1093
0 69
0 15
0 56
3 247 1129 1091
0 89
0 93
2 343 1717
1 970
0 9
0 62
2 617 1678
0 10
4 220 911 1005 1488
1 890
1 572
2 1454 1084
2 1177 1394
1 1635
0 35
3 452 571 1443
0 34
0 28
0 46
0 2
2 1864 523
1 1640
1 455
4 1756 1415 23 263
2 1969 918
0 34
0 33
1 843
0 79
1 994
6 1625 1167 419 1153 1886 564
1 1642
2 732 1783
0 54
1 154
0 19
1 318
1 123
4 311 910 1520 1694
0 3
0 80
1 1291
2 1780 187
0 92
0 78
1 1327
2 265 1648
3 1741 1965 1252
5 126 382 625 142 936
2 1170 1195
0 60
5 457 336 367 172 1730
0 73
0 3
0 27
2 1106 1596
2 1809 1633
1 635
1 504
5 309 1230 1639 1931 103
0 87
0 82
1 132
1 1498
4 759 310 1538 799
0 98
0 18
0 19
1 1685
4 1763 40 252 209
0 10
1 1904
0 96
1 1910
1 944
1 1194
0 28
1 1998
0 78
2 86 1670
1 373
0 90
0 3
3 1732 721 887
0 57
1 1992
0 75
0 26
0 55
0 93
1 289
2 1898 904
0 73
1 1866
2 376 1302
0 68
5 1616 1528 1370 312 1434
0 94
0 29
0 37
0 48
4 1127 1330 651 840
8 1552 1835 1662 1120 788 1165 1927 1137
2 437 1277
0 94
0 43
0 10
0 4
1 1448
0 71
5 1338 1807 1805 1424 1059
0 28
1 1074
1 1213
1 1205
0 16
0 22
0 20
0 32
3 94 1784 1243
0 42
3 1958 176 1766
1 1833
2 987 817
0 67
1 229
0 93
3 214 1918 447
2 1284 391
0 25
0 88
0 26
1 851
1 1058
2 1061 1352
1 883
0 91
1 57
1 42
194 1105
1357 1118
1141 1836
689 1040
1487 771
26 2646 1487 1381 1515 1774 144 873 97 123 1471 1436 1116 15 716 497 1339 1181 306 1704 317 738 1915 1716 375 259 396 49
26 6348 1126 1487 345 772 1956 135 802 247 1421 1146 151 860 954 1911 192 625 1534 1848 266 685 980 339 576 1605 984 400
14 6629 390 522 1523 1012 974 795 1283 230 1733 1501 1716 851 965 1407
3 234 530 476 448
4 1824 1836 41 773 1847
