50 2000 5 5
1759 602 1118 1126 960 666 1023 397 1802 1484 390 1824 264 11 1794 1882 384 1204 893 1693 863 1105 1921 198 815 309 662 1442 606 1983 913 726 1521 1822 138 1487 1474 959 784 734 1092 4 331 388 285 470 1553 213 1836 407 
1 1289
4 852 1751 1269 510
0 89
5 2 161 1945 1298 607
0 31
0 79
0 71
1 1851
0 83
3 1913 1363 449
6 913 1474 784 1104 134 1950
2 1975 1571
0 36
2 1681 27
1 1256
1 1697
1 1380
0 58
0 53
2 729 1162
1 1408
1 291
1 1884
1 145
5 1773 40 1186 58 1923
3 911 1875 1461
0 48
2 1008 639
1 1019
1 1617
0 52
1 327
2 489 1644
0 91
4 1365 574 473 1489
1 658
0 76
0 7
6 555 529 1798 1855 1607 1065
0 65
2 1931 1574
0 11
0 100
5 282 1000 1089 220 1468
0 38
2 160 1785
0 72
1 551
0 29
0 50
3 1123 585 782
1 1780
0 84
0 85
0 10
0 94
0 9
1 481
1 219
1 183
1 545
0 71
0 67
1 819
0 29
1 131
0 49
1 1606
0 89
0 67
2 24 1042
0 5
1 1853
0 98
0 49
0 6
1 899
0 8
2 843 978
0 63
0 40
1 53
2 980 996
3 1629 1281 761
0 35
2 1165 1302
1 185
2 930 427
0 41
1 696
0 79
0 100
1 1313
2 86 197
0 50
1 1499
3 667 189 582
1 806
0 48
0 35
1 1768
1 377
0 4
0 53
0 6
0 78
1 474
2 92 1360
0 72
1 1163
0 68
1 1203
1 1934
1 1240
1 296
0 14
2 1591 687
1 519
0 59
0 53
0 14
0 66
2 530 716
0 1
1 1588
2 471 1951
0 98
1 1640
1 1545
2 206 664
1 1587
1 1749
1 1007
0 82
0 93
2 374 1465
2 1305 62
4 1508 1550 912 1729
0 21
1 408
1 1938
1 1273
0 49
3 997 1529 1124
0 53
0 63
0 21
0 35
2 14 1941
2 897 1326
0 6
0 48
0 40
1 1546
0 27
1 1506
0 8
0 96
0 87
1 301
2 1907 1191
3 1585 955 1044
0 100
0 84
0 92
0 71
0 53
0 30
0 21
0 50
2 579 1040
2 1195 256
4 274 1436 450 860
1 5
2 1202 1457
0 40
0 26
0 58
1 700
0 65
0 19
0 90
1 118
2 464 956
0 4
0 24
0 27
2 562 1488
0 12
0 81
0 71
0 58
1 283
1 1572
1 1838
1 1443
1 119
3 1487 356 722
1 1145
0 43
0 23
0 76
3 441 82 1445
1 1555
2 1830 1341
0 95
1 986
1 87
0 91
0 19
2 605 1400
1 1283
1 721
2 9 799
0 60
0 68
0 29
0 9
0 34
2 1814 1635
0 79
0 2
2 894 1181
1 850
0 51
2 361 110
0 34
0 8
1 1384
1 59
1 1748
0 98
1 1034
0 1
2 1264 297
1 1297
0 98
4 1762 1589 1412 888
0 60
0 96
2 95 1374
1 488
1 794
2 631 988
0 7
0 54
1 1721
1 411
0 77
1 1144
2 451 1335
0 71
0 28
0 44
0 54
0 71
1 817
2 1346 304
0 7
1 1295
0 82
4 64 1387 1334 1232
1 121
5 1204 1822 44 463 1753
0 37
0 31
0 28
2 1446 440
0 30
0 24
3 881 1900 1796
1 1808
0 74
3 802 165 445
0 9
3 1435 1352 744
6 1218 1388 93 1648 1290 141
1 976
1 558
0 13
1 65
3 1112 1662 1127
0 51
0 79
6 1495 522 404 69 1563 1887
0 35
1 1844
0 53
0 89
2 328 1720
1 1770
3 1804 1743 1703
0 82
2 129 1806
0 57
0 94
0 34
4 1122 1726 308 1075
5 392 509 148 991 1967
0 96
1 810
4 1430 210 587 106
0 3
0 71
0 88
0 71
0 58
1 557
5 1813 612 1668 1935 717
1 1236
2 348 998
2 1106 1872
4 1246 1150 149 362
0 48
0 66
2 660 1752
2 1906 1151
0 71
1 373
0 94
3 1479 561 1117
0 72
0 81
3 1382 596 1601
1 1420
0 54
0 9
1 1258
0 70
0 86
5 163 1566 592 1207 423
2 75 735
1 1066
0 76
1 1399
0 92
2 294 54
0 27
1 1270
0 5
0 66
1 1518
1 1300
0 72
3 559 1718 611
0 70
0 6
0 59
0 86
0 25
3 1810 987 714
1 1060
0 73
6 1774 1039 1961 456 1197 1936
1 317
2 23 1793
1 1788
4 169 1543 319 391
1 673
3 337 1208 1897
0 42
0 33
1 672
1 755
0 44
1 1286
1 1691
2 1081 1901
0 27
3 276 814 382
2 1692 1088
0 67
0 72
2 740 1275
0 91
0 91
0 88
2 1100 1111
1 719
0 2
0 19
0 33
1 1429
3 893 514 1974
1 267
0 11
0 16
8 750 1661 1750 686 1732 1497 241 365
0 1
6 1645 730 1987 1924 333 1880
0 82
2 549 1825
0 76
0 74
0 86
0 100
8 1802 1693 1836 425 751 113 135 1177
1 447
0 100
0 22
0 7
0 28
0 40
1 45
1 1959
3 789 491 1946
6 633 516 483 1310 635 1245
0 86
1 1016
0 39
0 10
0 98
0 74
1 462
0 100
0 59
1 1102
0 69
0 9
3 1899 1250 668
0 42
1 381
3 678 211 646
0 30
6 803 1926 51 1874 1050 383
1 235
1 1059
0 73
0 91
2 644 1129
0 78
1 1175
0 28
1 821
0 39
2 1989 1653
1 745
0 21
1 513
0 18
6 357 1886 196 1325 335 594
1 1978
0 81
2 1255 645
0 94
0 47
0 70
0 69
0 79
1 533
2 1210 171
1 1598
0 56
1 393
0 21
2 1537 300
2 1861 1889
2 1142 1459
2 1438 240
0 12
0 56
0 18
4 417 1840 1621 108
0 6
3 518 1128 1212
1 242
1 287
1 760
0 76
1 830
0 54
1 79
1 1206
0 53
3 1108 816 711
1 1854
1 244
0 20
0 49
1 865
0 16
0 57
1 876
0 46
0 29
0 30
0 92
0 12
0 2
1 962
0 49
0 87
4 859 1896 1915 1687
0 77
1 1473
0 2
0 80
0 63
1 918
0 79
0 80
0 4
0 95
2 765 1716
1 156
0 71
0 78
1 495
3 1613 215 1787
3 801 114 1424
1 733
2 1578 1996
0 16
4 1421 429 1763 99
2 1166 105
3 812 1568 52
2 608 1353
0 17
0 55
0 39
3 158 1426 984
2 310 868
0 63
1 37
0 7
2 1833 147
0 2
0 62
2 1877 1686
1 226
0 32
2 523 179
0 6
0 55
0 73
2 486 1119
0 70
0 19
0 15
1 255
1 1097
1 259
0 43
2 974 1453
0 36
0 28
0 67
0 61
2 866 234
0 42
1 1595
1 63
0 100
0 98
4 1758 1609 840 565
0 91
1 61
1 541
0 39
0 64
0 12
2 1811 1006
0 34
0 48
1 1041
0 88
1 1620
1 1912
0 45
1 339
1 191
0 83
0 99
0 48
1 1018
0 3
0 53
0 69
1 1705
0 72
1 527
0 44
1 1955
3 874 77 1317
2 1155 1689
2 1911 1029
1 1821
1 1069
2 916 858
2 1205 1888
1 1554
1 1261
3 1140 1624 1086
1 1842
0 47
0 98
1 1783
1 1984
0 8
0 95
1 70
9 1118 1126 1794 1882 470 512 1908 1276 828
0 32
2 762 975
0 6
3 138 388 1625
0 92
3 798 1970 739
1 969
0 91
1 599
0 41
1 941
0 9
0 18
0 76
0 100
0 13
0 23
1 1462
4 1221 917 1116 396
0 50
3 33 432 1419
1 1939
0 97
1 1702
0 61
0 1
2 603 1667
0 79
0 96
0 9
6 1639 1428 1153 1706 1463 107
0 66
0 66
0 75
0 90
1 532
0 70
3 1072 1809 890
0 57
1 1956
0 89
1 1815
0 53
2 159 727
2 1074 869
2 194 1031
0 76
1 1576
0 90
0 78
1 1056
0 9
1 126
0 48
2 1953 137
0 15
2 1769 1837
1 1914
1 1079
4 1799 1321 224 293
0 69
0 15
0 15
6 264 662 606 1958 1134 485
1 932
0 32
1 1942
0 90
0 67
0 15
0 74
3 935 1001 1542
0 82
0 81
0 15
1 1224
3 1547 459 1437
1 907
3 1243 780 1511
0 92
2 738 418
0 89
0 63
3 508 117 1937
0 52
0 6
1 1672
1 808
1 669
1 1170
2 544 239
0 4
0 66
0 46
3 1779 1471 590
0 4
0 52
0 67
0 30
0 91
0 79
4 701 1096 222 338
1 182
0 84
2 661 288
1 1178
0 51
0 83
0 25
0 77
3 1708 1401 964
1 412
2 1093 1843
0 48
0 79
0 18
1 649
0 56
3 1818 707 434
0 80
0 9
1 1274
1 757
1 1434
0 67
1 174
2 311 1460
0 5
0 4
1 1448
0 80
5 642 1284 1036 563 1477
1 1287
1 1971
0 93
0 20
2 1292 685
0 27
1 637
2 1233 572
1 1819
0 41
0 51
0 10
0 80
1 1322
1 919
3 35 786 748
3 405 854 1943
0 60
2 1675 1133
1 1790
1 1200
2 272 826
0 9
1 1503
1 76
0 89
1 1685
0 63
0 8
0 24
2 47 380
0 68
1 1530
1 772
1 839
5 370 693 351 399 1121
0 63
3 88 903 90
1 1033
0 18
1 1602
1 1630
0 38
3 1699 1099 1797
0 96
2 1214 170
1 176
0 77
1 914
0 79
2 1078 150
2 36 1660
3 360 790 227
0 10
0 71
1 1137
0 57
2 990 251
0 5
2 833 1371
0 96
1 511
0 90
0 20
1 448
1 103
0 75
0 23
0 8
5 257 626 1222 1512 1173
4 902 1918 655 742
2 845 1988
0 93
0 86
1 1492
0 71
0 96
2 499 1673
0 90
2 1738 945
5 309 1963 1581 1450 1237
0 61
0 76
1 233
1 1865
0 97
1 359
3 1676 882 275
0 8
1 1870
0 5
0 19
0 49
0 25
2 1296 615
2 1241 1370
2 872 221
1 153
0 97
1 1090
0 18
0 90
0 20
0 95
0 66
1 1792
1 1077
1 841
1 1403
0 40
0 66
0 65
0 4
2 139 1903
3 1327 466 1392
0 9
0 28
5 313 680 1440 1332 155
2 924 737
0 3
0 63
1 1343
0 53
0 91
1 683
0 60
0 42
5 263 1777 1514 478 1968
4 804 102 124 80
0 69
0 35
1 1215
0 72
1 1658
0 56
0 34
0 1
3 1979 1228 1883
0 7
0 16
0 11
1 1110
2 223 1535
1 1303
0 6
2 1559 1866
2 1027 1407
0 75
0 55
0 58
1 704
1 1389
0 91
0 7
1 1174
0 47
1 1265
1 26
3 1105 1983 1188
0 69
0 43
1 1113
0 46
1 433
1 389
4 452 1638 625 1737
2 1493 460
1 1832
2 1169 1196
0 46
1 1201
0 59
2 271 609
0 22
2 1055 636
1 1829
2 205 946
4 688 101 1757 703
1 1416
0 58
3 175 1599 426
0 90
3 302 406 690
1 861
0 89
2 1603 623
1 1671
0 57
2 1415 1366
1 479
0 11
0 19
1 1604
0 44
3 1616 552 792
1 1786
3 424 741 944
0 68
0 49
0 11
1 48
0 90
1 3
3 1637 528 1579
0 97
3 1742 620 568
0 75
1 1410
1 857
1 1533
1 43
0 87
7 957 1922 262 1266 1187 78 1376
0 98
0 19
0 27
3 1846 29 74
0 76
0 58
1 566
0 25
0 60
4 1805 419 1985 1158
0 51
3 915 1910 720
8 390 384 726 959 1092 1381 1597 1336
2 1863 414
0 78
0 41
0 51
0 26
0 55
2 1723 1932
2 818 1131
0 25
0 70
0 26
1 908
2 1229 166
1 793
0 19
0 25
0 38
0 58
1 1252
1 1244
1 736
0 13
0 44
0 39
0 50
0 55
0 17
0 92
3 246 1406 1962
1 567
0 5
0 56
1 1291
0 86
0 9
1 1101
1 702
2 325 394
0 82
2 238 1862
0 82
1 1386
0 26
2 993 1666
1 1294
1 884
0 54
0 63
2 1704 576
0 33
4 539 369 1098 421
1 1351
2 1683 1516
0 50
2 785 34
1 617
0 43
0 23
0 31
1 1216
2 970 948
0 18
4 734 648 345 1612
0 67
2 1190 1064
0 13
0 9
0 27
1 498
1 1864
2 1558 752
0 7
0 47
0 69
0 94
1 143
0 52
1 619
3 758 1231 146
0 44
0 63
2 705 1032
3 1523 1368 1146
0 14
2 1565 698
1 281
0 4
0 29
0 92
0 27
2 1349 1301
0 32
0 38
2 1717 1557
0 46
1 341
0 65
1 366
1 676
0 71
1 1364
0 6
0 44
1 1722
1 1930
0 100
0 86
0 73
0 11
2 430 1615
2 1254 1427
3 332 6 1026
1 1211
1 1010
1 132
5 1857 500 723 1405 1194
2 937 1919
2 252 386
0 63
0 58
1 130
0 95
1 1311
0 99
3 1515 1498 1876
2 904 180
0 36
0 3
0 82
0 10
0 35
8 10 1185 188 822 1784 112 439 520
1 1965
0 93
0 62
0 74
0 77
0 73
0 57
0 64
0 6
0 48
1 939
2 1528 657
1 1560
2 1525 42
1 1701
1 1115
2 395 431
0 15
0 14
5 1500 1894 848 710 889
1 56
0 19
0 94
1 1902
0 81
4 1304 947 613 422
0 84
4 472 1549 1657 1073
0 36
5 505 632 1580 15 230
3 1800 1329 718
1 569
2 823 157
10 1484 1824 679 1972 1451 805 1350 1004 982 1765
4 152 1449 885 1960
1 1347
1 1592
0 26
0 82
0 59
0 24
3 526 28 1878
3 1139 201 1801
1 125
0 84
1 771
1 1531
2 775 202
4 1713 1964 1552 358
1 415
2 1778 1249
0 73
0 82
1 477
1 1711
0 4
3 502 1948 1781
1 931
0 16
2 438 1817
1 560
3 18 1037 1052
0 83
2 627 650
0 47
1 1583
3 1307 493 1447
0 40
2 349 1826
1 1680
0 94
0 50
1 1272
3 834 1053 1992
0 93
1 1993
1 1199
1 665
0 94
2 350 663
0 75
0 13
1 1125
4 972 1425 832 1869
0 25
2 1834 492
1 1766
0 100
1 659
2 898 1634
0 5
6 951 480 1917 901 1490 1414
6 1223 247 1362 1856 1510 855
1 8
0 22
1 1610
1 1109
0 42
4 1135 1182 1517 363
1 1698
1 261
1 1611
0 1
2 128 1248
3 749 1990 1881
4 1259 162 754 589
0 63
2 1631 1966
0 76
2 1724 641
0 92
4 863 1306 934 546
1 315
0 36
2 1324 1320
1 535
0 72
0 69
0 42
0 92
0 53
1 284
2 1642 17
2 329 81
0 2
1 1168
2 1330 1312
4 923 465 1379 151
4 324 1485 1890 1049
1 1180
2 1725 1469
0 8
0 59
4 1030 747 1679 72
0 65
1 1472
2 1494 1823
5 1664 1385 1636 1632 1734
0 88
0 34
1 600
0 93
2 1997 318
1 1991
2 971 1739
0 81
1 1795
0 56
4 1538 647 31 1361
1 1847
2 116 1095
0 80
0 30
3 144 1505 554
4 1235 277 1394 1183
0 52
0 85
0 69
0 22
0 82
3 689 347 1526
2 981 1940
0 66
0 34
0 61
0 56
0 56
1 995
0 27
1 1622
0 22
0 53
0 44
0 67
2 207 774
0 69
3 1504 385 270
0 82
0 45
1 1600
0 59
0 20
0 75
1 446
0 91
0 61
0 53
0 94
0 12
0 34
1 643
1 1669
0 32
0 50
1 963
1 120
0 8
5 55 1755 989 638 1057
0 18
0 18
0 49
0 98
3 254 531 1593
0 11
0 39
1 209
0 57
0 39
2 1147 966
0 22
0 33
6 1331 728 768 1452 306 880
1 577
0 96
2 1641 1138
4 458 1047 1213 791
1 181
1 1486
0 24
0 54
0 78
0 19
0 84
0 52
0 62
0 3
0 98
0 94
2 1654 525
2 1767 1628
0 63
2 1279 1002
0 28
0 19
0 28
0 4
0 85
2 732 1161
4 20 1522 453 1398
6 1909 1952 1417 444 340 1764
0 29
0 99
1 322
0 1
1 195
0 92
0 57
0 80
0 43
1 1257
0 60
2 164 334
4 420 1904 547 629
1 534
3 1696 1619 1688
1 1393
4 1803 1120 849 229
1 994
1 1466
0 84
0 90
2 824 1070
0 45
1 1928
0 3
0 41
1 1391
1 712
0 35
3 1171 1656 266
3 21 524 800
0 57
1 838
0 91
0 69
0 64
0 18
5 1957 1891 312 773 879
0 87
0 93
1 1791
0 76
3 1411 571 344
0 17
0 83
0 29
1 1277
0 67
2 457 756
2 1898 958
2 1483 825
0 73
3 1318 1293 278
0 89
0 13
2 236 89
1 1319
1 1068
0 14
0 79
0 7
0 27
0 87
0 68
0 35
0 60
0 26
0 97
0 68
2 827 140
0 3
0 36
1 1643
0 7
1 314
0 8
0 26
1 1544
4 862 1021 595 346
1 954
3 1527 731 200
0 55
1 763
2 940 1582
1 413
0 49
2 691 1234
1 1556
2 591 368
1 1063
0 98
0 66
1 295
1 628
2 767 1731
2 443 979
1 550
1 743
0 57
0 60
2 1299 1973
0 100
1 1677
0 35
0 34
1 766
0 95
0 57
1 13
7 1981 864 578 598 506 1665 670
0 62
3 588 496 1694
3 1596 1062 187
0 19
1 1695
0 69
0 65
1 871
2 938 692
2 706 192
0 35
0 28
1 1316
6 1085 299 1344 521 1476 1017
0 80
1 1551
0 78
0 71
1 1340
2 1372 1709
1 403
0 97
0 84
1 887
1 1154
1 580
3 127 216 104
0 76
2 776 1873
0 22
0 60
6 1456 1219 398 842 895 1396
6 1149 1807 336 1220 1444 402
0 75
0 17
1 1160
0 13
0 83
2 273 1464
2 1431 1359
1 96
7 11 1521 331 1345 249 1051 1573
1 1845
0 30
5 213 770 367 1356 1280
0 32
0 27
0 47
1 1067
0 51
1 1707
0 38
4 1167 1226 212 1933
1 1025
1 343
0 100
1 949
4 1282 122 316 624
0 15
1 484
0 95
0 97
2 265 1239
0 78
2 1375 1871
3 1561 677 725
0 72
2 564 1209
0 91
0 89
1 237
0 7
1 1594
1 1860
2 1048 777
0 14
0 82
0 46
9 4 1553 1892 1338 1159 1354 787 715 1005
0 57
3 1954 260 1083
0 68
0 48
1 1339
0 55
4 30 1470 1238 1524
0 83
2 630 1570
1 323
0 93
0 98
1 835
0 74
0 23
3 844 936 618
1 136
2 1772 1193
0 58
1 1977
0 54
0 7
0 79
2 1501 1564
0 67
1 674
2 968 1045
0 1
4 84 1015 829 942
0 6
2 97 1715
4 1756 1043 1584 1262
0 42
0 52
2 1373 1227
0 5
0 1
1 353
0 17
2 697 831
0 19
2 1107 401
0 49
1 217
5 1682 684 1618 1532 952
0 64
3 604 1839 1633
1 32
1 1091
0 5
1 950
2 1288 1744
0 37
0 85
0 30
0 93
1 1413
0 53
2 364 1404
3 91 1263 305
0 16
0 55
4 248 1198 1674 307
0 16
1 877
0 39
0 49
2 461 1605
1 875
1 1395
1 1998
0 34
0 97
0 100
1 999
3 1247 1251 1136
0 44
3 746 1747 1082
0 40
1 435
0 19
3 115 46 1969
1 921
0 6
0 47
3 556 1422 1267
0 24
2 1895 454
0 60
0 73
0 93
4 878 442 437 218
0 88
2 1775 326
2 1982 1418
0 88
2 475 1848
0 39
0 30
2 258 928
1 1509
2 1076 1013
0 68
3 184 504 1157
0 28
2 1650 1439
0 97
0 18
0 50
0 50
1 1114
0 71
0 3
0 32
1 985
1 1700
0 39
0 16
2 208 837
2 1548 142
1 542
1 375
1 501
4 1184 1646 1536 190
2 1789 671
0 51
1 1626
0 78
1 1502
0 39
0 50
0 76
0 58
1 1927
0 60
1 111
0 27
0 23
0 97
4 1841 376 320 494
2 1761 1727
0 60
1 41
2 1736 1849
1 965
0 4
1 651
0 53
1 1541
0 83
1 1519
1 583
1 536
1 575
1 1540
1 1103
0 49
3 540 654 1309
0 68
2 503 1670
3 1496 1022 167
0 65
2 387 820
0 16
0 17
0 33
0 46
0 3
1 400
2 1094 1652
1 154
4 285 778 231 1651
1 634
0 98
0 80
1 1080
0 1
1 1397
0 73
0 78
5 1754 910 1995 1061 1659
0 49
1 953
0 32
0 10
0 22
1 68
0 25
1 1441
1 410
2 1893 1012
2 123 584
3 1858 1323 906
3 788 699 253
0 21
1 983
0 67
3 1735 290 1513
0 89
3 1011 19 1378
0 76
2 71 371
1 1271
3 1369 1741 1567
2 836 1562
0 89
0 9
0 4
0 88
1 992
3 60 428 1268
0 33
0 2
2 640 783
0 48
1 1714
0 48
0 24
0 64
0 10
2 1980 1816
0 28
0 11
0 63
0 9
0 45
3 268 1678 1285
0 100
3 1475 94 1482
3 1054 1852 867
0 50
1 1859
1 853
0 21
3 1481 490 1337
0 36
3 926 856 1179
9 602 960 666 1023 397 1442 1260 581 416
0 99
0 24
3 1929 199 1944
1 1423
0 86
0 49
0 39
0 88
1 1409
0 11
1 1745
2 232 1348
3 193 245 225
4 321 378 269 709
2 1230 12
1 1058
1 886
0 57
0 8
2 98 1164
1 779
0 19
1 811
0 51
1 807
0 91
0 29
0 24
0 23
1 1314
2 781 280
0 32
0 47
0 46
3 198 39 1655
0 51
0 79
0 2
3 601 1684 66
5 929 1383 920 342 455
1 1358
0 92
6 1507 243 298 517 538 1355
2 468 1920
0 97
0 40
0 43
3 1458 507 570
0 38
0 77
0 61
2 1976 813
2 1035 1278
6 900 436 172 769 1712 279
0 33
0 54
1 1132
2 1627 695
0 19
0 52
0 92
1 22
1 621
0 44
4 1921 407 1071 1614
0 44
0 81
0 14
0 35
2 1746 50
1 1879
1 1333
1 1740
1 49
0 64
5 1776 203 1868 1172 553
6 1141 1009 1867 927 809 961
0 86
0 14
0 6
2 681 1480
3 896 1242 177
0 49
1 1994
0 30
0 99
8 1253 593 1539 694 891 1812 379 186
0 4
1 1130
0 28
0 61
0 18
0 57
1 1432
0 25
4 1014 469 228 870
1 67
2 1 286
1 1690
0 73
0 77
0 7
2 330 675
0 57
0 59
1 1084
0 43
2 1308 1820
2 1771 73
0 18
0 97
0 59
0 77
0 70
1 1367
0 83
0 18
1 1455
0 38
2 610 1608
0 89
0 74
4 354 1402 250 795
0 46
0 6
1 708
1 1730
1 1916
0 46
1 1710
1 616
3 1152 133 1590
1 724
4 1986 1328 973 1003
3 847 7 764
2 797 1342
0 55
1 1760
2 1649 1087
4 753 1176 482 1315
3 1433 614 1225
1 1905
0 86
0 53
1 168
0 88
0 90
5 1947 83 1148 467 178
1 38
0 66
2 1663 1569
0 89
0 95
6 1189 1491 173 1999 1357 977
0 68
0 21
0 99
2 1534 1046
3 355 933 543
0 82
2 1827 1478
1 1719
0 70
0 65
0 7
1 109
1 846
1 487
0 25
3 892 1038 1647
0 85
1 1454
0 45
1 573
0 31
0 89
0 53
0 88
0 12
0 43
0 75
2 652 16
0 54
0 17
0 43
3 1623 1835 1520
0 1
4 1467 1586 1020 713
2 1217 851
0 57
0 90
0 66
1 1925
2 548 1028
2 292 497
0 74
2 1782 1024
0 100
4 537 873 100 372
1 1831
0 62
3 905 476 909
0 94
2 653 1377
2 1390 759
2 622 943
0 81
0 60
0 98
1 1192
0 42
0 71
3 515 922 925
1 1850
0 88
1 85
0 98
0 93
1 682
1 204
1 303
3 1885 967 796
2 409 597
5 586 214 25 656 289
0 63
0 23
0 43
1 57
0 69
4 1143 1575 1828 1949
0 86
0 85
1 2000
0 82
0 3
1 883
0 52
1 1577
0 88
0 11
0 12
674 960
965 726
1380 1126
1185 1200
1916 1678
3 115 563 396 1916
31 2555 863 1664 1411 347 324 241 1684 1935 530 337 584 500 773 806 99 1187 1881 739 652 1602 124 1057 1875 202 62 498 719 1916 1091 1133 1967
9 376 1235 424 1718 1447 1999 925 440 1542 462
27 2151 1508 538 814 261 352 1076 1674 1077 1827 584 98 129 215 987 72 490 1890 1007 1337 545 745 22 494 1357 1689 575 1797
14 1827 285 721 1070 473 540 1056 631 1179 488 744 1619 1270 1277 1962
