100 10000 5 5
6980 2235 1118 7026 4663 6270 6709 5608 4576 1484 390 1824 264 7021 7264 3360 8143 5284 2038 4504 9033 8447 1921 5858 5685 309 5851 5816 8496 8842 5736 5952 2322 3002 6497 7306 6136 4871 784 7448 3567 4 331 4464 285 470 2611 2971 3805 3237 5217 8827 7713 7397 5094 4236 3529 2066 2937 6169 9509 1456 282 3546 2762 3222 555 4781 163 3146 3746 648 9778 9059 7762 8394 6297 3781 9708 5295 6304 4814 299 7054 1813 4490 2343 4029 2564 9216 6550 9206 8483 3141 7522 7791 4957 7039 8774 7346 
0 7
1 533
2 161 7222
3 3805 7173 9670
0 21
2 2904 7748
2 2218 1925
1 5151
1 2786
0 89
1 4114
1 3393
2 7338 9537
1 6336
0 62
1 4656
0 20
1 4423
1 3689
0 76
2 7099 3920
2 5417 3603
0 64
0 52
4 3428 9159 609 7315
0 27
0 17
2 3699 2916
3 2621 9696 6862
0 50
2 5645 8166
0 53
0 63
1 614
1 583
3 1849 6651 2769
0 31
0 9
0 100
1 3323
0 47
1 5670
0 89
0 44
1 5203
2 3491 2965
1 7561
0 36
2 6499 6023
1 4034
0 57
2 8401 7947
1 853
0 27
0 94
2 1319 8972
1 1041
0 92
0 7
0 63
2 4837 6288
2 2056 6668
2 1343 693
0 18
0 70
1 5458
0 66
0 66
0 82
0 31
4 4752 5083 5141 4916
0 48
1 2773
0 88
0 49
2 9628 3800
5 8463 9775 1439 5689 4678
2 9803 4398
2 9316 7755
0 91
1 6907
0 77
1 1408
1 439
1 5224
0 88
2 4131 8190
4 6384 7460 7170 6315
4 6211 7376 2229 1681
4 933 7189 3005 3132
2 6210 625
0 51
2 9478 8666
0 20
4 151 5397 687 9507
0 11
0 57
1 7434
2 952 5861
1 6055
1 652
0 76
0 25
1 5496
2 9858 2052
0 25
0 94
0 2
0 22
2 1227 4272
0 2
1 8413
1 826
1 5304
0 44
1 4855
0 84
0 29
1 2404
1 6056
0 6
4 5648 3449 3658 155
0 25
4 4560 2362 2845 5236
2 5389 2928
2 5594 942
2 5766 8503
1 4412
0 38
0 94
0 59
0 40
7 1718 8494 6141 9012 2415 1754 7223
4 1444 4822 8780 9385
1 1423
0 37
0 69
0 9
0 72
0 77
0 51
0 24
0 4
0 51
4 5979 6833 9010 8515
2 1526 7491
0 13
0 55
0 80
3 9814 4861 1900
2 7981 475
0 73
0 64
1 4472
0 43
0 25
0 31
0 22
1 7136
6 5972 8049 562 9379 2595 1414
0 82
2 9966 9805
1 4677
0 77
0 45
0 85
1 5602
1 2445
1 2321
2 6947 8178
6 4540 8196 6888 8284 3020 9982
0 57
2 4913 5025
0 43
1 9297
0 20
1 3932
1 8140
0 17
0 72
2 3356 4119
2 6882 4793
0 51
4 8015 1527 2446 1979
0 80
2 8534 6988
0 16
0 72
0 98
0 8
4 8384 7991 26 9429
1 4674
0 54
1 8676
0 9
0 98
0 46
0 90
0 83
8 5944 7302 9896 6247 1768 3182 7778 4783
1 1533
3 9781 8183 4002
0 85
1 9046
1 1307
1 7207
0 82
0 78
0 6
2 1906 6661
2 4220 7116
3 696 5631 5014
0 11
1 2744
1 8951
1 6597
0 73
0 86
0 21
2 8960 5235
0 5
0 87
2 5246 724
2 3201 5532
0 51
1 9991
0 36
0 60
0 5
3 9780 3700 808
1 1018
0 70
0 14
0 72
0 35
0 71
0 69
4 607 6996 2421 1211
1 5522
1 7677
2 9221 7996
1 577
5 9554 6216 553 2366 8943
4 4645 1972 9184 1426
1 4644
0 51
0 9
0 82
2 5664 5797
0 20
0 17
1 8626
0 11
0 10
1 5
0 25
1 399
0 1
2 5699 4950
1 1177
5 3179 9575 5188 9456 121
1 3048
0 56
9 3360 5736 2937 9059 4128 1860 8039 2422 9959
6 3423 9283 9716 1009 7905 4414
2 8236 8516
0 11
1 5060
0 99
2 744 7415
3 6470 5326 2885
0 74
2 1268 9668
0 81
0 13
0 60
3 6008 8749 1543
0 60
1 8713
1 7575
1 5782
9 8483 626 5676 1556 4050 3542 2111 1445 454
3 4115 5546 8517
5 2292 3929 3637 5263 1057
8 3222 9743 6520 8114 9918 9917 7513 3510
4 6004 7976 5341 3454
0 54
0 53
1 9009
0 45
1 165
2 6358 2425
1 6939
0 65
2 7442 9801
2 7441 3289
1 3950
1 2533
5 9211 2767 7999 5303 889
0 96
4 9300 8831 2247 1490
0 55
3 5186 138 7359
1 1516
0 70
1 1970
0 74
0 91
9 4871 331 1383 1475 2523 6740 2439 8737 4183
0 94
0 84
2 4960 692
0 12
2 2794 5524
3 4733 5848 6329
0 13
4 6177 6792 7943 5043
0 26
2 9340 8741
0 77
0 99
1 1127
0 57
0 90
0 61
0 30
0 49
2 7161 297
1 227
0 24
7 1861 1856 8532 3384 5847 5549 6593
0 7
0 90
0 95
0 58
0 44
3 7893 2433 7570
0 65
4 6920 671 8181 6351
0 83
0 36
0 9
0 98
0 67
0 27
2 6046 4912
0 49
2 9940 3728
0 50
0 44
0 55
3 1969 2096 4716
0 21
0 17
0 31
1 7766
0 67
3 7019 6560 8584
0 53
0 34
1 2725
0 3
0 46
0 23
0 100
1 1020
1 5436
0 100
1 5376
0 97
8 402 9405 7186 4237 9845 680 1305 3381
0 51
0 87
3 3057 6307 9494
5 2201 4102 2538 1238 5336
4 1187 4537 7508 3962
2 9279 4840
1 1536
3 621 4853 4130
1 3907
0 83
0 20
3 6281 5372 9005
0 32
2 2972 5700
0 32
1 4309
0 91
0 48
9 3237 920 7948 2355 7699 3340 6784 3543 1153
0 31
3 5561 4143 8398
1 1874
1 8165
1 5434
0 34
2 7694 1656
6 8099 9553 1117 2195 8791 4057
0 52
0 88
1 57
1 1784
0 68
0 60
1 8718
1 6045
2 6705 9651
0 23
0 4
0 7
2 7844 1379
2 7089 6587
3 9248 9170 8252
0 100
0 33
0 66
4 9866 3917 2615 1650
1 5601
0 25
4 7158 3031 9195 2484
0 74
1 4975
1 3752
1 9122
1 6490
0 24
0 100
1 4817
0 33
2 2856 4049
1 6592
0 4
1 7149
3 2985 6847 362
1 8785
1 862
4 8830 3503 663 713
3 880 3322 9148
1 1068
1 9705
0 28
0 99
1 7247
2 1794 571
0 79
2 7261 4474
0 96
0 42
0 7
0 26
0 84
1 2226
2 1920 3740
1 2896
1 1967
0 80
5 3456 2668 6818 1462 7451
0 17
1 3776
2 477 8645
0 65
4 9799 5680 8403 1336
0 70
0 75
3 733 2296 1366
3 9779 9296 2580
1 5115
0 67
0 40
4 7522 4085 6962 5278
0 92
0 54
1 9722
0 63
0 43
0 45
0 53
1 5976
2 5876 8138
1 6001
0 78
1 5234
0 1
0 43
1 6559
2 5185 6260
4 216 6539 5853 1202
0 12
2 9072 414
0 95
2 2815 8162
1 2787
0 63
0 56
1 9064
0 9
0 23
0 18
1 3380
2 7924 7743
3 6759 568 6259
5 8333 4703 1914 5311 748
0 48
0 59
0 95
0 13
0 41
0 6
0 78
1 6801
1 5738
0 24
0 97
1 3520
0 20
0 40
5 7519 2451 9118 6601 3710
4 4759 9669 6834 7721
0 45
4 3706 2947 2230 368
0 70
0 80
0 66
2 7199 6545
2 6773 4497
5 8776 6226 484 2489 750
0 56
0 17
1 4081
7 994 4494 6026 3585 7671 3987 3722
0 17
0 18
0 45
0 64
1 5649
0 49
5 5340 6949 8133 8028 9461
1 5922
0 100
3 2267 840 4827
2 7348 3286
0 96
0 91
0 31
0 86
3 2302 2487 6444
1 8070
1 9650
2 369 5907
2 5968 9946
0 22
0 38
3 3260 6941 8259
0 88
4 730 9837 4965 4729
0 88
1 9744
0 62
3 6305 8487 5655
5 6617 4839 7845 5037 6632
0 40
2 8109 2986
0 55
2 6426 5658
0 36
3 9470 261 9684
0 86
1 2370
3 977 7798 7074
0 61
0 90
1 776
0 37
0 94
0 47
0 94
1 7443
0 95
1 7773
1 1776
0 1
0 73
0 99
0 63
1 5179
1 6155
2 9347 6999
0 81
1 5843
0 18
2 8313 5788
0 41
2 7906 7736
0 60
4 4572 3102 9950 1506
1 972
1 3249
0 88
0 65
0 68
1 5187
0 13
0 65
0 87
3 6870 5255 3883
0 67
4 8137 7196 8108 8244
0 5
0 13
2 4138 3477
0 98
1 4909
3 2378 3741 5086
0 4
3 9155 6411 3111
2 9893 2912
0 68
1 3583
0 74
0 34
2 7819 2119
2 8839 918
0 37
1 6308
0 39
4 184 786 7275 8212
0 92
1 814
0 76
5 7541 4550 3486 5627 4332
0 6
8 7078 265 4124 5490 4201 7540 6984 8539
0 3
2 987 5498
0 75
0 59
0 26
0 24
0 35
0 71
1 2914
0 97
1 985
2 7781 6443
1 7363
3 1603 8880 7008
0 13
6 4432 3200 4565 4883 436 9848
0 7
0 59
0 9
0 15
4 1513 4488 1832 4320
1 2921
0 96
0 86
2 3625 3427
1 563
1 8008
0 24
1 2799
0 21
0 17
2 5622 6532
0 70
1 1175
0 67
0 75
1 237
0 17
0 2
2 4634 4345
0 96
1 4166
0 9
1 9956
0 61
0 49
0 3
2 2283 7458
1 6202
1 7558
0 60
0 26
2 9880 4135
1 5795
0 92
3 4169 7235 423
4 5118 5477 8124 4077
0 95
0 78
0 48
1 9939
0 81
0 25
0 41
0 52
1 107
0 75
0 98
0 35
1 9272
0 73
0 54
0 53
6 2047 9730 8221 4980 7786 6998
2 4942 961
1 3982
0 86
1 6916
0 29
0 98
0 91
2 1371 2393
7 1742 29 9611 9348 2427 5540 1235
6 6910 1178 1121 5402 3493 1500
0 65
0 43
1 2709
0 29
0 83
1 3876
2 810 8486
0 22
0 99
0 82
0 40
0 46
1 7583
3 3785 5951 305
3 6364 9044 664
6 8115 7874 9322 6290 6118 2006
0 100
0 28
0 95
0 2
1 291
5 1724 3404 7439 7113 7754
0 9
0 37
0 60
4 1172 2893 2957 1034
3 3719 7832 9436
0 59
0 87
0 85
0 72
1 1757
0 44
2 2508 2905
3 1877 8574 9421
1 9101
0 30
0 65
1 4184
1 1315
2 8261 8073
0 67
4 3351 9140 3090 4172
2 21 3611
0 90
1 1244
1 4210
1 2835
0 30
1 2920
1 3108
0 35
0 34
0 88
0 87
4 4487 9545 1230 8653
3 9570 1386 5352
1 551
0 42
0 50
2 7010 7880
3 5533 3485 7043
3 4478 7257 1236
1 8933
1 5257
0 28
0 61
5 9708 3194 1152 3662 6179
2 8135 5274
1 8838
0 20
5 4910 8805 1345 7266 7512
1 4451
1 8041
0 7
0 81
2 4116 4620
1 8083
0 47
0 78
3 1531 5572 2356
0 100
0 93
2 6323 7623
0 72
2 5538 1035
0 92
0 18
3 7368 5830 522
1 7035
3 7155 268 6108
0 45
2 8784 3447
2 1722 9646
5 1361 1210 2752 1115 5704
5 9365 4101 8607 887 908
2 6471 5301
0 68
0 100
0 77
4 5547 5809 4945 2122
0 59
2 7745 1061
0 44
0 65
0 36
0 64
2 7073 7547
0 6
0 25
6 9267 377 7236 2294 356 225
0 64
1 8823
1 9430
8 2785 1929 8030 186 5611 409 2664 9701
0 11
1 2803
1 4294
1 5785
0 26
0 77
2 5762 6814
0 1
2 2023 7952
1 5290
1 4825
4 9733 7787 6937 1208
4 1267 9313 4393 9427
3 7756 7629 6283
2 5507 4925
0 39
5 4851 1138 4655 8970 3798
0 26
0 76
2 4518 6969
1 8311
1 6770
1 8315
0 79
0 9
1 5347
5 5294 1477 4304 8710 2461
0 98
0 95
0 31
0 19
0 27
0 29
0 79
2 7646 6432
0 44
0 83
0 15
0 11
1 5071
0 88
0 95
0 38
0 22
0 51
4 7984 9878 4642 8965
0 32
0 77
2 3407 8735
1 3933
3 1171 7825 7265
1 6448
1 2363
2 7494 6579
0 8
2 601 8002
0 72
1 9630
2 7864 2170
1 8469
3 4613 3435 973
1 7518
1 4526
0 36
0 61
0 86
6 6106 1215 5210 9011 1577 314
0 90
0 73
0 4
0 1
1 1725
2 1378 7418
0 49
1 3157
1 1839
0 26
1 1795
0 34
0 19
1 928
0 53
0 20
0 93
6 4277 9964 1547 3411 2967 5232
5 5267 4573 5291 5828 8136
1 6174
0 15
4 3225 5222 4698 7731
0 92
0 56
2 9913 6469
0 82
0 66
2 2084 3395
0 52
2 2053 4601
1 5156
0 49
1 6794
1 9769
4 7001 5798 4784 1095
2 2293 7304
3 3349 3274 2757
3 7428 6697 9523
0 70
0 34
2 9891 2099
1 4467
0 65
1 1883
3 8617 9617 5578
2 8158 3461
4 3343 634 7578 1122
1 4314
0 62
0 32
1 5596
0 54
1 4628
1 9748
1 656
0 52
0 29
0 33
1 1498
1 7866
0 51
3 7066 4689 3685
1 6895
1 9604
2 4112 3134
0 10
3 8017 5292 2812
2 1888 332
5 4204 5727 5672 1735 4126
1 4191
0 4
0 37
2 3389 7473
0 12
0 97
1 3294
0 37
2 3938 1407
0 39
3 5445 396 5488
0 44
0 62
2 1081 3668
0 52
1 7638
0 26
1 5515
0 14
1 6140
1 2411
0 42
0 41
0 79
0 56
0 19
1 5737
0 39
0 78
2 8053 4603
0 11
0 22
1 9857
0 61
0 43
1 6594
0 57
3 9440 9070 8406
3 9234 4530 363
0 81
1 3276
2 758 435
0 77
3 5634 7374 5687
0 83
0 6
0 31
4 778 315 3167 4305
1 2315
0 35
0 11
5 489 1447 1805 6749 6395
0 41
1 9001
1 5960
1 3650
2 5254 97
0 71
3 146 1564 6150
2 4372 6048
3 9890 147 7839
3 307 7993 6507
3 6714 4711 3782
1 3985
1 8161
2 5207 3012
0 4
1 4749
0 20
0 92
2 9034 3860
0 27
0 76
0 100
0 30
1 1889
0 31
0 74
2 5483 6407
4 8886 3788 2755 4792
0 51
0 94
0 20
4 4936 3174 7925 8250
0 11
0 19
0 36
0 49
0 35
0 71
0 51
1 2220
0 29
0 52
1 4499
0 95
1 5638
0 19
0 22
1 4523
1 3136
0 76
0 18
0 45
0 7
0 85
0 71
0 26
0 64
0 30
0 71
3 2518 3751 8945
0 3
1 2911
2 9028 3015
0 87
0 22
0 95
0 28
5 1643 4682 8800 9428 4668
3 7289 6109 2186
1 2163
0 51
1 1044
3 6683 7165 1670
0 75
2 9511 1050
0 87
0 68
2 2749 4346
0 36
1 3570
2 488 8815
0 65
0 13
0 93
0 99
0 69
1 1080
4 4847 6831 7955 8411
4 6935 6476 7614 135
0 21
0 55
0 8
0 17
1 9008
0 68
3 4758 5383 3579
0 19
1 9298
10 7026 6709 1824 5774 4062 6839 3712 6114 7871 605
0 7
0 34
2 4999 4177
1 5827
0 20
0 16
0 57
0 44
0 63
0 73
2 9185 5905
3 6244 1637 1406
1 490
1 3889
0 22
1 432
2 788 9859
0 4
1 9521
6 767 9596 9453 3544 9693 9022
0 61
4 5031 8057 481 5516
0 66
0 49
0 87
2 5770 101
1 3437
0 58
1 277
0 37
0 63
1 9329
0 79
4 4927 4879 5312 9303
0 61
0 66
0 18
0 36
0 83
0 28
0 8
1 7294
3 6625 5800 8625
1 5327
0 66
1 5598
1 4959
2 4129 4539
0 15
5 731 6408 5283 9410 5834
3 3608 8988 979
0 23
1 5399
2 7490 9290
3 3261 5537 9702
1 2225
0 22
0 64
0 42
4 8011 2704 2172 142
1 3181
1 2961
4 3 444 1432 8123
1 5563
0 9
0 67
1 9616
1 4857
3 3371 9018 7911
0 74
0 64
1 2683
4 7278 6970 8318 774
4 5299 9736 5184 2731
0 50
2 673 4773
0 16
1 3773
2 4035 7610
0 54
0 48
0 11
2 5908 9238
0 90
0 41
0 4
1 8694
1 9642
1 1712
0 37
0 82
5 858 9236 6779 1878 7337
1 9752
1 836
1 5569
2 4465 2504
4 8855 9820 4159 1674
1 8001
1 2648
0 38
4 9457 6462 7510 4732
4 8443 3944 5493 7204
0 63
2 5079 391
2 5218 5582
4 7232 1043 4384 7566
1 2895
5 1290 8358 1309 7240 3168
2 7927 1348
1 338
1 770
1 2486
0 53
1 9383
0 42
2 9607 3547
2 5011 911
0 92
0 40
0 84
0 43
2 2969 2447
1 4070
0 5
0 58
0 47
0 27
1 2209
0 76
1 9832
0 84
0 59
0 29
2 5884 5390
1 2711
0 65
0 14
0 66
0 73
1 5900
3 9377 6003 9740
1 6139
1 7511
0 40
0 45
2 1272 1123
1 4800
1 8306
3 7141 3068 4044
2 4803 6493
0 9
1 3624
2 6359 1146
1 7437
1 897
3 2094 6330 6561
0 67
2 8744 1578
0 70
1 4051
0 70
0 36
0 8
0 41
0 45
0 68
1 3749
2 6821 1692
0 68
0 72
2 4940 1391
4 845 4821 8068 8571
0 13
0 2
1 449
0 13
2 2093 8255
0 65
2 6836 4157
0 37
1 1751
0 13
3 7859 1245 5392
1 8792
0 29
0 36
0 25
2 4505 5450
1 5607
0 70
1 991
1 1106
0 82
1 8341
0 94
0 59
2 6806 6645
1 3176
0 91
2 6398 198
2 7355 6021
0 70
0 45
1 1196
1 9825
0 66
0 93
1 8229
0 85
0 32
0 53
4 7472 141 1852 5154
0 74
1 8953
4 6453 7034 8310 1479
0 2
0 6
0 54
4 2991 2993 9999 5897
0 99
0 67
1 6065
0 1
0 20
0 57
1 6110
1 1096
1 1825
0 75
0 72
3 5815 6468 4360
1 1913
0 47
0 30
1 1727
1 4850
1 6077
0 92
0 7
0 55
0 59
2 4563 1525
5 3783 1709 5653 3192 3219
0 99
5 9325 1349 243 9143 8476
1 8366
4 8454 8894 59 8795
0 64
0 85
1 4312
1 1420
1 7436
0 33
0 49
1 2783
0 61
0 52
0 38
4 8878 8545 1195 4491
1 900
0 72
2 965 4701
1 4001
2 2274 1566
4 2297 5713 3963 3767
0 69
0 3
0 99
0 14
0 40
0 94
2 8740 3690
0 52
1 809
2 1999 3123
0 56
0 14
0 62
0 34
0 53
0 82
0 92
0 39
2 6505 8729
3 5039 8620 3632
0 43
1 1213
0 35
1 1993
0 22
0 93
4 9099 3178 461 6556
0 19
0 81
0 1
0 55
1 8564
1 325
1 5159
3 2992 8660 1514
0 85
0 6
0 6
0 84
0 10
1 2246
1 3151
0 46
0 8
1 8646
1 9992
1 3230
0 39
0 15
6 716 4365 2408 936 6207 792
1 5265
0 73
2 8911 5691
1 20
0 97
0 36
0 57
1 704
0 37
0 5
2 5500 3211
0 84
0 95
1 8513
4 7312 2531 7492 5054
1 1264
0 51
0 27
1 6365
0 4
1 3682
0 47
3 8038 352 8396
0 17
0 35
0 4
0 31
0 90
1 1329
0 98
2 3660 8036
1 221
2 7146 8492
2 9869 7732
0 32
0 85
0 13
0 55
2 4963 7681
2 2860 757
0 48
2 9944 2464
0 94
4 5963 3198 2029 8675
0 17
0 6
0 4
0 72
1 7233
5 842 4156 5967 739 4406
5 1921 4464 4490 2946 1590
1 6494
2 871 8051
1 5775
0 4
0 49
0 21
1 7475
0 97
0 25
1 2167
5 7145 6938 9790 1218 5338
0 10
1 5650
0 32
2 7782 250
1 3675
4 4228 5405 5983 6863
0 8
1 3501
2 4011 726
0 27
3 1855 6774 5872
0 92
1 2535
1 7272
0 52
0 89
0 31
5 171 9576 4026 2429 8898
0 91
0 77
0 85
2 556 543
0 31
1 2311
0 85
0 67
0 54
1 8523
0 2
2 5879 1612
3 1094 2802 2025
2 2391 1529
2 1504 3013
1 2499
0 7
0 19
1 2601
0 36
0 37
0 59
1 2360
0 18
0 36
1 9361
1 3795
0 83
0 23
0 51
0 58
6 7267 7135 6540 6849 2851 9876
3 5174 2960 9275
1 699
0 56
4 6153 9645 9201 7656
0 91
0 30
0 88
1 9689
0 14
1 4389
3 2671 8640 4195
0 26
2 6655 9105
2 8352 7986
0 36
3 3147 5316 1255
1 5410
0 31
1 8457
0 73
0 32
1 8067
1 5245
2 6948 7692
0 24
0 52
1 6899
1 5387
0 29
0 35
0 44
0 66
4 1158 4924 2104 6582
3 3977 1540 6563
0 21
2 3481 7088
1 9632
0 49
0 10
0 94
0 97
0 71
0 52
2 3879 3734
0 53
2 6531 2596
1 123
1 106
0 80
0 72
2 6146 2457
0 98
0 44
0 80
3 4594 2410 8054
0 53
1 5587
2 7198 4988
1 1320
0 60
0 75
3 3254 8948 55
1 574
3 2194 5744 6057
0 100
0 94
0 23
0 46
0 48
0 97
2 2018 8611
0 10
0 88
0 37
0 7
3 3218 2842 5993
1 5126
0 19
2 113 8789
0 58
1 9685
1 9666
1 7262
1 7979
2 3451 4287
0 99
0 16
3 5844 6235 9622
0 38
2 7950 2326
0 97
0 75
0 75
3 866 5000 837
2 4579 4571
0 40
0 11
3 707 4807 8249
0 59
1 6975
0 7
4 4831 119 1834 2554
0 13
0 72
1 1568
1 2409
0 24
2 3419 801
0 63
0 77
0 33
1 6976
0 16
0 77
0 43
0 95
1 509
2 7375 787
0 72
0 66
5 6573 3894 5541 4441 8991
0 98
1 8621
4 978 2480 9868 7417
0 78
1 5181
0 29
1 6618
0 65
2 3968 2604
1 642
2 4142 5063
1 5264
0 94
1 4409
0 42
5 3787 1951 1720 2442 4848
1 9838
2 2979 3970
0 31
0 13
2 6590 8159
1 9013
1 8474
1 6853
0 4
0 20
1 3724
2 5889 3462
0 38
1 6328
2 7377 6828
0 13
1 9492
1 9139
0 41
2 7117 7094
0 13
1 6606
1 3951
2 639 2174
0 13
0 8
5 7046 6382 723 5508 7587
2 5135 8860
1 5078
4 7100 486 5055 2192
7 5337 4622 4073 8237 7102 182 6104
0 44
1 8103
0 65
1 6037
1 3940
1 4635
0 65
0 97
0 60
0 78
0 41
0 100
1 3402
0 1
5 9130 1596 6007 890 7916
1 355
2 5359 8203
2 6845 3445
0 42
2 7923 3607
4 6059 6898 4239 8566
2 3089 3566
0 34
1 4775
1 2121
0 87
2 2569 8425
0 86
4 2844 1333 3152 8770
0 5
1 3627
0 44
5 9598 4076 7487 8750 4090
0 4
0 65
0 4
2 6254 3079
2 9133 308
2 6191 7403
0 36
0 30
0 15
6 4376 2883 1545 1442 7181 1409
0 60
0 31
0 14
0 53
1 1812
0 52
1 8651
0 49
2 2551 1052
0 78
0 66
0 37
2 7471 9102
3 4753 7565 5617
0 2
3 52 7596 1411
0 94
1 6050
1 5975
0 69
0 73
1 637
1 4449
1 1008
0 16
0 98
0 17
2 3845 8757
3 5716 2351 7093
1 1323
0 28
0 18
0 100
1 678
0 89
1 1708
0 20
2 2599 7101
0 80
0 32
2 4561 7031
1 5407
6 2745 5994 1677 5898 206 7263
2 4253 921
2 3127 7364
0 24
1 1160
5 2890 9898 1495 6512 7525
2 9531 2824
0 52
0 21
0 5
0 25
1 6955
2 7072 1062
0 27
4 4630 549 9092 2103
1 7647
0 80
1 8980
2 2245 5244
2 8239 7598
0 13
0 89
1 8806
0 89
2 803 5604
14 264 7021 8496 3746 1051 2463 6212 2071 2189 4520 622 7095 4261 7833
0 88
0 11
0 93
1 980
0 25
0 71
1 1922
1 7053
0 1
1 6924
1 3247
0 59
1 8007
0 86
2 3426 7628
1 8912
1 6234
0 52
1 9806
0 7
0 11
5 2251 3871 2143 349 9113
0 40
2 2467 7726
3 8351 7688 9776
0 79
1 3557
0 52
0 99
0 30
0 30
1 2041
0 92
1 4502
3 2869 524 9472
2 2995 7091
3 7269 7834 9051
0 57
1 5201
0 24
2 9292 8194
0 94
3 2114 6702 3405
1 3528
0 82
2 5058 8121
1 6350
0 80
0 2
0 95
0 40
0 79
3 846 6414 4099
1 8572
1 3836
0 57
0 66
0 59
0 34
0 45
4 5894 8810 8337 6878
1 4394
2 3255 1262
1 3318
0 76
0 43
1 3400
2 4769 554
1 8614
2 5489 3972
3 7305 4899 668
0 81
1 1298
1 2325
0 30
0 79
3 806 9144 3191
2 3780 3439
5 5556 9416 1544 854 4437
0 27
0 49
1 5018
1 2374
0 38
2 3927 5803
0 35
2 6750 3184
0 30
0 33
3 7744 5757 2871
1 2319
1 442
0 46
0 92
1 6867
1 6650
12 8842 784 3567 1772 5420 5529 9551 2540 4291 5443 9656 4902
0 42
4 6567 5494 6783 1797
0 100
2 8639 9742
0 5
1 4197
4 9662 7033 1634 7965
2 7322 7553
0 97
0 57
1 7649
2 4908 7077
0 50
0 97
1 2479
1 3612
0 77
1 3791
0 43
0 68
3 5368 9886 5379
0 36
3 654 2117 4005
0 4
0 94
0 27
2 5623 1031
2 6873 30
0 9
2 3554 6437
0 6
0 68
0 5
0 17
0 26
0 7
0 66
0 21
1 7805
0 77
2 3946 5707
0 48
3 6225 6685 4007
0 3
0 75
0 8
0 8
3 7892 971 1266
1 3165
1 9768
1 636
0 91
0 20
0 57
0 78
1 9096
1 2678
1 4381
0 18
0 68
1 3331
0 36
0 44
2 4874 3636
0 63
2 9648 4264
5 6753 9198 9490 3017 3563
0 12
1 2627
1 6875
0 31
0 94
0 37
0 17
5 5064 5849 7215 6796 8042
1 4787
0 100
0 89
1 5949
1 6954
1 4632
2 7108 7591
0 85
3 3413 6316 1128
0 44
2 6925 768
0 60
0 81
1 4075
2 1494 5918
1 9121
0 89
1 5961
1 995
0 48
1 4639
0 49
0 84
2 5170 8949
0 57
0 86
0 70
2 5105 7625
0 86
0 90
0 82
1 7172
0 99
1 6252
0 18
1 996
0 48
2 2090 1962
0 19
1 6721
1 9856
3 9033 5820 3562
2 860 4117
0 54
1 6687
1 5659
1 999
0 85
1 7527
0 32
2 2020 7249
4 5161 8562 9519 4027
0 11
0 3
1 4947
1 4933
0 81
0 53
0 75
1 6361
0 7
0 66
0 86
1 3519
2 310 3916
0 63
0 4
1 9909
2 7817 7957
4 6250 3313 4657 9997
0 80
0 73
2 6327 7701
0 11
4 160 1879 3952 7065
2 7897 8331
0 15
0 98
0 43
0 30
0 9
0 30
1 5147
0 18
1 8210
1 3872
1 3653
0 18
2 5206 9841
1 7336
3 8627 3859 1103
4 2072 6482 1499 7037
0 16
2 5122 7586
0 6
0 16
0 47
3 1373 7686 6569
2 5220 5162
3 3922 5053 955
0 97
0 91
0 65
0 72
1 4088
0 73
1 3482
1 9266
1 1938
1 6075
3 5914 2980 7123
1 6708
0 1
0 92
0 50
2 1013 1749
0 70
3 5212 1502 2748
1 1076
2 9450 9086
2 6555 7142
0 72
0 30
3 9549 4105 6031
0 57
1 2051
2 5310 3974
0 42
0 92
3 4979 4370 5805
5 2696 2243 7990 1991 1648
1 5427
1 5632
0 80
0 91
0 73
0 31
1 6584
0 75
0 48
0 5
0 99
3 6706 3641 6137
0 96
0 92
0 39
1 2028
0 22
2 5431 9772
0 47
1 4296
1 8922
0 33
0 74
0 15
2 4206 7435
0 20
1 1421
0 13
2 5132 5426
4 1582 6588 8296 3041
0 63
0 8
0 61
0 39
1 4430
0 85
0 18
0 84
0 64
0 86
0 16
0 39
0 62
0 53
1 5892
1 4552
1 1488
0 10
3 1581 8664 7601
1 1884
0 88
0 71
1 2953
0 28
1 8995
3 8929 7476 4765
0 26
0 15
2 6465 9448
0 76
0 47
3 4193 3368 8177
1 5065
4 4858 5104 9346 4275
3 1070 2941 9936
0 1
3 9713 6679 429
1 7758
0 64
0 44
2 7445 6296
1 7868
1 8085
1 5204
0 88
0 27
1 1285
1 4274
0 97
0 69
0 3
0 6
0 86
2 7219 6523
0 40
0 18
1 2617
1 1201
0 98
0 95
0 46
2 2200 6825
0 99
0 95
0 76
0 49
0 63
2 4756 323
0 36
2 7664 5985
0 24
0 51
0 93
1 8223
2 3284 7384
0 7
2 7496 7057
7 1118 4663 3002 2971 392 9654 914
1 7041
1 6791
0 9
1 6287
0 67
2 8094 6528
0 59
1 7440
0 47
2 1523 7210
0 65
0 31
0 62
0 72
1 5628
2 7574 7251
0 1
3 3591 8207 167
0 86
1 1072
0 79
4 7997 8811 9539 3717
3 4606 6112 168
0 14
1 4649
1 5027
2 5288 2938
0 99
1 711
1 2577
0 28
1 6126
0 46
1 2918
0 48
0 7
1 4774
2 5793 2329
1 4364
0 99
1 3757
3 1130 5581 4023
2 5885 5693
1 1847
1 6568
1 1552
2 7169 3029
1 8546
0 70
1 9641
0 72
3 5909 2552 3943
0 20
0 85
0 20
0 19
0 40
1 5630
4 7071 8286 5165 3826
0 84
0 53
3 337 6474 3867
1 8402
1 4961
0 29
5 7168 8935 354 3059 5440
1 6079
2 8867 108
0 64
2 9134 8258
0 17
1 7804
2 3300 8382
2 2080 7062
4 4326 7680 6514 1685
1 1655
2 4063 2640
0 38
2 1216 9755
0 60
1 7179
0 45
0 34
0 69
0 78
0 43
10 6497 6136 2616 4802 4421 8465 8581 1139 3760 6633
0 31
0 57
0 45
0 49
0 60
2 2770 4199
0 98
0 25
0 85
1 3825
0 88
0 59
1 7627
2 9842 3513
0 60
3 4600 8733 4602
1 9957
0 92
0 48
2 4951 1273
5 7367 6811 9381 3709 5723
0 25
0 92
4 2282 6337 4623 7813
2 3044 7966
2 9311 7128
1 6551
3 1233 4079 3561
0 24
0 51
0 46
0 79
4 3541 1715 7972 8767
0 2
3 3077 8090 3489
1 6511
0 90
1 1957
1 6986
2 8575 4529
1 9128
1 3526
0 33
3 857 8404 2160
2 8845 1665
1 7365
0 63
0 14
1 1551
1 9625
2 773 9041
0 61
0 61
0 34
2 9331 2256
0 14
3 433 1397 3887
1 2501
1 9172
4 2232 136 1589 8755
3 7060 5646 5430
1 1745
1 3292
0 27
2 5048 4921
0 92
0 18
2 1441 7048
2 7502 628
0 20
0 89
1 3550
3 6695 4641 6621
1 9063
0 93
0 30
2 2679 8287
0 2
1 7009
0 36
1 9145
0 30
0 49
0 45
5 702 9735 1012 8519 5139
4 5980 9855 4453 6648
0 73
0 28
0 27
0 95
1 6703
0 4
2 7079 8431
4 6257 7949 4407 139
2 485 434
0 8
0 46
1 9897
2 1804 4982
0 13
1 3319
0 44
0 90
1 9176
1 9797
1 3672
0 11
0 64
1 7197
0 12
0 59
2 7205 7876
0 27
0 25
0 65
4 2212 9949 1653 507
3 7823 5380 6623
1 5955
2 4944 7801
0 1
0 79
0 73
0 28
2 6776 2320
0 85
2 247 3281
1 7764
1 9074
1 3644
0 97
4 8905 7918 9107 494
1 7239
1 6639
0 25
0 56
0 66
0 83
0 59
0 96
0 66
1 2945
2 1601 4621
0 29
0 63
0 42
0 11
1 4973
1 1557
3 6843 441 3898
1 348
0 30
0 5
1 7118
0 20
0 8
2 9786 6613
1 745
2 4217 2781
4 3934 7683 945 5621
0 89
0 82
0 11
0 38
0 21
1 9393
0 88
1 7870
2 4708 7137
0 3
0 14
0 69
1 4219
0 42
8 6392 1252 105 5471 3452 1045 6537 6835
0 2
6 5523 3684 5511 7549 6547 1090
0 61
3 8705 4342 8473
0 81
0 88
0 31
0 7
1 3143
0 30
0 87
0 44
4 812 6629 4308 8809
0 38
2 512 8565
2 7537 7564
1 5332
0 15
1 6554
0 55
2 2500 867
2 5784 9476
0 32
1 2830
1 1183
2 4680 9548
6 7588 5620 4404 7901 6183 8510
0 83
1 1618
0 87
0 56
2 5825 1458
0 24
0 83
0 19
1 5388
0 31
3 1697 5013 9591
0 52
1 3010
3 1538 2115 5504
3 9254 5669 5743
3 2958 4401 8552
2 8498 156
0 69
0 56
0 64
1 567
0 65
0 43
0 80
1 6314
0 46
0 71
0 100
1 5247
2 772 6517
0 8
1 2780
1 7909
1 1358
0 31
0 59
0 89
1 7002
0 19
0 20
2 5262 3692
1 1826
0 18
3 1089 4735 4468
1 9362
0 40
1 3903
3 8772 5665 1595
3 5776 5412 2651
0 65
0 28
3 9587 4930 5682
0 43
0 2
0 60
1 9664
0 93
0 79
0 72
1 6134
1 3187
0 88
4 4829 3458 1085 7617
0 78
1 5750
0 55
2 9516 6652
1 8173
0 98
1 1063
3 5681 2387 1563
0 30
0 100
0 7
5 8307 7292 7757 9276 5381
1 7413
0 80
0 52
3 7015 8081 2086
2 6458 7963
0 60
5 3160 4422 8281 1663 1306
2 8505 403
1 2376
1 5286
0 31
1 3953
6 5305 7631 9557 6526 7020 1711
0 51
0 38
1 937
2 5528 8932
1 1402
0 38
0 24
1 7998
1 799
3 2087 9753 4108
1 5791
2 6951 9367
0 65
3 112 3185 9278
2 2898 2444
1 8191
1 8027
0 67
1 6409
2 540 9699
1 9888
1 3816
2 9400 2254
0 5
1 5331
0 8
1 8021
0 29
0 28
0 89
0 95
0 95
2 2013 6338
0 44
0 65
0 42
0 66
0 64
3 5416 8603 6712
2 7252 2365
1 6628
0 24
1 3959
0 16
0 53
0 75
0 70
1 9847
2 8928 3495
0 45
0 85
1 6220
0 41
1 4928
0 98
0 41
7 6313 7542 3457 6341 2734 8590 6767
0 34
0 81
1 6671
2 3101 3890
0 26
0 42
0 64
1 9934
4 5936 5351 1242 4238
1 5133
0 88
1 2681
1 1105
0 56
0 14
2 8999 8462
0 79
3 813 8989 5144
0 68
1 2765
0 67
4 9938 8647 1164 8356
2 5116 9354
0 6
0 55
0 76
0 4
2 7238 2396
0 42
2 4325 6148
2 9243 9039
1 6717
0 2
5 661 6760 2129 253 8312
0 6
2 2198 4188
0 70
1 9714
1 5438
1 3878
0 60
1 2450
0 67
4 3377 6102 6789 6423
0 9
3 5868 4151 5576
4 5932 8512 9789 4254
2 1259 9175
0 84
0 86
0 50
0 53
1 1599
7 8299 3978 2831 8330 2737 416 254
2 3695 6052
4 4740 8997 3357 1413
0 36
0 85
1 4212
1 2059
1 2649
1 8680
1 1182
0 56
0 77
0 32
0 91
1 1100
0 88
4 412 8736 1269 5373
0 15
0 48
0 25
4 5463 3847 3148 6145
0 54
0 81
3 9782 5869 6293
0 36
0 81
1 8616
0 66
1 2098
0 64
2 1097 6483
1 5899
1 954
0 85
1 2290
0 43
0 41
0 92
8 8096 5248 4397 9899 7546 6068 4500 765
0 73
6 6297 3601 1482 8381 3242 5404
1 4877
2 7848 1892
4 5752 8908 2306 7220
0 53
3 6144 7862 7696
1 7658
1 8075
1 974
1 3910
0 42
0 57
1 6084
0 73
0 100
0 86
0 62
0 75
0 59
0 95
0 36
1 7710
1 5343
6 2505 518 1559 9985 2713 9468
0 73
3 6725 173 647
0 2
0 16
1 9237
1 7657
0 35
0 11
1 389
2 1019 676
0 23
4 1509 766 4395 8211
0 36
0 44
1 1350
0 76
2 4426 6088
1 9258
0 31
1 4211
0 62
0 19
1 131
0 7
1 6402
0 10
0 73
2 5242 4609
0 83
1 6562
0 63
1 6072
0 47
1 7140
3 2932 6354 2739
0 99
0 21
0 28
0 62
1 8241
1 9050
1 3455
1 4730
0 4
1 1416
0 12
4 9153 2127 3790 4463
0 98
0 15
0 6
0 57
2 6782 5421
0 7
0 63
1 8649
1 2307
2 2065 2217
4 2162 9707 8322 5082
4 3382 9169 1673 9147
3 312 9812 8797
0 52
2 1587 321
0 13
0 49
0 80
0 75
1 6646
0 91
0 60
0 67
0 64
1 9043
0 93
0 5
0 49
1 9203
0 26
2 1260 4673
0 55
2 9356 535
0 58
0 55
0 98
0 45
0 46
0 14
0 43
0 24
0 35
2 341 5688
3 3827 3868 7114
0 96
1 9751
1 1535
1 9831
0 11
0 38
6 115 1501 7122 7595 7846 9773
1 3593
1 7554
3 5557 5033 2988
0 4
1 5657
2 5035 7735
4 9610 4535 5177 4452
0 51
0 37
2 5152 3240
0 77
1 6851
0 70
1 1048
2 7937 8542
0 17
1 2233
2 5227 3913
0 73
0 22
2 5597 2221
1 5684
3 1281 9479 9871
1 3645
3 3498 4696 2524
1 8343
0 44
0 56
0 44
4 1030 5641 5544 7345
0 14
0 82
0 73
2 3250 1827
0 85
2 1998 272
0 83
0 29
0 87
5 7340 2907 5017 4221 9491
0 18
4 8303 7543 5956 4391
0 50
2 3997 5856
1 5157
5 3367 5073 379 7246 1400
0 57
1 976
0 61
0 79
2 4904 2190
0 59
4 78 2308 3154 8662
5 299 4029 2760 3518 7930
1 6643
0 66
0 14
0 69
0 81
1 2881
0 8
1 7481
10 4977 8752 8444 9593 9634 4798 3904 8204 4890 166
1 6542
3 7769 9469 8032
1 6463
0 43
0 82
0 1
0 88
0 96
0 11
0 41
0 37
0 49
0 22
0 22
1 2073
1 8174
0 83
2 5924 8986
0 43
0 16
0 44
3 3221 5072 5215
0 83
0 71
7 555 4378 8969 385 6508 9095 9228
0 10
0 14
0 19
0 41
3 1180 4048 7660
1 6844
1 1699
4 3905 1769 9257 185
1 7910
2 2603 7890
0 71
0 61
0 28
0 93
0 95
3 4003 4455 725
0 67
0 49
0 15
3 2383 6273 2171
2 3228 9462
1 7712
0 65
1 7455
3 1639 9382 4123
0 24
2 9544 2719
1 4811
3 1067 1937 3713
1 2758
5 6304 9216 8107 2571 7902
0 94
0 9
1 9624
0 24
0 97
0 5
1 3669
0 37
1 6763
1 1703
2 6822 9409
0 19
2 3797 905
1 1917
0 23
1 6616
1 944
0 1
3 8005 5428 3105
0 88
0 7
0 21
2 5705 7040
0 68
0 8
0 40
0 34
0 4
1 6688
7 4590 935 8445 9671 6686 9774 9277
2 2512 4223
4 1750 4245 4585 8317
0 48
0 24
1 2924
0 88
1 7907
3 2982 4587 1649
1 5754
1 8921
2 7201 1339
3 6370 633 5935
1 1099
1 2133
1 4664
1 7478
0 96
0 77
3 9846 8540 8385
1 4826
0 83
0 49
3 819 56 4591
0 26
0 73
1 6659
1 6238
0 95
0 41
1 8106
0 53
0 54
0 9
2 1485 2820
1 9435
0 6
0 51
0 33
4 7733 5099 8388 6496
0 79
2 5325 3067
0 88
1 4249
1 2263
2 2834 9475
0 17
0 31
3 4231 230 6454
0 26
0 48
0 90
1 42
0 23
1 1459
0 12
1 2900
0 98
0 43
4 5824 9402 6805 6653
0 9
3 9441 7495 2033
2 962 9350
0 19
6 8304 4780 715 2234 2265 2272
2 1473 5701
0 58
1 3283
0 25
2 9182 8968
0 21
0 10
0 95
0 57
2 382 4324
3 6385 3832 2019
0 73
1 6205
0 84
0 64
0 68
0 86
0 16
0 100
0 9
4 5238 3051 4383 5661
2 3434 4240
0 44
0 22
0 76
3 6529 7462 214
0 63
0 24
2 3912 4721
1 9020
2 9386 4061
2 6891 5090
2 4354 9584
2 4704 9688
0 85
0 54
1 3531
1 5792
0 68
0 96
1 1311
1 96
0 92
0 28
4 7788 3163 7195 4232
1 3870
1 9131
2 8224 3925
2 6415 3085
5 7762 8278 9508 1923 5250
3 4457 7366 1851
0 42
1 6318
0 68
1 3742
2 3047 6747
0 91
1 8992
1 2789
0 74
0 33
2 4251 5787
0 32
1 7244
0 28
3 6906 5296 4454
2 2453 8375
0 34
1 9653
1 2657
0 32
0 56
0 32
0 50
0 92
1 426
0 100
3 7642 7130 3239
3 8171 4607 4299
1 8495
1 5817
0 45
0 89
0 90
0 7
0 76
0 49
0 91
0 91
0 71
0 86
4 284 70 3372 9218
2 8533 872
1 1758
2 7569 2305
3 8213 4092 3727
1 5599
3 1278 1622 2565
0 76
1 7157
0 100
0 47
0 75
2 7524 4436
0 39
1 4246
1 3086
4 8707 2452 8836 7978
0 15
0 98
0 40
0 31
0 69
1 7983
0 22
0 58
0 14
4 7939 2572 5945 7931
0 84
0 16
1 6912
1 7729
0 12
2 6011 2497
1 9330
5 3141 6764 8024 9256 7
7 2034 124 5726 24 1223 9294 1465
0 82
3 4513 8449 2613
2 4091 4024
1 8993
1 8704
0 43
1 4171
2 6199 140
2 7125 3775
0 58
3 7184 1517 4399
0 2
0 53
5 9509 5295 7321 1330 2659
1 288
3 5871 1109 9969
0 7
0 3
0 29
0 49
1 7860
1 4544
0 13
0 13
0 90
1 7600
1 7326
0 90
0 64
0 47
3 6963 2987 1189
1 9066
0 93
1 3696
1 1934
2 9623 3091
1 9560
0 52
0 89
0 61
2 8164 3197
0 71
0 92
0 89
2 599 9602
0 36
3 824 8874 5353
0 16
1 565
0 47
0 81
0 24
0 89
0 94
1 1342
2 7994 3540
0 64
0 49
5 4631 5403 2591 5780 5300
3 9727 749 8731
2 3370 1197
0 78
0 100
0 67
2 260 3272
0 38
0 97
0 96
2 47 6769
6 5989 8937 7970 6766 8869 4566
1 7068
3 6940 2110 1292
4 6946 4887 375 3565
1 1199
0 51
1 734
0 73
4 1682 5318 5999 5386
0 99
4 5455 2161 9981 2010
0 52
1 7889
1 3348
1 7351
1 2244
1 4941
2 2566 8551
0 79
0 55
1 5384
1 1658
1 2188
0 25
1 7933
0 4
1 2386
0 10
5 6371 1168 2817 8262 4353
1 6950
0 21
3 2061 5527 197
0 12
0 59
2 5038 6674
3 1576 7700 5953
0 3
2 1863 7407
0 53
0 44
2 4616 6786
0 25
1 4801
2 4546 6768
0 8
1 4709
5 7682 1430 4137 8987 1176
1 3056
0 1
2 5131 1249
4 8247 5550 2934 6958
0 10
0 55
0 68
0 71
0 14
5 6647 7409 2723 2473 1370
1 3007
1 541
0 88
0 7
0 86
0 6
2 6400 6595
0 14
0 37
0 58
7 3546 2564 657 560 6778 1960 2406
4 1437 4669 9580 177
0 86
0 91
3 1191 1381 6440
3 3442 892 2342
1 8471
0 99
1 5230
1 7714
2 1704 1141
2 1519 2076
2 8132 4165
0 21
0 47
0 53
0 82
0 70
0 9
1 893
0 51
0 27
0 49
2 306 4777
0 82
1 8308
6 5016 317 6041 9676 4009 2470
0 4
3 8864 3133 2358
1 7143
0 99
2 6420 353
1 7576
0 55
0 6
0 51
1 6073
0 54
0 73
0 55
0 83
0 57
2 3810 9112
1 901
1 1200
0 62
2 4341 3149
0 61
2 8276 4258
0 57
0 87
0 34
0 92
2 5973 2902
0 100
2 1173 513
0 68
1 1071
0 89
0 29
1 9301
0 81
0 93
0 3
3 7386 9151 2516
1 8149
2 1982 4434
4 4084 2241 5667 9867
2 5285 3755
0 59
0 47
0 7
1 3817
0 33
0 43
1 9093
0 98
0 71
3 7464 7191 7706
1 5895
0 42
0 41
3 7131 3701 4692
3 8197 941 2796
0 86
0 6
0 74
2 8632 5991
0 14
2 7160 6956
2 1014 6804
1 3305
0 75
0 38
0 49
0 100
2 2126 2054
3 6995 5926 7214
1 2543
2 7176 4482
2 7372 2695
1 3865
0 16
1 2276
1 335
0 44
2 4380 7075
0 100
0 33
0 28
2 2901 9729
1 1344
2 2889 3212
4 1944 2088 2037 6536
1 5996
1 4458
0 36
0 96
0 80
2 544 9961
4 2857 1978 6215 2142
0 5
0 52
0 83
0 26
3 5004 410 6025
0 73
0 86
0 92
2 7622 3745
3 4946 448 6832
0 8
0 17
0 100
1 5474
1 7018
2 6909 2733
0 41
0 45
3 7659 1374 7194
2 5517 2456
1 863
1 7556
1 8157
1 7423
0 80
0 80
1 5418
0 90
2 1829 1347
1 7274
2 3290 51
2 2827 9590
0 87
0 91
1 7881
1 9255
0 95
5 3259 3033 9058 1810 8485
1 9660
0 84
0 95
0 16
0 68
5 6386 3549 6135 8489 8125
0 80
1 2644
0 83
0 4
5 6510 7270 7227 1689 7323
0 5
0 20
0 62
0 99
0 43
0 52
0 79
1 7022
0 93
0 35
0 62
6 6957 2042 616 5810 4132 7882
2 7056 2779
0 75
3 8906 939 3388
2 4323 7444
7 8774 537 7360 5085 5047 2687 8187
0 39
0 38
2 1240 2270
0 43
1 9117
0 64
0 65
2 82 9220
1 347
0 42
0 25
0 85
1 4030
3 706 2964 9242
0 21
1 9326
0 14
2 8320 5223
1 3054
0 1
2 2722 632
1 3180
1 6993
1 1986
0 6
2 6002 4273
1 6335
0 86
3 4109 8891 948
0 19
1 269
2 5293 629
1 5024
3 1449 6635 1707
3 8451 7369 8875
3 8440 8170 1352
0 19
2 3586 3895
2 5947 4672
0 56
1 9437
0 14
2 8095 8265
0 22
2 2417 474
3 2861 4615 9546
0 76
1 4990
1 34
0 86
1 4978
0 74
1 358
0 7
2 3474 9552
1 9561
0 85
2 7383 6785
3 3899 9894 2441
0 36
1 5382
0 16
1 3062
0 17
0 47
0 16
0 34
1 9873
3 1777 1613 1203
2 1440 1017
1 4469
1 753
0 94
0 34
2 618 8788
0 14
4 4268 9204 1079 4864
0 87
2 3820 510
0 23
0 96
0 71
2 3208 1237
0 40
2 9529 1165
1 3114
0 11
0 57
0 4
0 82
1 5505
1 615
6 1607 2395 8182 3992 6745 6267
0 56
0 28
0 16
0 77
3 9663 6300 8052
1 7416
4 5992 1300 194 6611
0 9
3 3875 7515 7023
0 74
0 8
0 55
0 15
0 24
2 9983 4256
0 75
3 8916 8348 4271
1 7221
1 9408
0 4
1 2963
0 20
1 1147
4 1467 6929 6133 7884
0 64
0 87
0 93
3 8264 8761 8671
0 11
0 79
3 2609 9073 9333
1 5722
0 16
3 1073 1904 7483
1 6711
0 57
0 5
0 72
0 13
2 5595 1372
0 94
1 3354
2 3694 1464
1 9273
2 2260 1331
0 54
0 54
5 7014 4466 1455 9395 1229
3 9605 3316 9647
0 43
0 7
4 7422 366 1841 780
1 899
2 2793 9473
2 445 3401
0 19
1 5414
0 21
1 5878
2 8910 3264
0 76
2 6667 67
1 7334
3 9154 7425 9953
0 31
0 78
5 4818 8288 6541 6630 9078
6 226 5829 7529 6428 4671 2692
0 92
1 3144
1 2952
0 80
2 122 8220
0 49
2 8208 8293
0 11
0 28
1 6525
1 5137
1 3649
1 4886
0 81
0 100
3 4557 8363 3949
0 3
1 2864
2 8695 4767
0 95
0 22
6 430 9056 6723 8923 9077 8086
0 77
1 6123
0 5
1 9697
0 80
0 59
2 3524 6012
0 40
0 38
2 8408 2562
0 40
2 2710 1279
0 88
0 43
0 90
0 63
6 2343 71 9989 7800 9451 8420
2 9082 3344
4 3016 5097 7934 4699
0 7
4 2534 7599 6731 868
0 21
0 32
1 7676
1 1748
1 4321
2 779 8619
0 39
1 3769
0 31
0 14
0 60
1 6064
3 2300 1604 1741
2 4442 4926
2 6158 404
1 5903
1 1771
2 4031 4134
0 49
1 1645
2 8743 576
0 40
0 38
2 9826 8234
0 43
0 15
0 23
0 65
1 9467
0 77
4 5728 8688 91 23
3 8747 3128 7640
1 1092
0 34
1 9004
1 9659
1 3792
1 2030
0 59
4 2064 3385 6894 5866
0 89
0 24
0 32
0 50
0 39
0 74
1 2503
0 6
3 1561 1632 6515
0 28
1 9415
0 77
0 2
0 81
4 4957 564 6771 1224
0 13
1 3718
2 7333 4481
2 5324 7639
1 2259
0 79
3 7810 4019 7826
0 63
0 97
2 1093 176
3 9522 5228 8604
0 90
0 95
1 9223
0 38
2 2036 85
1 1610
4 5484 7747 2766 3112
0 29
0 56
0 33
3 796 1190 771
0 85
0 26
0 46
1 505
0 34
1 4693
1 3082
2 8702 4819
0 31
1 5715
0 52
0 43
2 150 3288
0 16
3 4098 9241 1185
0 82
0 89
2 9811 275
1 1866
0 91
0 1
0 85
1 4617
2 6121 8430
1 3087
2 9824 9784
1 7624
0 100
0 96
2 4574 4970
2 5998 2774
0 76
1 3113
0 37
0 85
0 54
0 32
2 1830 5783
0 77
0 63
0 14
0 48
0 7
4 1169 3869 8798 4770
0 89
1 9505
1 1388
4 9577 9649 4796 3633
1 1915
1 5456
0 31
1 4903
2 7038 7218
0 33
2 8946 3450
0 75
1 5468
1 2822
0 56
0 8
0 8
3 5823 6416 2612
0 72
1 9271
1 388
3 6693 3747 4330
1 2977
0 57
2 4010 4542
1 4461
0 83
3 1346 8959 2309
2 3245 9487
3 722 7581 3753
2 9726 450
2 1489 6237
0 13
2 9366 5794
0 54
0 3
0 1
2 6656 6848
0 54
0 67
0 82
0 40
0 41
1 235
1 9922
0 88
0 26
1 3273
0 22
1 1001
0 26
0 7
1 1162
0 72
6 1086 8881 5378 8837 1905 8802
1 31
2 8477 3914
3 9264 3643 984
2 7875 5006
2 3536 1954
0 71
0 2
4 2205 1026 1064 4208
2 4501 4503
1 1977
1 2000
2 981 8608
4 3226 7381 1997 5520
0 19
0 27
2 5901 5457
2 7430 5401
1 4538
3 9299 2210 6063
1 1984
1 5552
0 10
0 43
1 2432
0 38
0 66
1 4510
0 30
2 3326 2666
3 4336 1770 4358
0 56
0 10
0 23
0 56
0 98
0 81
4 8983 2676 334 1515
0 99
0 98
0 43
0 18
2 5806 7674
2 2832 6846
0 47
1 7112
3 5166 9047 5656
0 18
3 2584 1744 3596
0 48
2 611 9397
1 3315
0 91
1 8195
0 78
0 99
1 7580
3 5349 1873 5089
1 2581
2 8934 7669
0 34
1 9250
1 6047
5 7604 6091 6795 9834 3906
0 6
5 7148 9141 8942 1766 6303
3 1880 7855 3600
0 100
0 32
1 5703
0 37
0 60
1 3448
0 59
1 5249
0 12
0 81
1 3297
2 5459 775
0 24
4 5786 5940 9447 1791
1 287
0 70
0 69
3 1779 6908 5253
0 42
0 28
0 83
0 97
0 58
0 17
0 46
3 376 5502 9970
1 6698
1 9631
0 78
0 55
1 9661
0 15
3 7816 1579 1286
1 5344
0 64
1 7029
5 7039 62 5491 7256 4286
0 90
3 1429 4493 913
1 9974
0 58
0 36
1 561
3 3406 3436 8079
2 1807 149
1 8844
0 40
0 52
0 86
0 97
0 37
0 31
2 6864 9460
0 24
2 7028 1428
0 80
3 2541 3373 9709
0 8
2 8996 8003
0 53
0 74
2 2976 8930
1 8371
0 93
1 5182
0 36
2 498 6901
2 1546 476
1 7228
7 891 9821 8536 8782 5095 9923 8373
0 42
2 3387 8877
2 925 8754
0 98
1 213
0 76
2 491 2266
1 8301
1 1691
0 11
6 1600 3853 2253 838 9332 6387
1 1976
1 4163
0 57
4 9833 9530 2001 3487
0 43
0 82
0 62
0 2
0 7
0 46
2 4052 9943
2 1716 7539
1 2430
0 16
0 73
0 30
1 6475
1 3465
0 57
1 2949
0 99
3 5888 6369 8437
1 3652
0 35
0 46
1 4761
0 40
2 1620 5677
1 5978
0 25
4 7213 3648 9150 5822
0 55
1 795
5 408 924 919 6734 1167
2 4640 2816
2 5882 4357
0 69
1 8861
0 38
1 3986
0 53
1 5076
2 624 612
0 30
1 3737
0 51
0 46
0 16
1 2240
1 6826
2 8848 2335
1 159
2 4691 8500
2 6357 3266
3 1390 2716 5902
1 7044
0 74
0 39
1 3476
0 31
2 2984 199
3 701 1950 6880
1 9308
1 2956
0 20
0 35
1 963
1 8
3 8759 4624 7684
3 3882 8353 3399
0 11
0 21
1 7324
1 8537
0 32
1 6185
0 78
1 7856
1 3667
0 97
0 42
1 2882
1 6799
1 2055
3 273 953 4966
0 57
2 5056 2082
0 22
1 4790
0 46
1 1375
1 7127
2 9464 5883
1 3965
1 8781
3 9251 5059 3852
1 1404
0 87
1 7808
0 47
1 3748
1 4876
1 2193
0 5
0 37
0 24
1 8742
0 59
0 92
0 65
1 5577
2 578 7076
1 4450
1 1583
1 258
0 67
0 26
0 29
1 1783
0 66
1 9391
0 16
1 9327
0 36
2 1295 4285
1 3003
0 11
0 50
1 9558
2 2437 3822
4 8796 3145 1312 8338
0 86
0 63
2 8715 6184
1 5422
1 1930
1 6751
0 40
0 33
1 584
0 85
2 76 3813
0 34
1 298
1 9341
0 83
0 43
0 70
0 59
1 3819
0 7
0 26
0 18
1 3655
2 6410 5480
1 2219
0 3
2 3703 6744
0 42
3 4559 4480 4113
0 15
2 5367 8828
5 8453 8520 2888 3053 5237
2 3081 1149
0 33
1 4969
0 47
2 6664 5731
0 87
1 3539
1 7402
1 9484
0 87
2 8175 4983
3 5106 835 1886
0 93
1 3967
0 21
1 9678
1 5629
1 1864
5 4382 4984 7124 5239 3025
1 2216
0 31
0 34
0 44
3 6015 2623 6282
1 1120
1 9098
0 4
0 5
0 98
1 3008
2 3594 4361
2 1820 9458
0 89
0 37
0 59
0 7
0 95
2 1351 9084
3 8530 8336 4390
2 3763 9387
3 7738 3525 4785
2 8321 1661
0 14
1 3159
2 7096 2475
1 4799
2 3809 1775
3 6824 5487 7281
0 91
0 46
1 3730
5 807 1706 1274 2919 7662
2 2637 684
0 66
0 22
2 782 5591
6 6034 1220 898 9417 4569 951
0 63
0 32
1 2662
0 32
0 52
2 2303 5269
0 48
2 5100 3014
0 12
0 38
0 67
0 87
2 2434 1854
1 7307
2 8890 8777
0 65
1 7459
3 4893 7946 9594
0 8
3 9286 3416 7548
2 8029 8266
0 10
0 66
0 13
4 8117 1572 2522 7497
1 4322
3 2880 6797 5760
0 49
0 16
1 7479
0 77
1 9865
1 5479
0 24
1 6713
2 9915 4055
1 1542
0 62
0 5
0 91
1 5045
0 9
4 2277 1000 7398 7666
2 8012 5466
0 89
2 4917 2344
0 71
0 22
0 87
0 32
0 9
0 68
0 11
9 877 4248 2048 9921 8862 2416 5103 6602 6518
0 33
0 75
2 5937 1435
1 6755
1 1971
0 17
0 25
1 9796
0 42
2 8727 709
0 44
0 33
2 5855 4355
0 37
0 33
0 66
0 18
1 586
0 16
0 83
2 4875 8326
0 42
0 70
2 5779 9503
0 79
0 18
0 64
2 2514 3291
5 1909 6871 1326 9807 4885
1 1907
7 2948 2590 1207 8176 3750 9363 5796
0 42
3 7723 2136 7584
0 83
4 6509 2519 2727 6230
0 83
0 99
0 15
1 5573
2 9732 9135
1 1585
1 1474
0 81
2 3038 3725
0 96
1 2868
1 6331
0 97
2 9998 1902
4 1817 86 8526 4340
0 84
0 91
0 42
0 55
1 8466
4 8169 2764 1005 5678
3 2424 5260 3708
1 5633
0 14
0 40
2 3595 8689
3 694 6019 9489
1 3446
1 7620
0 25
0 67
0 30
0 83
0 72
2 9758 3241
1 6198
1 4527
0 23
3 1369 1609 2550
2 8004 4164
0 37
3 5462 5542 9783
1 527
0 30
1 9253
1 7171
2 1743 7693
1 9477
0 54
5 6032 8633 8378 6479 4522
0 75
1 5838
0 21
0 25
0 8
3 3639 7361 464
3 286 191 882
0 21
0 86
0 91
0 69
0 72
0 87
1 2968
0 3
2 1659 9712
0 55
1 4935
0 58
0 76
1 6879
0 77
0 32
0 64
2 8703 158
2 9048 8112
2 923 9600
1 3347
0 52
0 55
1 8956
6 1713 8062 4932 7446 5345 1401
1 1389
3 2227 2477 1981
1 669
1 6363
3 4410 330 5271
0 25
0 34
0 64
0 83
0 27
0 76
0 77
0 53
0 99
2 6732 1947
1 3391
0 69
0 60
0 40
0 40
1 1392
0 30
1 2828
0 45
3 6298 2511 3095
2 9640 8899
0 73
2 4568 4789
0 95
3 7851 2528 6223
0 58
0 53
0 99
0 92
0 55
0 38
0 34
0 36
0 74
2 7306 1799
0 51
0 25
0 3
0 73
1 2506
0 25
1 6206
1 2223
2 6535 3494
0 85
1 2248
0 68
0 12
0 91
0 12
2 5175 1687
0 42
0 25
0 10
3 3846 9597 1592
1 8753
0 91
2 4224 2375
3 3253 6321 1507
0 86
1 9567
2 413 5974
0 51
1 5590
0 66
1 4161
0 14
4 2804 53 5194 7183
5 9186 4524 5475 7711 7327
0 78
0 68
2 5943 6624
0 67
2 1908 2420
0 55
1 6111
3 3532 3471 9930
2 3807 3994
0 71
0 41
0 55
0 5
0 34
0 97
0 66
1 9116
0 71
2 9513 9493
0 40
1 5272
0 51
1 1142
0 43
1 1357
0 5
4 9933 9717 1621 7829
2 8506 9935
2 1942 7590
0 17
1 8966
1 7103
0 26
2 9372 2105
5 3623 6777 9928 3844 6807
2 6707 3244
0 55
4 1363 8652 1032 573
0 8
2 9136 58
2 2950 705
0 73
0 12
0 90
1 4328
0 66
1 3190
1 8679
1 5030
0 78
1 1204
1 7144
3 2007 580 6649
3 9006 7644 4580
3 1058 9090 4420
3 4633 7447 964
3 8553 2667 5350
1 4349
1 2698
3 1761 5320 3598
0 22
1 9540
1 542
1 4516
0 81
1 99
0 42
1 8061
1 7840
4 2699 2729 2323 6248
0 89
1 7837
0 24
1 5606
0 68
0 19
3 1212 8228 342
0 88
0 81
1 532
2 9681 3027
0 15
0 2
1 7722
0 21
0 72
0 6
0 61
0 94
0 86
0 95
3 6605 3470 7013
1 4937
0 32
2 3444 6979
0 56
0 93
0 16
1 7343
4 2929 9129 1422 8091
2 9818 3202
0 96
3 8372 8472 6455
1 4218
0 42
0 4
2 4659 5442
0 94
0 51
3 557 6310 1476
0 23
1 546
0 33
0 98
0 79
0 3
2 9638 1470
0 94
2 9764 1359
2 100 8013
1 2438
1 9482
0 4
0 40
10 6270 1484 8143 4504 2611 3781 9260 559 659 8974
0 40
0 30
1 7573
1 5061
0 100
1 9342
0 35
1 4900
0 9
1 9633
1 1611
0 89
2 2837 4369
4 4748 8167 8879 2691
0 48
0 76
1 4315
1 6973
4 1065 2336 4371 251
1 7153
0 18
3 2385 4094 2607
2 4411 927
0 20
1 6069
0 70
0 69
0 41
0 33
1 1968
1 932
0 73
0 36
4 3704 1518 3257 5660
1 1179
0 88
1 3849
0 87
2 4666 5911
3 3473 7480 6280
2 7919 4985
1 579
2 1736 9675
2 2712 249
0 21
0 50
1 623
1 8746
0 98
0 20
0 33
0 97
0 41
1 7129
0 16
0 77
2 5565 4750
0 6
0 77
0 39
0 83
3 8389 9355 8682
0 90
1 2838
0 80
3 876 6393 3216
1 4181
7 5987 1629 9794 5172 8009 6162 3841
0 83
0 70
2 816 3246
0 72
5 1528 7888 5461 8118 8508
0 31
1 8822
2 8438 2715
0 68
3 5365 2818 8260
0 62
3 1232 9247 8790
0 56
2 5819 6720
1 710
2 3556 2369
2 8507 1916
0 38
0 20
0 73
4 2545 48 2680 856
3 8538 127 2400
1 2154
0 35
2 6506 9574
1 6917
5 1294 9026 6142 1946 1845
2 6324 4471
0 63
1 7869
2 1234 3705
1 6972
1 4815
1 4244
2 6399 9412
0 29
1 6368
2 3342 1614
1 2359
0 57
3 9180 1417 4714
1 9612
1 1541
0 45
2 1646 3839
1 3262
4 9887 4284 1669 3378
1 9877
5 2211 9317 4215 9613 6115
10 8642 5273 2996 3983 7945 95 6919 8422 4943 4462
1 2839
0 94
0 5
0 55
0 67
0 77
1 4176
0 95
0 70
0 24
0 69
0 23
2 4739 4059
1 5768
3 9766 7589 4867
2 5009 3421
0 73
1 6798
1 9100
0 15
4 6738 6438 2865 4919
0 69
1 8468
1 8726
1 2589
1 2547
0 46
0 25
0 71
0 1
0 32
0 19
10 1728 1894 2509 6622 1276 5470 6716 5583 6546 3686
0 33
3 7134 1243 675
1 9514
0 47
1 9124
0 41
0 37
1 340
0 7
1 248
0 40
0 94
0 67
2 8480 4216
1 8245
1 7411
1 2836
2 7975 8854
1 9414
4 2357 5789 9777 4416
1 209
2 3009 2289
1 7695
0 45
1 6626
0 18
0 12
1 7708
0 6
0 82
0 91
1 2672
3 8661 420 1686
0 57
0 28
4 3764 7560 8365 7032
0 32
1 7379
0 79
0 71
1 1198
3 6585 6186 2249
0 23
7 3936 4282 9446 7619 7438 9572 9213
3 9879 2008 3548
2 4862 9665
0 85
2 9197 4532
0 38
0 73
0 19
2 2377 7544
0 89
0 83
1 4333
2 9459 8548
7 2762 1483 7792 1859 3480 1087 5725
1 3060
1 2341
1 606
1 4823
0 11
0 99
0 70
0 29
2 2485 137
1 6030
5 9679 4638 1377 2653 5323
3 49 8490 3004
2 9901 5109
0 7
1 9986
3 9993 5270 552
0 59
0 44
3 6591 5196 1367
2 4086 1626
0 3
2 7465 545
0 22
1 9017
3 8148 266 7857
0 20
0 3
0 9
2 4374 7962
0 40
0 28
1 8218
0 50
0 82
0 9
0 6
1 737
0 15
3 1858 2663 9639
0 44
0 17
0 36
1 1354
2 8361 3939
2 1949 572
0 43
0 87
1 4525
2 9174 2642
1 8069
0 72
0 70
5 3169 9054 9495 7592 3576
1 8853
0 69
2 4428 3592
0 96
0 72
2 8242 5942
1 9335
1 1818
1 8418
0 92
0 52
5 443 438 9500 6504 2935
1 4881
0 42
2 9582 2735
0 44
0 74
0 7
2 8771 336
0 18
0 69
2 6422 6684
0 51
2 2579 3312
0 67
0 2
2 5964 3166
3 1631 1148 697
1 7716
1 5087
1 401
0 11
5 6194 4702 4032 5720 8787
0 85
3 3464 7717 1376
0 74
0 65
0 31
0 85
0 30
3 7329 3886 5832
0 36
0 43
0 78
0 34
2 6989 1170
0 66
1 2177
0 73
0 25
1 2990
0 55
5 9123 504 3663 301 3172
0 16
3 5938 8407 9603
1 7903
1 9040
0 53
0 59
1 9217
0 29
3 7809 3707 6360
2 6292 8606
2 7814 3488
1 9995
0 10
2 6663 9908
0 67
0 80
2 3106 2772
0 62
0 63
2 4972 9483
0 83
2 1700 3693
4 6005 4597 1553 4418
2 4843 6214
0 29
4 7311 8019 6730 1239
0 52
2 525 603
0 71
1 2813
0 50
1 6609
0 46
0 32
0 82
3 9924 6855 4415
0 79
0 83
3 8663 3496 4379
2 8595 6850
0 34
5 9862 2754 719 3759 5240
1 9337
1 2790
4 2145 7707 8976 5123
3 9035 6927 80
0 12
1 6203
1 9538
3 3422 5356 4388
1 7914
1 3998
1 4713
0 34
0 86
4 8387 800 8814 2125
2 8699 7293
1 428
0 56
1 6343
0 42
4 6096 9975 7799 4728
3 1919 9454 9194
0 57
3 6813 8227 4833
1 3209
0 88
1 7401
0 27
0 21
0 81
0 66
1 6449
2 958 8055
3 4679 4589 2814
1 8045
0 11
1 6877
1 9075
0 35
3 6193 5751 2318
0 29
0 81
0 74
4 4368 5970 9401 5826
0 80
2 8119 1651
0 4
1 4155
2 7563 864
1 4367
0 50
1 8376
1 6353
0 76
0 79
1 9504
2 5513 6742
0 45
0 14
0 69
0 54
0 55
0 87
0 54
0 35
1 5012
1 3460
1 6589
0 44
0 96
0 62
0 57
0 13
0 93
1 3037
5 8131 6586 4570 8624 8725
0 56
1 5355
2 1056 5696
0 74
0 26
0 86
1 1304
3 6631 8856 2618
4 4598 3981 5046 3311
5 1047 7412 130 4558 581
0 9
4 6982 3408 6326 8189
1 2549
1 570
0 16
1 3039
0 60
3 6741 8380 386
1 4651
5 3301 7702 1808 5266 5198
1 5069
0 28
0 58
0 42
0 80
1 1028
1 3680
2 7536 833
0 51
1 8209
1 3026
1 1897
3 7763 2819 4068
0 95
1 3534
0 87
0 48
0 25
0 84
0 74
1 3991
0 4
0 72
0 37
0 56
0 79
1 3999
1 1228
0 51
0 8
0 94
0 8
0 86
2 7562 3304
0 88
4 6704 6071 5512 4536
0 43
0 68
1 5333
0 4
1 8659
1 8585
0 78
1 2791
3 4431 7964 5739
0 33
2 7912 6932
0 53
0 59
1 7242
1 1055
2 5481 8066
0 97
0 55
0 4
0 5
3 9049 2468 683
2 9323 6729
1 9506
1 2877
1 8612
1 5088
0 94
0 11
0 81
1 5315
0 21
0 89
0 59
2 4440 8901
2 3723 8543
1 1565
0 6
0 90
1 7421
1 6997
0 82
1 8238
1 6527
0 73
1 4196
0 27
5 9948 4782 929 3815 1840
1 4495
0 59
2 4676 2567
0 29
5 5197 4531 7299 6245 4914
1 1314
1 4045
0 37
1 4878
0 25
0 14
0 93
1 2257
4 9883 3196 4915 7042
1 4000
1 324
0 20
0 83
0 56
6 2066 2886 3673 7951 2788 1975
0 31
1 6722
0 96
0 41
3 6 2707 3960
0 87
0 52
4 8834 4718 2402 6261
0 65
1 1882
0 76
0 30
1 3765
4 2364 4578 6868 2317
0 69
0 52
0 98
0 17
2 1875 3522
1 9315
4 8292 8139 1248 5121
0 7
1 5317
0 23
0 84
1 3597
0 20
0 9
0 79
0 67
4 125 38 2724 6149
1 4929
0 9
2 6378 7514
3 8243 2517 8973
0 17
1 1941
1 6896
3 8706 7802 9672
0 61
0 20
1 3119
1 7988
1 9925
2 6334 2465
3 2951 6854 46
0 37
2 9219 6124
4 1174 9542 6765 9071
3 8360 8849 3275
3 5062 8570 2714
0 78
1 5875
0 42
0 64
3 8857 7105 4375
0 47
2 296 3430
0 23
0 2
0 2
0 28
1 6208
7 6553 8105 7753 1705 4118 4747 4911
0 17
2 6166 4828
3 7995 262 4717
1 2398
0 66
0 19
2 1353 1261
0 95
1 357
2 793 1616
1 6775
0 76
0 67
8 5281 9515 7858 7208 3812 4377 912 5464
0 46
0 99
0 20
0 98
0 17
0 98
0 17
0 95
0 81
8 3321 8325 9293 9259 4307 3118 894 7958
2 8436 2792
1 5361
0 20
0 11
1 4998
2 5679 2371
0 4
1 4564
1 8909
0 72
1 387
0 45
7 6451 3107 5709 4233 7121 8240 345
0 93
1 7741
0 69
0 2
1 1049
1 7209
0 72
0 62
0 72
2 8897 9160
0 67
1 7317
0 60
0 13
0 4
1 1814
2 8423 4506
1 3150
6 8084 7427 4015 3162 3802 9104
0 13
3 4842 7109 2202
4 7974 7328 9291 3409
0 80
1 957
1 360
0 3
4 8655 4281 720 1037
2 3353 4845
0 60
0 68
0 95
0 92
2 4106 8561
0 40
0 14
2 2252 3958
1 5251
0 19
0 27
3 5862 8859 9692
2 8253 2826
0 9
0 88
1 8344
2 7104 3475
0 5
0 56
2 8600 6040
0 57
1 242
3 5612 5022 7119
1 6736
0 78
1 7822
0 71
1 9388
1 1157
1 5282
0 98
1 6743
1 2179
2 8577 4723
0 38
0 43
0 50
0 41
0 94
2 2222 1188
0 60
0 81
4 8758 6905 947 5492
0 69
0 13
0 32
4 7940 714 4229 631
0 29
0 73
0 8
0 93
0 53
0 79
0 42
2 8023 8591
1 761
3 4860 1811 7050
0 61
1 9146
0 100
5 6637 3575 8964 10 3046
1 6893
0 10
0 1
1 9339
1 8756
0 91
0 23
0 46
1 3075
4 2866 5867 2449 7828
1 2520
1 4549
2 536 3220
0 20
2 9711 666
1 2689
1 1625
2 6219 3453
0 19
0 62
0 64
0 90
3 9310 5415 3050
0 66
0 18
1 8277
0 8
0 53
2 8429 3052
0 60
0 63
1 4175
1 5447
0 16
0 17
0 51
2 2472 5153
3 5370 2800 1335
2 5067 6152
0 69
0 81
2 170 8267
1 6754
0 91
0 45
0 72
0 74
2 1936 1899
0 93
2 2908 3509
0 15
4 1448 4545 8205 6952
0 14
5 3339 1222 7759 9967 2203
0 30
1 1731
0 17
0 19
0 1
2 3130 3515
0 90
1 451
2 7087 4650
3 2298 5781 8615
0 49
1 8587
0 79
2 5226 8712
1 3613
0 17
1 7080
0 24
0 69
6 3984 4306 1246 2576 7597 4484
3 8345 2458 333
0 10
3 8656 1801 1478
1 3789
0 79
1 4083
0 5
2 1403 8866
0 73
1 8944
0 18
3 2333 8732 2140
2 7489 528
2 2350 8816
1 8582
3 3679 2700 2273
0 70
1 1487
0 22
1 7055
1 2455
1 5873
0 59
1 6614
0 4
2 5334 6673
1 5962
0 23
0 82
0 98
0 61
0 92
2 1136 5765
0 25
0 76
2 4981 6757
2 1480 397
2 7259 9720
0 17
0 10
0 46
4 9318 4824 1060 1004
0 84
1 5702
4 3609 4014 2466 8924
1 9199
0 92
0 41
0 86
1 4751
0 32
1 7675
1 9328
0 95
0 97
0 66
1 6915
0 72
0 23
1 4460
0 73
0 56
3 8593 4846 7774
0 17
0 95
1 7477
0 37
1 1562
0 69
2 566 2147
0 2
1 6347
0 98
0 57
0 93
5 9252 7004 7470 446 1838
0 49
1 8302
2 851 8698
3 7824 6715 7944
0 3
0 80
0 58
1 1605
1 13
0 96
1 3533
0 90
1 9864
3 7234 7330 195
0 89
2 2184 9667
0 92
2 5371 3743
0 58
0 76
0 83
3 7408 3443 8502
1 6669
2 2650 2897
0 46
2 1903 2348
0 27
2 5551 5191
2 2884 2389
1 4111
2 7523 4820
1 3269
0 32
0 52
0 74
1 9282
2 3177 9232
0 35
1 1251
0 6
0 46
0 72
0 83
0 46
0 83
1 5730
1 1980
3 9108 7285 3414
1 1740
0 76
7 2038 309 5363 4373 3324 2684 4041
1 3252
1 9438
1 5574
2 2555 8939
0 60
3 4417 9819 9771
0 20
3 4202 7954 2313
0 47
0 44
1 9023
5 2686 3490 3995 9595 2587
0 13
1 4870
1 7806
0 6
0 44
3 2573 2014 5435
1 4042
0 88
0 53
1 6264
0 77
2 6160 4148
2 8274 200
3 2106 1895 1280
0 26
0 82
0 78
0 85
0 30
0 18
1 4343
3 3619 7626 3006
3 7899 1679 1537
1 821
1 519
2 8324 7779
1 2655
1 3345
0 85
0 71
6 8629 8751 4685 6373 9606 1066
3 6728 6129 207
1 4967
0 55
5 3425 4492 9972 1836 1450
0 31
2 4810 3206
0 92
1 1219
2 4647 874
0 83
0 3
1 4766
2 1186 5091
1 1241
1 8963
1 7138
1 8672
1 2940
0 17
0 31
6 8514 7503 5441 6604 4582 9190
0 26
6 9015 2768 9352 66 9394 1053
1 7891
3 9396 2405 7061
0 73
0 21
1 1132
0 44
0 11
5 740 691 7449 9455 575
0 1
0 74
4 7054 417 2176 7854
0 9
1 3908
0 3
1 6066
1 6130
0 12
6 2231 7017 5652 1635 9512 2973
1 8179
0 60
1 4795
0 4
1 610
1 8113
2 2847 6570
0 71
0 99
0 5
0 99
0 53
0 56
1 1630
0 1
0 38
1 8635
0 24
0 94
1 1338
9 8102 6243 6608 526 5616 4180 4295 3640 5997
2 292 7917
0 70
5 2936 6884 6218 6401 4710
0 70
1 1334
0 31
1 8786
1 2238
0 97
0 18
0 23
3 3336 4279 4060
0 6
2 1181 3116
3 5614 6918 5790
0 65
3 40 2324 5919
0 28
0 98
0 81
0 4
4 3231 5486 4755 7484
6 7448 3529 9205 3365 8155 110
1 4994
0 75
1 232
1 311
3 530 4521 4894
0 73
0 76
3 7486 7935 5732
0 33
0 17
0 83
4 1702 4018 9657 2070
1 3988
0 55
1 2381
0 20
5 2498 2301 3379 8470 729
0 70
1 7156
3 886 7533 2178
0 52
0 75
0 99
2 2624 2873
0 45
0 20
2 6306 6522
3 143 1415 1524
0 4
1 373
3 3605 407 6615
0 26
0 53
0 45
0 15
3 8141 9889 1786
0 91
3 8721 3186 9746
1 4445
0 46
0 24
0 88
0 91
0 68
1 7559
3 2736 4512 447
0 15
0 92
0 94
0 18
0 92
1 1025
2 1368 4724
2 1438 128
0 87
1 5329
0 93
1 4762
0 3
0 2
2 8226 7382
1 5044
0 20
1 8254
2 1927 415
0 72
0 80
0 97
0 45
0 100
0 78
1 3396
0 37
2 1002 6132
1 5802
0 34
1 2777
1 4443
0 11
7 8827 2347 6739 9652 3671 2250 6858
0 18
5 2652 9178 5330 6944 7651
2 3076 3885
1 7098
0 63
0 60
0 59
2 5821 4830
0 97
0 79
0 63
0 38
3 6869 6802 5613
0 30
1 259
1 493
2 6097 8803
3 9057 5259 922
1 6519
1 6147
0 98
0 26
0 51
3 6092 3803 17
1 7528
1 3236
0 14
2 943 6756
0 12
2 84 3417
2 9125 6934
1 9069
1 1959
1 6070
11 470 2625 9525 5005 717 63 5209 2407 9910 6372 4483
0 19
0 33
0 50
3 9524 9270 9390
1 8186
0 66
1 9206
1 8833
2 9094 3125
2 8674 8392
0 76
1 5891
1 3299
0 33
0 98
0 80
0 47
4 3855 2120 2039 8467
0 95
1 8847
0 89
0 99
0 11
1 7273
0 52
2 1144 6442
1 2801
2 3793 1431
0 86
1 5719
0 14
0 86
0 92
0 98
2 8722 4643
0 42
2 8589 4022
3 3945 5799 290
0 52
0 66
0 96
2 2874 2462
2 689 9571
0 19
4 7971 5588 9091 4712
0 14
3 7399 5927 5460
0 100
0 100
0 16
3 9636 3568 7457
1 1762
0 46
0 4
0 35
0 44
2 6852 7883
2 274 1598
1 3571
0 14
0 70
0 28
1 1324
1 1457
1 4809
0 96
2 5734 997
0 81
1 9024
0 74
1 471
2 2340 2397
2 4303 9718
1 4939
1 7926
1 2747
0 6
0 80
0 23
0 13
0 82
0 17
0 21
0 70
1 2050
1 990
2 283 6228
0 45
2 7673 3061
0 93
0 40
0 79
0 55
1 5929
0 70
0 69
0 67
0 29
1 3271
0 35
6 7886 5981 7058 5674 2526 7371
0 96
2 3670 8072
2 7789 8074
1 6078
0 62
0 79
0 12
0 57
0 21
0 45
1 2159
0 4
1 1436
0 65
2 4583 2989
1 667
0 60
1 300
2 5913 6521
2 5755 9885
6 3392 9954 5280 8433 9014 7634
0 68
1 2460
0 51
0 72
1 1872
0 52
3 2775 4992 5101
2 3928 9167
0 59
1 7126
0 88
0 9
4 6994 8298 5756 3278
3 8319 4834 2548
0 42
1 6572
2 3308 5958
0 82
1 5570
3 4331 7290 896
12 88 6379 2622 9314 8427 7611 3158 5158 3310 8230 4636 7395
3 3438 4727 220
0 8
0 98
2 841 4173
0 5
2 2853 5610
0 42
2 1891 1831
4 3821 5497 5028 8488
1 1759
6 9502 9025 4267 2492 4654 8432
0 61
1 8283
0 99
0 10
1 4319
0 19
1 5279
0 47
3 3617 4863 9562
1 2542
2 9053 2009
0 2
0 55
1 5710
0 14
0 55
1 6612
0 83
0 52
0 64
3 1503 7203 1790
3 8961 7084 8080
0 29
0 44
0 4
0 30
5 5748 8914 9520 2454 7985
1 1973
2 8087 9488
0 38
0 59
0 41
3 9734 2299 7709
3 6670 1302 6746
0 80
1 6790
0 94
1 8354
1 5425
1 6580
0 51
1 5609
0 48
0 74
2 5189 8955
1 3762
1 5778
0 61
3 1355 2100 6312
0 61
1 5686
1 2994
3 9065 45 8775
1 649
0 74
1 794
0 84
1 2049
0 52
0 7
1 6578
1 7609
1 3831
0 53
0 54
1 8919
0 47
0 9
0 3
0 72
0 28
0 27
1 2095
0 17
0 37
0 73
2 8225 6596
1 3362
0 95
2 4408 5636
2 7842 1723
0 33
1 3659
0 34
2 7410 6344
3 1257 4269 83
1 2459
0 13
3 7728 4066 4849
3 2661 87 4865
2 6151 279
0 83
3 2118 9724 6641
2 8609 4754
0 43
0 55
0 34
0 14
0 3
1 6355
2 8071 3840
3 7751 9629 7908
1 2922
0 100
0 69
0 88
0 96
1 1844
3 7466 2807 6694
0 39
0 56
0 49
0 100
1 1308
0 29
2 1492 8799
3 3980 4122 4147
0 63
1 2392
0 91
2 6549 8527
2 9368 4263
0 9
0 30
0 69
2 3314 6665
0 47
1 5501
0 95
1 8362
4 4236 1456 4093 7000
1 5874
0 66
2 6840 7308
0 44
2 7453 7432
0 35
0 5
2 5526 1644
1 9555
2 5923 8026
0 81
1 2743
0 67
1 4222
0 13
1 2641
4 8390 7690 5221 3098
2 1108 6156
1 4043
0 43
0 8
0 89
0 22
2 9055 4895
0 18
0 35
1 9245
2 2158 7849
0 89
3 6232 9745 9674
0 39
0 48
3 5003 5954 1029
7 9578 9637 9307 3383 4146 9804 7507
0 5
0 34
0 79
1 1753
5 3926 8765 9161 4459 2527
0 50
2 3424 1082
1 9222
1 5864
1 5724
2 9168 60
1 35
2 3074 6544
2 7794 6660
0 56
1 343
1 7928
1 598
3 2079 6461 3309
2 4205 5452
0 82
1 9207
0 71
5 1318 6236 3691 8014 9941
0 32
0 48
0 19
2 5939 7501
0 21
0 82
0 56
0 6
0 78
1 7051
1 3657
0 84
0 99
0 19
0 22
2 6192 1069
2 1974 1520
3 367 7373 2045
0 83
0 47
1 2131
3 1848 3823 2128
0 75
0 29
0 81
0 13
0 61
1 6904
0 48
0 85
2 4508 455
2 5846 6403
2 2858 931
1 1209
2 3036 1151
0 82
0 65
1 1594
1 9305
0 57
0 54
5 240 5020 9655 9527 9163
0 46
0 93
0 20
0 87
2 6889 1558
0 96
3 9965 1021 2636
0 21
3 231 3888 2867
3 3909 1734 8129
0 23
0 54
3 2643 7313 5618
5 2262 5319 5108 8400 4551
0 47
0 14
0 59
0 53
0 87
1 6417
3 5721 1023 6724
1 4575
0 88
4 8316 9844 344 9443
0 83
2 1254 8868
0 95
1 4234
2 4110 8000
2 9042 370
0 50
0 59
0 80
6 4576 8447 5952 282 9731 1833
1 2426
3 2746 3459 118
0 25
0 38
0 68
3 3661 3537 672
0 16
3 8900 4688 9165
2 1690 6936
0 77
3 5518 318 9927
0 63
0 74
0 16
1 9589
0 39
0 94
0 35
0 23
1 109
0 65
0 45
0 5
0 77
0 52
0 82
6 1885 1774 6600 8350 613 7499
1 276
5 462 6279 8812 5950 6577
2 4145 5098
0 84
1 1924
0 41
5 7698 2913 3122 1953 1823
4 3666 6500 8783 5718
0 90
1 229
1 1586
0 69
0 29
0 95
0 49
1 7697
0 56
0 33
2 3806 6275
0 43
0 43
1 8424
0 85
0 56
0 53
3 1548 6222 4872
3 1084 8522 9700
0 77
1 1113
0 15
0 67
0 58
0 77
0 72
1 5837
2 4955 1412
1 8596
0 55
0 53
3 7429 3248 2675
0 23
1 1119
0 100
1 6340
0 27
1 2536
0 86
1 7572
0 92
0 34
0 85
1 1468
1 4931
0 77
1 3615
0 3
0 2
1 9233
0 60
1 1471
0 27
0 33
3 4141 2690 4556
0 6
0 79
1 1399
6 3215 2597 6619 8631 8605 2850
0 81
0 40
0 59
0 50
3 9673 3642 4577
3 1253 3602 8981
8 9261 7827 4720 1821 405 6339 5070 4356
0 92
2 244 2539
2 2261 6396
1 3990
2 2521 5113
0 9
0 61
7 7064 827 7635 6263 5804 9138 9032
0 25
0 10
0 88
1 7790
5 8082 9037 9942 9191 3918
2 4479 3808
1 8374
0 26
0 50
1 9973
0 92
0 78
1 9179
0 55
2 2368 3129
0 87
0 54
0 96
5 8769 2631 7718 419 6861
2 1192 4289
1 5322
2 1730 1865
0 80
1 2697
0 20
0 26
0 70
0 2
2 6488 2108
1 7467
2 3153 9754
0 94
0 41
3 3155 364 6213
5 3021 9088 5896 9127 8078
0 47
0 27
2 5941 2278
0 58
1 6404
0 83
0 12
1 6576
0 42
0 28
0 48
0 82
1 843
2 7086 7352
1 4511
0 39
0 33
1 1935
1 2510
0 38
1 1038
1 8033
0 79
3 7286 322 2339
4 4880 4182 5912 9870
1 2353
3 4311 1443 2379
1 5050
0 22
0 96
2 2345 7615
5 2116 9281 4763 5990 6819
0 37
0 62
0 69
0 63
2 8215 7793
0 50
4 3530 480 9358 6317
0 32
0 71
1 5881
4 236 9120 743 4316
0 98
0 19
0 40
0 82
0 8
0 94
2 5735 4745
1 9787
1 2635
0 39
1 2927
0 79
1 4675
0 57
0 17
0 20
3 2732 2334 7742
0 67
3 3492 1898 2255
2 8022 1010
1 3124
0 28
0 65
0 20
1 7605
1 6406
1 6897
1 7164
0 5
1 8289
0 88
0 93
1 3064
3 9687 7520 8873
1 3034
0 14
0 55
0 71
1 2207
2 1809 8461
0 13
0 46
2 6816 7174
0 15
0 4
0 36
1 9980
2 7818 8050
0 21
0 61
3 1638 870 3674
0 47
0 54
1 9089
0 89
0 50
0 46
1 2295
3 2032 271 8010
0 86
0 96
1 43
3 3915 6672 600
0 62
1 1695
3 1693 4625 2271
2 2478 3638
0 7
1 5275
2 2959 604
0 97
1 7678
0 90
4 437 2112 1461 246
0 11
0 26
0 60
2 8504 5624
0 2
0 91
1 8153
0 23
0 85
4 7579 3766 6311 2213
0 42
1 4225
0 97
0 81
1 3711
1 8893
0 14
1 8794
6 3096 674 7420 3277 7280 453
0 72
1 5708
4 4276 9945 8813 1996
0 41
0 12
0 23
0 94
0 31
0 19
2 6690 2811
0 20
2 847 4298
0 95
3 9854 8328 2058
0 3
2 8927 7977
4 2268 3120 4096 4262
1 7665
0 17
0 69
1 641
2 9900 5205
1 6472
0 45
0 5
0 90
0 89
0 73
1 4178
0 28
0 87
0 44
0 6
0 5
2 2955 1822
2 9566 5473
0 95
4 2135 9644 4339 6067
0 37
2 9200 5130
1 5845
0 10
0 27
0 70
0 77
1 1111
0 33
0 47
0 35
4 9627 9244 5767 6538
1 4906
0 31
2 6459 7841
2 9263 8300
6 9106 1270 1933 8597 10000 640
2 8058 1007
4 5393 7341 1263 1134
2 7568 8648
2 9586 534
0 79
0 22
1 4838
0 85
1 5733
0 7
0 51
2 2388 4133
0 56
1 6173
1 5747
5 3210 188 6657 8455 3772
5 3223 3080 8163 1785 5328
1 2102
0 88
4 8826 9192 175 3884
0 8
3 9289 3243 1116
0 21
6 9432 2024 738 9320 4446 6418
2 763 9036
1 9038
0 4
1 7636
3 6374 9914 1755
0 27
0 82
1 4152
2 2600 6534
1 7319
0 60
0 78
0 18
1 906
0 90
1 1931
2 3577 7894
1 6964
0 74
0 32
0 39
0 54
1 3676
2 2875 6159
0 81
3 8172 9601 4290
2 3078 3374
1 4150
0 56
0 98
1 3224
2 4433 8920
3 1862 8397 8549
1 9568
2 6473 650
0 68
0 55
1 9246
0 76
0 35
0 39
0 17
1 1362
0 55
1 9916
1 8641
1 5409
0 100
0 77
1 7226
0 40
0 45
1 2197
0 84
0 59
0 13
0 22
2 3739 2149
0 17
0 6
0 14
1 8065
0 5
0 1
0 86
2 6800 2431
1 1569
0 21
0 9
3 4741 4584 1
1 3352
0 2
1 9177
1 3463
2 7082 9189
1 620
1 3432
1 9336
0 99
6 390 5284 2322 163 4207 2062
1 9164
0 9
1 6943
2 8198 6881
3 4705 1593 7936
0 78
2 7180 4707
0 25
3 9827 5476 8305
1 8201
0 94
0 57
0 94
2 7431 9725
0 5
0 21
1 6860
0 25
1 1521
1 6543
0 73
2 169 7506
1 1424
0 95
0 16
4 9828 217 114 8550
2 9110 9265
5 3726 7500 8059 8685 7027
4 398 1150 4140 5339
4 2537 3858 1282 4266
3 7316 7538 4888
0 49
0 7
0 43
0 100
0 53
1 9426
0 43
0 47
0 4
0 8
0 68
0 2
0 45
0 33
2 2798 9534
2 8957 3697
0 28
1 5298
1 8748
2 6691 2899
0 24
1 5041
0 26
7 289 9872 2570 4028 5168 9951 1580
0 32
1 2726
0 100
0 59
0 84
0 8
1 2632
1 3024
0 76
0 96
0 90
0 92
5 3466 8063 9384 2720 9152
2 4743 4058
0 3
1 6533
1 2638
0 27
0 24
1 2761
0 35
0 67
1 2354
1 7720
3 523 6268 8889
0 91
1 8368
0 72
0 25
0 30
0 16
2 681 2337
0 84
0 29
2 5362 5807
1 6945
0 9
4 2440 2841 1555 6485
1 3964
0 9
6 1214 2626 2586 5142 6195 9187
0 100
0 53
2 1694 3472
3 3979 5335 1717
0 36
2 5745 6644
1 1963
0 75
0 51
0 60
1 5662
2 3937 7347
3 9536 8525 1554
0 62
0 87
1 5183
0 45
0 76
1 855
2 5647 5485
0 69
0 54
0 34
2 3961 5309
0 18
0 87
0 21
1 346
1 8232
0 47
1 1560
0 82
1 372
3 3282 3716 2894
1 8271
0 42
1 8691
1 9958
0 44
0 60
3 499 619 3811
1 2903
5 459 5635 3440 27 2891
0 89
0 10
1 7895
0 40
1 8690
0 33
0 46
4 9280 4731 5287 6332
0 55
0 67
0 71
0 4
0 82
0 59
0 76
0 34
0 61
0 81
0 57
2 820 3363
0 95
0 61
2 5740 1074
0 92
1 1394
1 3647
0 30
1 3369
1 1205
1 3173
0 95
1 5946
1 4519
1 5575
0 2
1 2494
0 25
0 49
0 5
2 6902 6143
0 65
0 67
1 7067
2 8126 9979
2 5499 3140
3 3588 1493 6197
2 6992 102
1 1567
1 4637
0 7
0 58
1 6966
0 44
0 2
0 32
0 37
0 99
1 6859
0 10
0 92
0 53
3 9621 3499 5034
2 3654 8840
0 87
0 69
1 1114
3 9852 3683 1994
1 1126
1 4214
0 43
3 7482 5112 8329
1 5143
0 26
1 4534
0 8
0 89
2 3850 6793
1 8778
0 31
0 72
2 2196 469
1 3094
0 79
0 95
1 7956
1 15
2 1194 783
2 3418 7761
0 83
1 9076
0 86
0 74
3 1016 5306 245
0 100
1 2004
2 8347 6295
1 6271
0 98
4 1842 6837 5545 590
2 8623 2619
2 5252 8915
0 61
0 18
1 9231
0 49
0 66
0 10
0 20
0 42
0 65
1 5413
3 3507 735 1077
0 78
6 4260 6227 2633 8346 6127 7354
4 2015 104 7532 9309
0 80
0 2
0 65
0 26
0 85
0 96
1 5125
4 6491 6524 585 2708
2 2741 6397
0 93
0 1
0 31
0 98
0 59
0 55
1 2412
10 2235 5608 285 1226 3851 802 4288 2182 2169 5639
0 89
3 3896 9262 223
1 8499
1 8291
0 30
0 72
0 23
0 8
1 4653
1 1952
1 3721
0 35
0 5
1 8482
3 511 5637 6017
3 9016 431 1676
0 30
0 19
0 83
0 49
4 3066 1726 9808 4791
0 29
0 66
7 8410 8419 538 6571 9496 9968 9721
0 44
0 92
0 35
1 9680
1 4335
1 1966
0 23
0 37
3 9319 9978 8217
3 587 4954 5841
1 4605
0 12
1 4586
0 85
0 56
1 777
6 5851 7713 7397 7618 8598 4725
1 9715
0 48
0 81
3 7485 473 4722
8 7264 5217 4318 3117 502 3175 77 14
0 73
1 7775
1 1955
0 9
0 95
1 791
3 6319 5276 1396
2 1584 8821
0 75
3 6348 9321 1481
0 45
0 33
5 7456 6446 5411 9618 3523
0 4
3 8150 9620 6164
0 53
0 23
1 5453
0 57
1 6666
1 8263
2 6886 4170
1 7314
0 18
3 6249 5842 8818
1 9142
0 48
2 4400 3189
1 7685
0 86
1 7953
4 4593 7795 6457 3993
0 80
1 5916
0 4
0 29
0 42
3 8670 1870 5904
0 90
0 43
0 7
0 38
0 55
4 2515 7746 2418 6120
0 44
3 8764 5553 6044
0 36
0 78
0 84
0 13
1 8832
2 6735 9682
1 3103
0 2
2 7030 1154
0 98
0 72
0 10
1 1332
1 1803
3 4658 8918 2578
2 7552 1606
3 3618 9215 5348
3 3069 3873 7206
2 1765 7154
0 55
0 21
0 67
1 359
1 6557
0 30
0 29
0 26
2 4719 6356
0 48
1 190
0 19
3 5772 3135 4922
0 66
2 5036 74
0 16
0 37
1 8369
1 2482
0 26
0 95
0 32
0 72
1 8895
0 97
0 66
0 36
1 5584
4 9835 7689 2656 8657
1 1288
1 5839
0 13
1 2933
1 1965
0 77
1 7151
0 52
1 9987
4 8280 823 1782 1788
6 7749 3270 3646 2999 381 233
0 81
0 53
0 32
0 92
0 90
1 3256
1 6530
1 3317
0 2
1 1088
0 8
1 5110
1 3818
2 75 6190
1 8701
0 31
0 6
0 41
0 98
1 3735
0 62
0 28
0 25
2 517 365
1 5813
0 55
0 95
0 93
2 1463 9573
1 1299
0 90
0 49
0 33
0 71
0 21
0 84
2 2906 9815
2 4429 2753
2 210 4626
4 1628 9359 8658 5865
1 769
1 6083
0 22
1 4334
3 302 9444 930
3 660 2005 2721
1 4496
1 6217
2 1619 5683
0 45
1 7390
2 8035 6812
0 65
1 68
1 5400
0 83
0 13
0 100
3 2017 8567 8116
2 2141 8290
1 7968
2 5495 5930
0 92
0 97
2 3573 2435
2 3580 2771
0 30
2 1815 7253
2 5880 3626
0 22
1 7969
0 81
0 92
1 6128
0 79
1 875
6 934 2390 6394 7885 7992 174
0 27
1 6062
1 6042
3 4836 6345 5600
5 162 2199 2763 22 8892
0 78
1 2620
2 2559 4226
0 47
0 80
3 7663 1395 6678
0 4
0 21
0 78
0 92
0 89
3 9704 1698 8683
0 58
1 8544
0 47
0 94
2 7653 9609
0 22
0 37
2 6389 635
2 7185 8650
2 6953 531
1 2876
0 31
0 23
1 9353
6 4424 255 7211 5199 7150 4348
0 2
0 97
0 100
2 8180 6018
0 87
0 6
1 7260
1 422
1 2931
0 47
0 72
0 96
0 3
0 4
0 61
2 7526 6013
2 3864 2206
0 46
1 2144
0 91
1 4317
0 92
0 93
10 648 8563 4347 3956 7811 9284 8359 8700 3923 2685
0 94
0 89
2 594 6276
0 83
3 2998 1747 5148
4 2423 6983 3126 5029
3 9829 339 698
3 9763 1532 558
0 38
1 1321
1 5314
0 64
0 12
1 2134
3 5066 4301 2419
0 44
0 81
0 85
1 1131
1 4971
0 69
2 9823 2705
1 2645
2 6080 5558
0 22
1 7162
0 78
2 3330 2285
0 92
0 19
0 63
2 145 3258
2 5835 7938
2 1911 5163
2 6060 7295
0 8
0 65
0 76
1 1454
1 2823
1 8739
4 7346 7643 9547 4103
0 64
2 5289 8654
2 2027 8521
2 8426 5931
3 383 3415 3702
1 3829
0 19
0 15
0 86
2 3919 4687
1 3183
1 3714
2 1054 5966
0 72
4 5200 3736 3892 6787
3 8152 4247 4715
0 93
0 3
0 46
0 95
1 6375
0 73
1 9691
0 40
2 861 2915
2 1124 2067
0 79
1 1869
0 72
1 8667
0 39
0 14
0 32
5 2594 6922 6498 983 8297
3 9962 708 7606
0 45
0 46
0 21
3 4948 6039 2892
5 8416 4592 848 6187 5302
0 51
6 4362 3688 6452 9423 6028 4021
0 33
0 17
0 67
0 21
1 7715
2 5906 3555
0 38
0 30
2 4125 4964
2 9109 7132
1 374
4 7734 9019 8524 5811
6 8851 6719 1297 8441 16 8064
1 9111
0 68
0 71
1 9413
0 11
4 7921 4158 8340 960
0 94
2 7318 2560
0 41
1 5852
0 67
0 58
0 59
2 1024 5959
0 21
2 9324 7505
0 54
1 2224
0 90
0 10
0 69
0 75
0 54
2 7973 9526
2 4235 662
0 56
0 14
2 9149 8841
0 65
0 39
0 27
0 50
0 36
0 42
0 50
7 6169 9778 751 8687 6099 2316 4351
1 7879
1 849
0 76
0 47
0 2
1 1291
0 75
0 7
0 20
0 46
0 75
2 3040 2810
0 27
0 18
3 9002 1688 1853
1 9785
1 2151
1 4760
1 5773
0 67
0 9
1 2854
6 6246 2382 6272 569 3877 4995
1 3467
2 6163 1570
0 76
0 65
3 1764 8558 5510
1 7357
4 1433 6552 5233 4627
2 5934 6642
0 13
0 74
1 3924
0 70
1 7608
0 29
0 45
0 15
0 64
0 55
0 90
0 48
0 70
2 7621 2840
0 17
1 8578
1 196
2 8858 2879
0 12
4 6085 8450 4517 4167
2 8016 5988
0 32
0 82
1 5536
0 59
0 97
0 72
5 4293 5074 4987 7139 6817
0 90
0 40
0 77
0 60
2 472 69
3 4548 3976 1990
0 66
3 9810 8100 7887
0 12
1 8206
0 36
0 77
0 99
1 1729
1 5521
0 71
0 39
1 5102
1 5297
2 3552 721
0 81
2 859 804
0 58
2 8779 1654
1 1721
2 8677 8342
1 2821
0 67
0 39
3 8349 8452 178
0 68
1 9861
0 54
0 81
0 90
0 85
0 84
3 3954 4726 5208
2 760 3268
2 2026 9904
0 18
0 73
0 72
2 7878 5277
0 88
0 60
5 7297 4697 6289 1104 1789
0 98
1 1597
2 2401 7777
1 6182
2 3770 2097
0 14
1 503
1 2862
0 58
0 90
1 2502
0 47
0 2
0 39
1 1737
4 4064 4684 6974 7679
0 45
1 7982
5 3296 8414 134 596 2275
2 257 3830
2 7111 4189
0 67
1 8669
2 2269 7450
1 6598
1 6429
1 4665
0 63
2 3854 6620
1 2682
0 36
0 5
1 2495
3 280 3329 7241
2 7602 8309
3 2693 3957 9860
0 34
1 822
3 7284 4280 2588
2 690 5640
1 79
1 153
1 6981
1 5771
3 5243 8668 3834
1 8643
1 2490
0 48
2 5176 418
0 87
0 31
2 3131 8202
0 41
3 7309 2978 6978
1 8576
0 96
0 92
0 41
0 51
0 91
0 90
1 1140
0 20
1 588
1 6322
1 8825
1 3538
0 58
0 79
0 95
1 3217
1 320
2 1003 754
2 8412 6548
0 64
0 17
0 25
1 7661
3 8630 1036 6599
0 88
0 21
0 21
1 7760
0 6
5 2191 9550 3043 1932 4742
0 6
2 1046 5117
0 4
0 30
0 30
1 7796
1 9931
1 2031
1 2546
0 48
6 5860 966 8559 8592 452 5423
1 1881
1 3516
1 3193
0 12
2 5603 1313
0 31
3 4039 4764 7812
0 9
0 33
0 100
0 23
1 263
5 5449 4419 7797 658 7404
1 7913
0 6
0 28
0 53
0 52
5 1166 9929 5268 6484 8475
0 27
0 72
1 7163
0 87
1 8501
0 58
2 7092 7585
1 8994
0 7
0 25
1 6284
0 63
4 4104 2496 2583 1410
1 3104
0 13
0 1
2 3856 8950
0 28
1 5761
0 66
1 440
0 16
1 5241
3 7582 4350 3234
6 7724 8719 1710 8528 5910 6495
4 5358 7298 2563 3412
2 4852 8931
2 7613 3279
0 6
0 19
2 8357 3497
0 29
0 61
0 46
0 55
0 17
1 7652
0 67
2 2806 6024
0 8
0 15
0 96
2 8773 6467
0 69
3 5160 3420 8193
0 50
0 19
0 41
1 2063
1 7770
0 71
0 3
4 395 5850 2848 9162
0 96
2 5589 9498
0 50
0 85
0 50
0 23
5 1964 6583 8724 9463 9971
1 839
0 82
0 8
1 5214
1 1006
1 8037
0 66
0 74
0 78
0 100
2 8925 2380
2 1636 3761
1 9424
0 54
2 8708 496
0 57
0 11
1 4813
2 5068 8160
3 593 28 8720
1 9485
0 22
0 60
2 9793 8913
1 7433
1 5478
0 94
0 47
1 6959
0 63
1 3390
1 7896
1 1672
0 86
2 8394 5308
0 62
1 3070
0 18
0 97
1 252
0 64
0 11
1 92
4 8268 3517 8327 8188
2 7915 8269
4 3058 4595 9295 969
2 5346 5019
0 55
2 41 8219
0 78
0 50
2 7178 5433
0 31
0 15
1 132
3 8628 8820 6412
1 508
1 3298
1 5396
0 70
0 57
0 34
1 6803
1 2075
1 8479
3 2634 9760 3483
0 1
0 53
2 1988 7534
0 1
10 811 2738 6971 7296 595 8599 8199 7863 36 2448
0 94
0 4
4 501 2970 7831 6788
4 2338 6930 9126 8448
0 4
0 15
0 78
3 5764 482 3535
1 2808
0 57
0 80
0 27
8 1813 8192 5360 9695 3293 4528 19 4667
3 193 224 2983
1 8801
1 7016
1 6430
1 6842
4 7557 4006 9791 8377
2 2239 9376
0 47
2 4016 2330
0 11
0 40
1 998
2 144 2778
0 75
0 55
0 51
0 74
2 427 665
5 202 6718 18 3110 6058
0 1
0 85
2 319 9762
0 83
0 58
2 3092 7504
4 6441 5375 2436 7230
0 70
0 23
4 6627 3893 7045 148
4 9344 6036 1293 9371
0 93
0 77
4 5369 1125 5169 3848
4 2372 8940 9031 7245
0 24
0 60
1 204
6 103 2750 5134 1678 1696 7865
0 100
0 3
1 6103
0 71
0 5
0 16
1 8793
0 42
0 77
0 96
6 8728 7193 8481 7303 8541 4934
0 35
0 100
0 70
0 88
4 1337 4477 8497 4873
0 26
0 29
2 8056 8829
0 83
0 87
0 46
1 7900
3 3733 6820 4515
0 32
0 98
1 9398
0 46
3 3955 2658 2608
0 79
1 5119
0 45
0 78
0 76
0 67
0 100
0 99
2 8395 5374
0 62
0 54
0 69
1 8967
2 6564 4194
0 56
0 36
0 85
0 96
0 43
0 17
0 71
2 1835 5694
0 94
1 9422
0 60
1 514
0 80
0 78
8 6466 4069 8808 215 2258 281 4901 8938
2 5859 203
0 87
0 41
5 3099 5580 1746 9406 1356
4 8560 4993 111 7705
2 3604 6383
1 8399
0 17
1 7069
1 6117
0 16
0 96
3 90 9209 3397
2 9919 7898
2 5530 2156
0 86
1 6487
0 61
0 24
1 394
0 85
0 63
1 5354
0 47
0 20
0 77
0 14
3 9068 2346 5444
1 7414
3 9225 852 3295
0 26
2 1819 5746
0 66
1 4242
2 2002 5742
0 49
0 10
0 51
0 59
2 4080 1112
0 58
0 76
1 2164
6 7406 1662 492 1983 1129 8405
1 8613
1 3777
1 4737
0 37
1 515
0 20
1 4121
0 39
0 10
0 56
0 93
0 28
1 8882
2 6309 9370
0 14
4 2507 9882 6876 6872
0 18
0 84
7 3581 6856 126 6654 9269 8040 5977
2 8446 8610
2 8569 9528
3 2909 1760 9619
4 6513 5408 8583 1660
0 54
1 4338
0 14
1 9976
0 39
0 56
1 5920
0 77
1 8692
0 84
0 35
0 52
0 86
5 5818 4794 1225 3606 5258
1 8696
0 82
1 4958
1 1091
0 25
8 3386 6256 5446 1843 8716 8127 3590 3164
0 62
2 1608 180
3 8031 8047 8270
2 9345 2146
0 99
0 86
1 3738
1 1943
0 71
2 7668 638
0 32
0 5
1 2782
0 82
1 1781
2 4255 3204
0 36
0 89
1 6320
0 90
3 4660 4072 3285
0 24
0 16
2 2204 9739
3 1550 6857 6176
2 2183 9802
2 8579 4270
1 9788
2 8865 6575
1 6157
0 5
1 4596
0 87
3 8518 5178 3100
1 9392
0 96
1 9830
2 6752 7577
1 5562
0 18
1 4788
0 5
0 54
1 6502
2 8883 5758
3 8459 7339 3358
0 46
2 1033 7243
0 43
1 65
1 5049
3 467 4168 5140
0 17
3 6677 421 172
0 33
1 4302
0 91
0 7
2 1640 5120
4 8145 3022 7052 9030
0 91
2 7182 2413
0 93
0 61
0 66
2 8251 1961
1 12
0 37
0 51
0 32
0 100
1 6100
0 91
1 5225
1 7468
0 69
1 3341
0 68
1 9229
4 6737 25 6987 9439
0 32
0 73
1 8460
1 4078
2 4095 909
3 1850 8557 1303
1 9947
0 63
2 1752 5451
1 8903
0 19
1 4923
6 6154 393 7739 2593 4089 234
1 9565
1 992
1 4562
0 44
0 79
0 74
0 73
2 4053 3263
1 4144
0 74
2 8594 9114
2 61 8872
0 60
0 98
0 78
1 6921
1 4033
0 3
0 88
0 45
1 869
1 5424
1 6913
3 6175 4768 1985
4 6352 7767 6762 9420
0 39
0 89
1 3630
0 48
3 8978 3441 3072
0 89
0 4
2 8846 2751
2 478 1327
0 94
0 49
0 13
0 68
0 53
0 79
0 80
1 3664
1 2187
3 2575 9643 6439
0 68
4 4686 7177 5559 3863
0 68
0 34
3 2287 8697 728
0 55
0 82
0 25
0 10
0 3
1 4805
2 4832 3521
0 52
2 946 4553
2 3551 9757
4 5391 5111 3578 9749
1 8884
0 29
2 8870 5229
0 61
0 90
1 4652
5 293 4174 6634 6405 2403
2 483 3320
5 9085 8216 8977 3035 2044
1 1022
1 4227
0 96
0 59
0 19
0 77
0 75
2 9351 3768
0 43
0 65
6 790 8982 8926 1231 5915 7301
0 73
1 756
1 9079
0 26
0 43
3 6581 2107 8644
0 11
1 239
1 9334
0 87
1 205
1 6061
2 1434 7488
2 597 4265
2 3656 3758
1 8048
0 98
0 61
0 80
1 8323
3 1733 4779 3203
0 26
1 2352
3 9960 1042 2870
4 5816 6550 4736 2138
1 7152
3 3469 7358 5666
2 817 6301
0 86
0 71
0 42
1 2286
0 98
1 4938
0 71
0 73
1 8200
0 90
0 56
0 20
0 96
0 83
0 49
0 72
2 2825 7704
0 2
1 5454
0 68
3 8458 183 2022
1 8807
3 805 37 9208
5 6413 8294 9792 2384 7641
5 832 9990 4160 9486 1828
0 100
2 8077 218
1 4629
0 62
1 7097
1 8089
0 9
1 5586
4 830 3366 6445 2284
2 9062 9907
2 4859 2694
1 2855
0 100
3 6391 878 380
2 3375 3620
0 88
0 54
0 60
0 23
0 1
3 2852 7521 6436
0 53
0 91
0 37
1 6035
2 1382 6278
0 41
1 9171
1 6362
1 9955
0 89
0 29
0 11
1 2954
0 22
0 35
0 86
0 41
1 9403
0 19
1 6823
2 1364 2132
1 1161
3 6380 6377 1958
0 82
0 60
0 53
0 95
0 47
1 5539
2 2630 6977
0 16
0 49
2 4387 7820
0 3
0 82
1 211
1 3796
4 1486 7225 9181 9911
0 89
1 4920
2 643 6209
0 46
0 9
0 95
2 5571 1277
0 38
0 23
1 1258
2 1425 4300
0 84
2 1256 4581
0 71
0 25
0 79
0 56
0 48
1 8971
0 16
0 14
2 9902 4067
0 97
2 313 4690
0 38
1 9193
0 24
0 49
2 8409 6274
0 89
1 154
1 2242
0 97
2 2264 9532
2 9920 902
0 42
2 157 4020
3 873 294 6231
0 63
0 82
2 651 679
0 36
0 78
0 55
0 55
1 7633
1 9581
5 460 5714 2529 2966 1075
2 3502 789
2 2280 9306
0 31
3 5008 11 2083
1 7872
1 6815
1 4509
0 76
0 66
2 9984 516
0 84
0 38
0 94
1 2677
0 39
1 4611
0 99
3 5437 6053 1739
0 97
1 7331
1 7454
0 41
0 70
0 83
2 8088 2399
1 4344
0 3
1 3824
4 9501 8709 5995 6189
0 99
0 19
0 87
0 54
0 84
1 9564
1 655
1 327
0 72
1 3287
0 44
0 50
1 2181
1 3504
1 2228
0 93
0 73
2 5202 8760
0 94
3 4619 9452 8962
4 8491 6727 3306 7941
0 51
0 11
2 9364 521
0 38
3 3084 466 6558
0 90
0 84
0 37
3 3500 4283 5543
2 8887 2939
3 1083 4989 1890
1 9419
0 66
0 51
0 58
0 62
0 29
0 100
0 14
2 6251 785
1 1510
5 8917 3065 6082 361 350
1 4192
2 7335 2878
2 2849 4841
1 7063
0 42
0 52
1 2669
2 9442 1512
1 3338
4 4047 4439 5857 1271
1 8415
0 53
2 7248 4533
0 61
1 7847
1 5554
0 2
0 83
0 65
0 67
0 17
1 5690
0 30
0 79
1 8573
0 56
3 8734 9471 5673
2 9728 1876
2 7463 5136
0 90
4 7115 844 6662 5695
1 9226
1 6346
3 8602 9798 5465
0 29
0 86
7 9445 9240 7555 3334 5377 6221 1719
1 7929
1 6178
4 5150 4097 582 2962
2 7392 3861
0 62
0 96
4 4986 456 1310 2281
1 815
1 5642
0 81
0 54
0 19
0 92
3 8282 1360 7530
0 28
1 1926
0 49
0 46
1 9212
1 7469
0 32
1 6931
2 4869 9465
0 15
0 44
0 98
0 75
1 8947
5 4608 8484 7255 8093 798
1 1275
1 8156
2 834 8044
1 6903
0 52
1 1680
2 5015 7007
0 93
3 468 4700 7603
0 58
1 8034
2 3599 7740
1 7452
1 9411
0 59
4 4648 2214 4808 6810
1 7850
0 22
0 56
1 915
1 64
1 9449
0 51
2 8580 5984
1 2647
1 2784
5 3756 1948 9137 6181 3156
1 7650
1 4186
2 6433 4771
4 5858 5094 1756 1798
0 55
1 187
2 2610 685
5 5051 797 8111 6733 1419
0 67
3 7719 8863 950
4 238 500 9183 3911
0 49
1 7344
1 6125
0 85
0 14
0 19
1 7254
0 20
1 7835
0 65
4 1522 2923 7612 3582
0 51
1 3359
0 16
0 14
2 5307 8110
0 84
0 58
0 40
0 82
0 84
3 8478 2279 1800
1 7645
1 2665
0 64
0 69
4 3142 2130 8184 7147
0 4
1 3572
1 6990
2 6138 1806
0 81
4 2310 2068 3774 1078
2 5886 8601
1 7217
1 7356
1 9425
0 76
3 4757 4120 1296
1 2137
0 51
4 4781 7791 4683 5482
0 93
1 8554
1 9431
0 55
0 67
0 62
0 64
0 56
0 99
0 92
2 6105 5077
2 2660 1110
3 8852 1250 9756
1 39
0 29
1 5957
5 3677 5419 4786 2016 7400
1 9635
2 1453 2585
1 6172
0 29
5 8020 9312 5173 7405 7535
0 52
1 4241
0 71
3 5195 9884 7987
0 57
4 904 6985 592 6748
2 9373 9874
0 8
0 13
5 3589 7803 9741 6291 7224
0 2
0 55
0 33
2 9592 3346
2 9853 5814
1 617
0 31
0 8
0 76
1 4082
0 99
0 27
0 90
0 83
0 51
1 3971
1 506
0 100
0 31
0 5
0 99
0 41
0 69
0 74
7 4065 5986 5605 8151 4054 9761 3942
0 82
2 7493 2124
0 14
1 8104
0 97
1 9615
0 35
0 72
0 67
4 967 907 3989 6299
0 78
0 33
1 6431
0 97
3 5619 4187 4854
1 3000
0 48
0 7
0 6
0 28
3 5075 7752 3948
2 2328 746
0 41
0 18
0 76
2 9466 8246
3 9543 411 8979
3 6390 5969 7237
0 55
1 54
0 81
0 96
0 86
1 2040
2 4413 6229
1 9614
2 3635 8101
0 15
5 9816 3042 1193 4610 7282
1 5965
0 12
1 5593
3 6200 8130 2805
0 9
0 84
5 6333 9569 8272 8147 4974
0 46
1 2829
1 6006
0 50
0 91
0 31
0 15
0 63
0 16
0 18
0 10
0 34
0 43
0 19
0 75
1 2975
0 44
3 6427 9585 3267
3 3996 2046 3018
2 6086 7291
1 9249
1 5625
0 9
2 6827 9932
1 6009
1 1641
0 64
5 6107 6603 7277 2237 4588
4 3019 3901 5052 8295
4 2688 3837 3897 1184
0 37
2 7159 975
1 9881
10 1867 6926 895 8185 2728 5321 7594 5833 7394 3862
1 781
0 96
1 5261
1 7785
1 8766
0 89
3 7310 2718 682
0 78
0 36
0 19
1 1328
0 71
0 47
1 3786
2 6874 3484
0 50
2 3251 9851
0 32
3 9535 1668 3032
1 2483
0 42
1 1574
2 9302 5057
0 33
0 22
1 7567
2 8248 2078
1 6421
0 70
2 2085 7632
3 2123 7922 6758
0 39
0 8
0 9
0 4
0 99
4 201 6000 93 6325
0 25
0 74
0 96
1 3115
0 29
0 76
5 8428 9067 5893 7288 645
2 2003 2917
0 42
0 21
1 4056
1 3479
0 40
1 982
2 8686 5568
0 7
5 5651 4612 6489 4470 2926
1 9817
0 94
1 8638
0 15
0 23
0 20
2 7498 5146
0 75
3 7989 7342 8464
3 2863 6168 4185
1 6161
3 9849 2113 6928
0 57
0 88
1 1571
2 6885 1317
1 9480
0 29
1 4835
0 13
0 37
2 6809 6051
2 3023 3610
0 43
0 17
0 85
0 22
2 5706 8222
3 5164 6366 6022
0 15
0 46
3 2702 1405 5155
5 6456 2556 2673 4866 4153
2 2081 8843
0 85
3 7200 3574 3376
1 5081
0 44
0 72
0 86
1 7727
3 7212 764 9433
2 3403 8904
0 38
0 64
1 9518
0 62
1 6486
0 94
2 3137 1893
0 11
0 82
4 4337 2981 7730 5769
1 1159
1 5887
1 8768
3 2471 4037 3138
0 90
1 9510
1 8060
0 93
0 73
1 7517
2 1615 8128
7 4396 9268 5467 3935 8146 7320 7325
0 52
0 73
0 42
0 15
1 1451
1 2557
1 2639
4 4363 6113 5564 5219
0 83
0 17
0 47
5 9083 1418 7960 8273 3558
0 90
0 12
0 64
0 24
1 3715
2 6450 4744
2 5231 8154
3 2157 3814 6074
0 89
6 1365 1591 2598 759 1684 3921
1 1163
2 6043 4435
0 98
1 4898
0 76
0 64
0 78
2 4670 2474
0 29
0 43
0 70
1 2544
1 8871
0 28
0 76
0 85
3 9287 3410 4448
0 58
0 82
0 25
0 93
2 1573 4856
0 24
0 36
1 3337
1 3843
0 5
0 54
0 88
0 17
0 55
0 67
0 32
3 8568 7083 7670
0 32
3 5692 1647 6049
0 64
1 8120
3 3621 1624 6090
0 16
0 68
0 87
0 37
1 4475
1 1460
0 8
1 6636
0 44
0 96
1 8335
0 83
2 1671 304
3 6170 6607 2011
0 34
0 22
1 4554
0 80
1 3302
1 4190
1 495
0 29
0 73
0 82
3 8556 4310 3754
2 4816 497
0 46
0 50
7 520 4997 7655 6285 3794 5395 3083
4 5472 1039 2530 3973
0 30
1 4868
2 7783 6435
1 1796
0 8
2 4514 2654
4 2525 1385 4008 4804
3 1011 2795 2077
0 37
1 2488
0 32
5 4025 9045 5127 7725 9903
0 50
3 7190 2859 9690
0 57
2 6027 8824
0 24
0 82
0 74
1 9706
1 9235
0 16
0 50
2 1657 1340
1 2166
0 98
0 82
0 7
0 31
0 19
0 3
0 90
0 2
0 74
0 51
1 5357
2 6258 3698
4 4127 4329 2312 5982
0 41
3 6478 9840 9119
1 6914
2 1497 3569
0 91
1 1283
1 8804
0 71
1 5933
1 189
1 3235
1 1773
7 2367 4891 9686 653 7070 3071 9892
0 6
1 1469
1 1992
1 8332
1 2742
2 2717 4952
1 2057
2 256 3874
0 98
1 4087
3 2944 9029 5654
3 7772 5180 7867
1 646
0 70
0 57
0 66
0 75
0 66
0 2
3 3328 2776 2910
0 39
1 1143
1 5836
2 4897 3801
0 26
0 82
0 99
0 20
0 97
0 49
0 7
2 2153 1667
0 87
1 2582
2 741 989
0 1
0 31
0 51
0 47
1 7378
1 7607
0 40
3 3629 2139 4738
0 80
0 3
1 7550
0 47
0 74
0 15
1 7387
0 18
2 406 993
0 71
0 40
1 9747
0 82
2 7672 2074
1 6095
0 67
3 8723 3364 5566
0 95
0 7
1 8763
1 9061
2 5439 463
1 8134
0 46
1 6101
0 60
0 56
2 4013 3199
0 91
0 53
0 16
1 8275
2 3049 3881
0 51
0 99
1 6093
0 61
0 86
0 88
1 2706
1 129
0 3
0 4
0 73
2 465 8386
1 9836
0 31
0 81
0 84
0 23
2 9304 8762
0 39
3 4489 1098 7268
1 4209
0 59
0 9
0 54
1 7166
3 4243 3028 1027
3 7250 2414 5729
0 11
0 43
0 60
0 81
1 9156
0 80
0 42
0 58
4 6241 7687 7771 4425
0 10
1 7380
1 9214
0 33
1 1675
0 74
0 99
0 39
1 8738
2 4734 5615
1 1987
2 5749 5026
3 9767 6269 8355
0 78
0 83
0 89
0 52
1 7815
0 79
0 32
0 41
0 58
2 1816 4968
1 6424
0 49
0 85
10 4 3146 5753 457 8730 8634 8493 1102 3333 3866
0 99
0 46
0 54
6 326 8888 3232 6933 2703 2872
0 34
0 95
0 22
0 17
0 42
0 28
0 97
5 1380 9087 1633 8952 5503
0 79
0 74
0 89
0 89
0 100
0 2
1 9588
1 2646
0 74
0 99
0 5
2 7830 4889
2 4447 7654
3 7843 670 6381
0 53
0 67
0 51
0 61
1 5644
1 1145
0 6
1 3842
2 6911 2155
0 34
0 58
0 19
3 1945 2291 4486
2 2730 7059
1 6503
1 7667
0 41
0 43
0 70
1 8714
3 550 6122 2361
2 8092 2833
2 8018 8876
0 58
0 98
4 5971 8681 8233 8509
0 21
1 6829
7 5429 3097 4662 9399 1617 3514 6501
0 68
1 7049
2 7231 6029
2 6098 6638
1 2304
1 5831
1 5448
1 926
0 32
1 6610
0 52
1 9937
1 8364
0 41
0 15
0 4
0 99
2 4884 3828
2 6342 384
0 80
0 43
0 10
0 65
0 80
4 6038 5509 4040 4956
1 1265
7 1289 3121 2152 881 2208 5398 4100
3 192 5698 2168
0 87
1 8334
0 74
0 37
0 39
0 11
2 9374 8529
0 80
0 99
2 2089 8367
1 1491
0 92
0 40
8 1301 9800 5531 33 5643 3280 3227 6942
0 79
0 47
1 1627
0 17
0 80
3 9765 6480 5592
2 7332 6658
2 9097 2493
0 100
2 3731 9274
1 6761
1 7107
3 4778 3303 5256
0 32
1 9795
0 5
0 27
1 1156
0 67
0 90
0 23
1 2331
2 270 9158
3 9599 7350 9052
2 2740 3195
0 40
0 99
0 65
2 9559 8636
0 83
4 7133 5870 7904 8693
0 46
0 71
2 9499 3398
0 80
1 1652
0 47
1 1398
0 77
1 1137
0 49
0 89
2 5717 44
2 1793 9210
2 3355 5032
0 32
0 16
1 547
1 7593
1 6682
0 90
1 6961
0 67
1 7419
0 33
3 7385 400 3506
0 67
0 47
2 5777 6830
0 73
1 5138
2 1316 5394
0 72
1 9905
0 45
2 3891 3207
1 32
0 18
0 51
2 6866 1896
0 48
2 2 1787
1 6255
0 40
4 6808 9389 1602 3799
4 2605 4882 4004 2532
2 4149 2092
0 70
1 4547
1 3170
5 8985 4806 94 7531 5854
0 9
0 92
1 5021
0 67
4 4438 6516 7768 9196
0 47
0 100
3 2756 1472 5711
0 30
1 2602
0 57
0 75
0 28
9 8214 5877 6481 7873 885 329 5812 3350 5890
0 66
0 69
0 7
1 1714
1 208
0 76
0 8
0 9
2 9579 5763
0 19
0 20
0 19
0 100
0 25
2 8122 762
1 3720
1 4162
0 46
2 1549 4107
0 80
0 53
1 5124
5 5385 2553 3833 7003 8547
0 12
0 50
2 6165 2469
0 54
0 5
2 8076 7551
0 93
1 6960
3 5675 2175 2614
0 15
2 4352 164
4 9115 644 4403 4278
4 4772 6772 3564 1059
1 1247
1 9343
1 7424
0 7
0 80
2 8618 479
5 116 8678 2035 7300 8622
2 3931 5801
0 13
0 41
0 10
0 34
0 52
0 91
0 50
1 2109
0 18
3 1780 1133 5092
1 8990
2 6367 6277
1 6991
0 61
10 5519 328 1287 3545 6681 4543 3687 6689 4618 425
4 6204 1846 6460 5193
1 5364
0 90
1 9694
3 219 6089 9677
1 2887
0 42
2 8717 1763
3 9750 1284 316
0 59
0 58
1 4976
0 62
0 77
0 79
1 3835
0 33
0 55
0 87
2 9007 2606
0 43
0 18
1 7106
2 5171 1857
0 46
0 97
1 5084
2 9497 5567
0 53
2 4139 9875
0 82
0 76
2 4797 4473
1 6262
1 6565
3 970 1530 5213
3 7571 8006 8511
3 3045 4444 8531
0 55
0 12
6 8025 9926 6119 6233 8142 6010
2 9239 7167
0 40
2 1387 4386
2 742 1466
0 88
0 4
0 74
2 4485 6838
0 5
0 29
0 37
0 29
0 47
1 3109
0 100
1 956
3 7188 3880 9081
1 8383
1 8637
0 14
1 7283
1 7920
0 47
1 9994
0 56
2 9027 4017
1 1206
1 2943
0 96
4 591 50 3171 6016
0 100
0 94
1 6116
0 16
1 7942
0 44
0 14
4 5579 7090 3587 686
3 3930 1155 4200
3 9349 4905 7807
2 8850 752
0 70
1 986
0 60
2 6680 6020
0 16
0 45
0 91
2 4313 6033
1 81
0 20
2 7081 1496
0 26
1 4599
4 6294 1837 6167 4359
3 5042 7047 7932
5 5211 2925 4136 1015 4953
0 25
2 4476 7187
0 91
1 8439
0 94
0 85
2 9895 4507
0 78
0 17
0 49
0 6
0 36
1 1738
2 4292 4812
0 3
2 2349 8665
1 5506
0 83
1 4706
2 5697 4555
2 6781 9850
0 89
4 6266 9166 3327 8421
1 9224
1 1135
0 99
0 65
1 6923
2 2974 4012
1 3804
0 80
0 49
1 4327
0 61
3 3073 2574 9719
1 8711
1 9230
0 24
2 1217 9710
0 66
0 10
0 54
1 3614
0 96
0 2
2 2846 7765
1 9737
1 5948
0 78
0 69
0 86
1 7370
0 34
3 1802 5548 9809
1 9418
0 65
0 75
1 179
0 36
1 1427
0 41
0 13
3 7426 7703 1446
1 6968
0 18
0 64
0 3
2 1792 9380
2 9003 1767
1 6676
5 7853 8098 2997 2558 9404
0 97
0 89
0 46
1 4046
0 65
0 65
0 22
0 15
0 16
1 7877
1 6434
1 825
2 9977 9517
1 267
0 6
0 90
1 7006
1 9996
0 81
0 2
0 2
0 38
0 20
0 72
0 16
1 9563
0 41
0 46
0 72
1 7011
0 36
3 6240 3512 3779
1 7271
0 13
3 6696 4746 9
2 8984 3265
3 8535 8673 3139
0 66
0 88
0 18
0 89
1 712
1 736
0 77
0 56
0 20
1 1325
8 5585 9658 2428 1539 4038 5863 3325 3063
3 4203 6286 8902
0 83
0 60
0 43
0 57
0 70
3 2060 9703 1912
2 9285 9988
0 73
0 5
0 36
0 54
0 58
5 3560 5741 3900 9556 3622
1 4198
0 98
0 33
0 92
2 3732 5671
1 718
0 37
2 6841 9759
1 7110
1 7202
1 5342
0 67
1 5129
4 3665 9288 2759 3651
1 6574
0 79
1 677
0 21
0 57
6 8954 3969 5840 5560 3941 4252
2 6900 8588
0 24
0 68
0 73
1 9952
0 7
2 7012 8370
0 37
2 3468 529
0 54
0 88
1 378
0 47
0 57
3 2373 7393 3975
2 8936 5216
0 89
0 79
2 4405 5663
0 69
2 487 5928
1 6887
0 29
2 98 6081
2 4541 9583
1 7852
0 18
0 52
1 3213
0 35
3 8684 9202 4962
1 3634
1 6640
0 64
1 7836
0 39
1 1910
0 23
0 11
0 28
0 62
0 25
3 9103 3161 8555
0 98
0 78
0 49
2 879 152
0 26
0 95
2 1778 627
0 6
1 7461
1 4918
1 4695
0 49
0 56
1 9822
2 3628 3505
1 1384
1 7648
7 6675 6892 903 8456 9723 1701 9683
1 9157
1 4646
1 1887
1 2165
0 96
1 7349
0 33
0 49
4 3394 5712 9912 1995
2 602 351
0 60
3 5534 1508 3511
1 6692
3 120 5925 8434
0 19
0 13
0 4
1 5759
1 9843
0 46
1 5107
2 241 2236
0 13
0 86
1 2091
0 82
3 9770 4681 8046
0 68
1 8835
0 78
1 630
0 15
0 48
1 7276
0 71
0 97
0 8
4 5406 1221 6419 4179
0 16
1 2215
4 6054 9173 2592 2101
2 5167 7258
0 43
1 548
1 7509
2 8941 222
3 2629 9533 2670
0 23
1 6965
0 7
2 9626 8586
0 38
0 95
1 9474
2 7616 3030
2 6014 3011
0 7
3 4036 4297 3238
0 58
0 14
2 3559 6302
1 7353
0 96
0 21
1 1101
1 884
1 1940
0 3
0 36
1 9188
0 39
0 22
1 6076
3 7192 6188 3966
0 75
2 2930 3001
1 6196
0 48
1 6242
0 35
0 46
0 96
3 3188 7036 7120
0 50
1 4907
0 81
0 6
2 4996 7389
0 16
5 9434 2069 2185 1452 3335
1 968
0 32
2 8417 8279
2 1322 2173
0 82
0 17
1 424
0 1
3 3857 9608 5514
3 6265 3431 212
2 888 1505
0 95
0 66
0 45
1 4154
0 47
1 7750
1 6883
0 33
0 92
1 7216
5 371 3729 831 1868 9369
0 53
0 62
2 1588 6224
0 63
1 6477
0 1
0 32
0 67
4 9738 8896 9375 2327
0 57
1 5555
0 66
0 85
0 20
1 7780
1 4776
2 4694 8975
2 9060 8231
0 7
2 3631 8998
2 5366 8745
4 6700 8885 9021 458
1 7637
0 29
3 7838 2476 5093
0 13
2 8442 3205
2 2332 1623
0 56
2 829 5917
0 99
1 3778
1 7024
0 24
3 3584 732 3214
0 73
0 2
0 82
0 54
0 68
0 55
0 24
0 32
0 47
2 6726 1683
0 73
1 5192
0 76
0 95
1 1918
0 98
0 79
3 7287 865 5921
1 5080
0 46
0 86
1 1956
0 9
0 34
0 10
0 44
0 96
1 9357
1 2513
0 13
0 97
1 1871
0 38
0 66
1 2843
2 4257 4456
0 76
4 7229 5469 3433 4844
3 3361 4614 278
1 2809
0 62
0 1
2 8817 6201
0 26
0 78
0 67
1 9698
1 7959
1 3784
3 4427 3229 6780
0 19
0 51
2 6087 2628
0 55
0 39
1 8144
3 7821 8435 2568
0 67
0 31
0 16
0 94
0 81
5 7279 3678 747 818 5001
0 9
0 18
2 6447 5128
2 7691 9541
0 33
0 36
0 93
0 38
0 91
1 1732
2 1107 3681
0 23
1 7545
2 3429 6253
3 303 6376 3307
1 8958
0 71
1 2012
0 86
1 7737
0 46
3 5525 5007 6701
0 42
0 52
0 15
3 6710 940 7776
0 24
0 96
3 9080 8391 7474
5 4991 9338 703 949 5535
2 4074 6388
1 2701
5 5808 6492 2150 5002 8819
0 92
0 71
0 52
1 4230
0 64
3 755 4385 1664
1 9963
1 117
0 12
0 12
0 14
0 80
1 4892
1 828
5 7980 5626 5149 988 7362
0 35
1 9227
0 67
0 67
1 6865
0 68
0 43
1 3838
2 1928 8256
1 2148
0 61
5 8907 3055 133 6566 3553
3 2043 4392 5010
0 51
1 7085
0 1
0 59
0 80
0 89
0 95
0 10
0 66
1 8043
2 7784 2443
1 4661
1 883
0 6
3 7175 2674 4949
1 1901
1 8339
0 5
1 4213
3 5023 4896 2021
0 31
1 6171
1 73
0 6
0 47
0 16
1 7396
0 4
2 8393 1511
0 70
1 1939
3 589 9407 7005
0 58
0 89
2 1534 6425
1 9360
2 3478 2942
0 88
0 45
0 20
2 8314 3332
0 10
1 3744
0 79
2 228 539
0 100
1 6239
0 36
0 98
2 3508 9000
1 5145
0 42
0 3
2 4604 1642
0 30
0 89
1 8285
0 55
6 688 89 910 3902 6094 2288
0 85
0 64
2 295 4071
0 44
0 64
0 93
2 916 3093
0 95
0 91
0 56
0 5
1 5668
0 40
0 60
2 2180 1040
3 2314 1393 850
0 51
2 2394 72
7 4567 9863 1341 6699 8257 4498 3527
0 46
0 38
0 73
1 9378
1 4259
1 938
1 727
0 81
0 57
0 46
0 70
0 59
0 58
0 84
1 6967
0 25
3 6131 695 4250
2 7967 608
0 77
7 2797 5313 6464 8168 3233 700 8235
1 9839
1 9481
1 1989
0 79
1 7516
0 8
0 99
1 5190
1 9813
2 9906 4402
1 9132
0 53
0 81
1 2561
0 28
1 3088
0 69
1 4366
1 7388
0 43
1 7391
0 78
6 3771 2481 5432 6349 7630 7861
5 7961 6180 1575 8097 3947
6 1666 181 5096 6890 3616 2491
1 959
0 65
0 45
1 5040
0 90
0 89
0 14
0 22
0 51
0 89
2650 3360
1565 4490
6205 282
4025 7503
1049 23
45 4380 5851 8062 9634 62 8342 1547 1575 2161 9566 7530 6606 5314 4393 3559 1807 8460 6791 4620 6540 5654 9166 8780 7337 9999 8166 9049 6977 5751 8638 1793 1060 5934 7493 2811 73 7068 9212 9297 7217 43 3933 1049 2959 5911 649
18 1176 8954 9693 566 6382 5285 5937 2841 7882 193 3938 1139 3169 3598 582 1407 97 1049 7107
4 175 5204 1035 9736 7132
61 4864 6497 4592 7642 2615 4123 6523 1733 6385 3935 7460 2553 8634 2545 2342 4111 2243 5345 9511 1584 9529 7496 3679 4615 8778 6750 5950 175 2436 2272 3258 3954 8191 5799 2273 2831 7667 993 9347 9630 9616 7327 7934 9187 2641 8835 7262 3410 9042 5076 4533 3375 9626 4895 147 6570 5333 3990 1 542 2144 7815
14 999 7999 7863 5888 9090 1468 2272 5439 5190 696 1818 1059 4935 7404 7765
