100 10000 5 5
6980 2235 1118 7026 4663 6270 6709 5608 4576 1484 390 1824 264 7021 7264 3360 8143 5284 2038 4504 9033 8447 1921 5858 5685 309 5851 5816 8496 8842 5736 5952 2322 3002 6497 7306 6136 4871 784 7448 3567 4 331 4464 285 470 2611 2971 3805 3237 5217 8827 7713 7397 5094 4236 3529 2066 2937 6169 9509 1456 282 3546 2762 3222 555 4781 163 3146 3746 648 9778 9059 7762 8394 6297 3781 9708 5295 6304 4814 299 7054 1813 4490 2343 4029 2564 9216 6550 9206 8483 3141 7522 7791 4957 7039 8774 7346 
0 30
0 59
2 3646 1803
5 470 5003 8299 3899 7378
0 21
4 840 9416 8492 7258
1 2781
0 53
1 6421
0 37
0 43
0 72
0 72
0 98
0 55
3 7528 3390 4629
1 6770
2 1192 951
0 2
0 49
0 12
0 72
0 74
5 7838 602 3921 3166 6320
2 9695 731
0 49
0 89
3 4641 7832 93
2 6949 5096
1 9958
3 3551 369 9666
0 94
2 9312 3258
1 7737
0 31
3 6004 349 2674
0 83
2 7337 2871
0 7
0 15
0 72
2 6867 4522
0 58
0 4
2 1652 1653
1 5554
1 7595
0 71
3 9605 1575 4303
1 434
0 64
4 3495 976 7487 2614
2 3436 6465
1 642
0 76
1 4669
0 8
0 6
1 5931
1 4508
1 1562
3 9963 9162 8519
3 3071 6972 2158
0 62
1 2184
2 7037 861
0 92
0 35
0 96
2 5702 1820
2 9941 4076
1 7301
0 7
2 9387 144
0 58
1 4155
3 6826 5971 8733
1 1487
2 5095 8201
0 36
0 3
2 5180 7710
0 81
0 72
0 16
2 2595 1829
0 52
4 6531 8442 3204 7839
2 2909 8205
3 7635 3977 9490
3 2686 286 6095
0 98
3 2582 9341 3148
0 86
2 5158 993
1 4481
0 66
2 9697 155
0 25
0 35
0 70
1 6295
2 9829 3050
0 28
3 8228 8089 9834
1 9798
0 24
2 9063 6863
0 45
4 7426 2927 9217 8277
0 18
1 7761
1 5640
0 27
4 1047 1853 5935 3401
3 7753 6374 8457
0 82
2 1991 7044
0 49
0 45
0 53
6 7923 4834 3807 4306 2298 3362
0 44
1 8896
1 190
4 560 6990 8145 8449
1 5306
0 98
1 2173
1 9840
0 69
0 70
1 122
0 79
0 38
0 37
1 1156
2 3566 9512
0 69
0 69
0 79
0 34
1 113
0 52
0 66
2 3233 7813
0 46
0 51
2 3852 432
1 972
4 1988 3084 3992 1097
0 91
0 2
0 97
0 7
0 33
1 1725
0 29
1 2420
3 4631 2195 5119
3 5486 8621 137
1 5365
1 1010
0 23
0 49
1 7003
1 8883
2 9603 1335
0 65
1 1888
2 7171 6347
0 49
0 73
0 62
1 620
0 73
1 4007
1 5963
1 9426
0 60
0 66
2 982 3775
1 1915
8 7734 9800 6957 3388 2941 6958 8712 1379
0 40
1 6014
0 78
0 63
2 9408 1049
2 2426 7273
2 6656 1262
0 72
0 42
2 1340 5329
1 5872
0 59
0 20
2 6225 6430
0 52
3 2005 7511 9122
3 5384 2734 2335
0 67
0 91
0 94
1 7507
1 1382
1 8529
0 98
1 94
2 7802 3016
1 5837
0 19
1 9157
1 9404
3 4742 5335 7686
2 7089 1750
0 45
0 77
1 5132
2 9950 3354
0 2
2 6077 9392
0 58
0 25
0 12
1 6567
0 41
5 6705 7222 8521 3447 6404
0 65
4 1666 928 4893 8745
0 32
0 23
0 20
0 69
1 1594
3 1832 2684 7625
0 8
4 2385 5408 7672 4617
0 87
0 70
2 1345 1766
3 7721 9475 2551
5 3321 7361 6106 151 6333
2 473 5353
1 5771
0 45
0 36
0 76
2 397 5338
1 2965
0 92
0 33
3 5751 3725 461
1 6975
0 8
2 6730 2957
3 5966 9032 5234
0 50
0 65
0 91
0 1
4 1222 6700 444 7254
0 25
6 8143 8447 5858 8810 9411 4087
2 1601 3923
1 4571
0 94
0 51
0 1
2 9674 5536
2 797 2580
0 49
2 7386 7993
0 81
0 44
0 25
2 2009 6310
1 2100
2 5832 2412
3 2281 5051 9889
0 26
6 3746 9778 907 398 8965 325
1 9685
3 7746 75 7977
5 126 7893 5403 3424 4253
0 87
0 94
0 2
0 55
0 48
0 16
2 3659 218
2 2921 97
0 57
1 9457
1 1304
1 8991
0 6
2 9130 4062
0 88
0 41
0 71
2 8114 2236
1 4751
1 6332
1 1452
1 453
1 6475
6 8387 846 2633 2806 4840 237
2 9455 5569
0 94
0 46
0 20
2 3274 5331
3 6498 3826 2288
0 91
2 3470 5127
1 1041
2 1561 8331
0 59
0 93
1 3650
0 79
0 99
0 58
3 1908 5488 5129
1 8748
1 7133
0 9
0 45
6 2937 9509 2626 9761 6445 8604
0 46
0 30
0 79
0 30
2 333 350
1 3426
1 9688
1 2834
1 2585
0 57
0 13
0 93
0 86
1 727
1 1249
0 81
0 30
0 22
0 61
0 13
2 4772 1939
0 32
2 9626 5196
1 5147
1 7529
0 69
1 9413
2 8567 6521
1 4454
3 9677 1367 2168
0 86
2 2458 6932
0 57
1 3005
0 59
2 3442 2382
0 11
1 2798
0 49
3 2498 8772 7781
0 49
1 5907
0 43
2 387 3636
3 8152 3595 4845
2 4659 9982
1 7797
0 55
0 48
0 74
1 7717
1 6947
1 8626
6 4869 2373 2204 5833 6459 8657
0 17
0 77
0 7
0 2
6 7918 843 997 3510 523 1177
4 1252 6894 9360 9272
4 8325 2287 1191 3469
0 23
2 2947 3630
2 2150 3059
0 3
0 61
3 8629 9640 1472
0 48
2 6876 6311
1 9155
1 8005
0 98
1 6920
2 280 6663
1 6915
1 5035
1 7742
1 5793
0 9
0 86
4 3378 1233 5875 4305
4 5940 9675 7151 5733
0 10
2 7430 8248
0 5
7 2211 5375 5672 4255 9827 7587 975
0 59
3 9004 3421 6321
3 9767 8930 1368
1 3263
1 3913
2 7953 4009
1 6113
0 84
0 59
0 47
0 92
0 85
4 6477 8019 945 9282
4 2904 1548 7242 5654
0 4
0 16
2 5897 5625
1 5617
2 9262 1755
4 1144 9269 4546 7946
3 6871 9727 6842
0 92
1 498
0 41
0 6
0 26
1 7334
0 17
1 6115
0 69
1 8343
0 6
0 73
0 76
0 14
2 6322 5558
0 7
0 98
2 91 4329
3 2919 4284 3170
0 59
0 83
1 8939
0 65
4 1285 8283 8256 145
0 46
2 5637 720
1 1565
0 44
2 3861 5194
1 3611
0 44
6 4236 5561 7968 3767 5797 5253
0 61
0 82
5 1221 8686 1440 7944 3157
0 81
1 4059
0 84
1 7569
1 7516
0 1
0 7
0 33
1 5740
0 39
1 3901
0 47
0 78
1 8209
0 55
2 2677 6533
0 83
4 5794 5042 4791 897
0 100
0 96
0 18
0 98
1 6388
0 83
0 39
0 29
6 1130 7280 1770 6726 1934 575
2 934 8154
3 5328 8098 6725
0 21
4 240 8494 1267 3144
0 47
1 7779
0 61
2 3257 6845
0 98
1 8069
2 9917 4517
1 7069
1 3323
0 61
0 85
0 56
0 24
6 8764 9891 1242 7927 9462 4078
0 11
2 5550 964
0 61
0 5
0 6
3 8583 9126 6049
0 94
0 1
0 9
0 9
1 7754
4 6505 4995 3165 2318
0 10
0 39
0 67
0 8
0 97
1 8505
4 5033 8838 6410 1893
0 13
1 3112
5 7087 5665 2783 2959 1889
3 3580 711 3169
0 95
0 79
0 79
0 3
1 132
0 57
1 2398
3 7888 9202 9024
1 9273
1 584
0 44
4 7542 236 5205 4728
0 25
5 5741 6398 511 2091 6065
1 6206
0 30
0 37
8 6695 6364 6051 5103 5670 9819 1844 9481
0 4
1 1605
2 9286 7976
0 27
1 9242
0 59
3 5497 4478 2744
1 3912
0 60
1 7837
2 864 2031
0 25
0 57
0 57
0 52
0 61
0 93
0 1
0 15
0 13
0 9
0 56
0 16
0 1
0 15
0 26
1 2475
5 1688 8060 4387 5101 3076
0 13
1 7140
1 5817
5 9197 777 2535 3467 6788
0 25
5 2277 3629 1848 8327 5703
1 8007
4 8562 5223 3627 3825
0 68
2 6268 8306
1 874
0 37
0 29
0 38
0 5
0 40
0 54
1 3269
0 47
5 4428 2403 9644 4715 6786
0 89
1 1018
0 98
1 3647
0 64
1 3106
1 269
1 9368
2 242 6717
0 15
1 8739
1 7016
1 5327
1 7548
0 61
1 1109
0 58
0 61
5 2505 8210 2964 7351 1071
1 4445
1 6315
0 62
3 9292 7751 3244
0 20
5 29 7025 437 6460 2037
1 5443
3 8987 1906 65
0 77
1 4040
0 11
0 92
0 8
0 69
0 49
1 7558
1 9117
3 1581 9500 1729
0 51
4 8970 3013 1965 9456
0 49
3 1607 541 5175
0 85
0 79
0 21
0 35
1 7462
4 6817 9052 1828 6195
0 84
0 39
4 2534 3158 9863 4679
1 9145
1 9763
0 55
3 9045 9131 1116
0 81
0 86
1 1302
0 80
0 46
2 225 6861
0 58
0 100
2 6965 5559
0 90
0 24
0 24
2 8894 7925
0 84
1 8754
0 53
0 47
1 7011
0 99
0 95
0 5
0 5
0 12
0 9
0 75
2 3159 8665
4 2563 8342 7848 2460
3 88 2134 752
0 6
2 9997 4792
0 51
2 2079 8511
2 1260 9050
0 16
0 85
0 82
0 68
0 96
0 12
0 77
0 56
1 9787
0 44
0 94
1 5571
1 1357
0 13
0 52
4 7240 2592 6733 7844
0 55
0 22
1 8797
1 1640
4 4882 352 5467 2631
1 7725
2 3408 9655
1 2814
1 1958
0 86
0 29
1 610
0 24
0 84
0 92
0 37
0 95
0 31
0 54
3 8906 3830 4456
4 3443 7970 6809 8763
2 4887 6849
0 57
0 52
1 9870
1 9220
1 9409
1 6727
0 15
1 8112
0 3
3 7000 4650 7847
1 4249
0 26
0 78
3 2588 121 8263
0 56
1 6112
1 8459
2 2361 6626
3 967 25 7767
0 26
0 39
0 5
1 195
0 91
1 6084
0 64
2 9713 4397
0 2
0 23
1 8601
1 3140
0 6
0 48
0 27
3 9016 5509 494
0 3
0 16
0 96
0 33
1 2430
2 4578 3400
0 43
0 3
1 4263
1 3294
1 5427
3 6265 1870 4813
0 26
0 40
0 80
0 87
11 9059 9216 4736 9115 7100 8292 4513 2907 670 8703 8861
0 85
5 2231 5869 1914 1744 1777
1 576
0 96
0 98
1 5619
0 9
0 59
2 6500 5272
1 7583
0 45
1 6527
3 6609 8852 4044
0 60
0 96
3 3936 5023 1298
0 30
2 7663 3364
0 78
0 51
3 4363 3000 719
0 98
6 5531 1736 5514 9028 650 789
2 1364 774
0 94
0 90
4 7722 7678 7931 2787
4 3771 4778 3553 4911
2 7267 2120
0 21
2 2317 9444
0 68
2 7614 3357
2 7389 3320
3 2656 6721 4577
0 14
0 81
0 99
0 9
2 7696 7603
0 67
0 62
2 5954 6941
2 5949 9476
1 1520
2 735 8901
2 4573 3663
5 8553 2423 5152 4063 2271
0 19
1 9864
0 52
0 71
3 7109 6783 66
0 98
0 43
1 9072
1 9871
1 9835
3 9643 1927 8870
1 829
4 124 4624 1634 2903
3 9307 200 2408
0 90
0 44
0 63
1 8976
2 1763 3116
3 9516 8536 7266
0 1
0 42
0 89
0 93
2 8845 1907
1 7814
0 4
1 8250
0 77
0 51
0 83
1 6901
1 8468
5 1715 1724 9154 7392 41
1 6104
1 1423
0 12
0 15
1 3241
0 90
1 8616
0 28
1 9649
0 16
1 1410
0 41
0 60
4 487 1412 2720 873
0 33
1 419
0 75
0 18
2 5263 4539
1 8261
1 96
2 3176 3046
1 2040
2 4028 7331
4 714 9322 110 6539
3 4124 4605 5521
1 8863
0 19
6 3239 9421 4251 2553 9150 824
1 8947
0 1
2 3618 776
0 40
2 8530 763
0 79
0 77
3 6966 2960 9215
2 6028 3759
0 68
2 1787 2124
4 9782 1064 7287 6828
0 34
1 7626
3 3672 3077 7262
0 74
0 27
0 40
1 5895
0 41
2 5495 131
5 4276 7219 8982 2316 2992
0 21
2 4348 1314
4 644 4373 2099 7780
0 61
0 44
2 8837 9691
0 72
2 2520 2302
1 1279
1 4787
0 99
3 5695 3942 5116
0 99
0 51
0 73
2 5056 7114
0 22
1 157
4 8 6125 9066 3881
0 13
0 12
5 464 8634 6126 427 1611
2 2130 3356
1 799
1 6959
1 5112
3 5936 773 3990
0 63
4 2417 7483 3632 7778
0 50
1 3317
1 5890
0 54
0 79
0 68
1 8338
0 57
0 52
0 16
1 9266
1 9656
1 3651
0 2
2 8590 2155
2 2244 4001
1 3255
0 13
0 22
2 8507 5984
6 8096 6627 2189 7788 7759 6121
0 58
1 6754
2 3895 9875
3 5345 1628 5322
0 12
0 97
0 84
0 46
1 399
1 9524
5 3143 2424 3508 926 6302
0 29
0 13
1 4100
0 56
0 3
0 40
0 47
0 48
2 1269 223
0 14
2 3540 8801
0 18
0 92
0 34
1 7224
9 5104 6910 1716 9960 3858 2527 2376 9667 1758
0 29
0 44
0 41
0 35
0 1
0 42
0 7
0 85
0 91
0 28
1 3416
3 3429 3179 8684
0 83
0 39
2 5478 2805
3 1837 8345 6891
4 4984 5581 7810 474
1 979
1 4022
1 8966
1 5781
0 11
0 29
0 78
1 9396
0 33
1 6630
0 68
0 19
1 6616
0 98
3 8619 8759 4020
1 3925
0 53
2 5529 8881
6 4260 9470 9617 2480 8640 4485
0 28
0 90
1 8161
0 97
1 4125
0 31
0 96
1 5806
0 52
0 67
1 3839
1 2156
1 1672
0 17
0 55
0 31
2 8497 6708
0 80
1 6443
1 3982
5 6764 9993 2039 7446 4615
0 76
0 78
0 43
0 69
0 90
0 14
3 405 8028 5882
0 55
1 8979
1 9604
1 8978
0 77
4 2573 5580 6272 1583
6 2035 5287 4979 3615 1014 1912
0 58
0 32
2 991 2172
0 40
0 49
0 20
0 6
2 672 1081
0 94
0 31
0 81
2 818 1563
2 6353 9742
1 7137
0 30
0 10
1 8266
0 99
1 8889
1 1027
1 9506
3 2198 9805 7615
1 9258
1 1446
0 5
1 1580
1 3129
0 33
2 637 8425
0 17
1 8211
2 3384 1949
0 56
3 7174 2474 8027
2 1823 9020
0 78
0 64
0 21
0 37
0 19
1 3253
0 17
3 4408 6759 9600
0 87
0 96
1 1334
0 29
0 66
1 5613
1 8718
1 8933
1 3066
11 7026 1824 7264 784 2343 8453 4272 6807 7128 3884 7840
1 6525
0 79
1 3515
1 3331
0 71
2 9452 3133
2 4068 5568
1 5819
0 33
0 32
1 9694
1 8391
0 95
0 33
0 96
2 9359 5
2 9031 9253
2 2837 596
0 74
8 6996 6414 5829 4818 6099 4640 8892 2669
1 1741
1 5710
0 13
1 7958
1 5187
3 8826 9985 9468
1 2952
0 44
0 82
0 60
0 60
3 842 4065 8599
0 94
7 5313 9707 4364 3550 3922 6796 1036
0 32
0 7
0 60
0 62
0 20
0 50
0 58
0 78
4 5725 9374 5257 3710
1 5690
0 67
0 96
0 49
3 8137 916 544
0 50
2 8569 3628
1 3691
0 12
2 6066 519
3 9308 4645 6073
0 40
1 8388
0 40
1 4838
1 2326
3 4006 3478 4484
1 4972
0 90
4 8551 4920 2076 3814
0 3
1 3139
0 83
0 44
1 4542
8 2042 4607 2310 7030 5385 3609 1008 514
0 73
0 71
0 39
2 1227 9614
1 1625
1 2131
4 3475 1444 853 8238
2 2820 7659
0 86
1 4262
0 100
2 6973 7790
0 71
0 32
0 70
1 8576
1 9807
3 8936 452 641
0 74
5 3917 881 6181 685 8433
0 80
0 24
2 5944 9345
0 91
1 5212
0 66
4 8197 7897 2802 5540
1 4266
3 2351 4713 4815
4 9900 4962 458 8341
0 36
2 8130 3526
6 3518 8422 4193 7190 7353 7387
0 68
2 9487 3730
1 5255
2 9370 7868
2 9144 9466
2 8476 5997
0 37
0 33
0 80
0 56
0 97
0 54
0 52
0 39
0 3
1 1283
0 69
0 56
0 99
0 97
0 37
0 32
0 29
0 13
2 2402 4950
0 54
0 43
1 2023
0 50
1 20
0 80
3 9108 6922 6059
2 7117 7183
1 1246
3 3995 4743 2313
0 36
1 274
1 7823
4 9389 307 6615 5812
2 7632 142
1 6352
0 77
1 8998
2 3430 1981
5 8050 9073 6033 8742 8279
0 33
0 69
1 8479
2 9169 4240
0 64
2 5628 8058
1 4785
3 2237 9138 5089
1 9427
0 47
6 2537 7599 3372 5405 2565 221
2 2746 4890
3 3097 1332 7889
0 28
0 83
1 8324
0 93
1 5344
3 6602 9482 3863
2 9222 4254
0 73
1 2082
0 98
3 6131 6512 5463
2 8016 1830
1 5065
0 55
0 6
1 6479
2 4024 1916
0 33
1 5868
0 47
0 74
0 90
5 6856 4538 1808 3631 7803
1 1732
1 3856
0 47
1 254
0 50
1 217
0 5
2 4351 2478
2 8595 4643
1 1453
1 9018
0 96
0 91
0 43
0 100
0 89
3 5470 4494 9087
5 4465 2968 1351 8418 1020
0 48
1 3911
0 79
0 61
1 8821
0 73
1 914
0 46
0 88
3 8737 6914 8291
2 9445 1790
0 20
2 5788 4935
1 8866
0 65
1 8689
1 5906
1 8491
1 9977
2 1208 1793
0 80
2 2033 1695
1 4515
0 19
1 185
2 2177 5961
2 6945 2212
0 26
0 54
6 4073 5551 7275 1094 1659 5396
2 2401 6418
2 222 3115
3 4541 4902 1714
3 3543 3337 9330
1 9339
0 20
0 1
1 3664
0 79
0 61
2 5028 6362
4 1527 6812 8924 6955
0 73
3 689 4655 7193
1 4309
1 7046
0 73
0 83
1 7627
5 3365 1380 6158 9200 8938
1 3860
1 9176
0 68
1 1558
0 36
0 35
0 66
5 1277 3102 302 2703 7365
2 6264 6053
0 85
0 44
1 2920
2 1530 9022
4 2883 8372 7108 4701
1 9017
0 29
2 7798 9879
0 35
0 88
1 3047
2 8087 8230
0 38
0 97
0 62
0 24
4 8381 6818 6208 2801
0 28
0 5
0 98
0 91
1 5780
0 86
3 2594 6625 6266
3 1746 5671 3954
0 10
4 1694 9380 1439 4901
1 6950
0 38
0 43
0 55
1 7135
1 5939
2 5024 8272
0 29
0 19
0 7
1 9683
2 7041 468
1 9204
0 8
1 701
0 6
0 91
1 2389
0 64
1 9332
0 75
1 8157
1 8302
0 70
2 3991 5834
0 14
0 100
1 3188
2 4283 198
1 1471
1 7898
3 4112 1315 4874
0 7
2 9734 8160
0 21
0 98
1 3573
3 3587 9379 3087
1 433
0 91
1 5447
4 8072 5061 4191 2877
0 2
0 80
0 95
0 37
0 49
0 24
1 3959
4 9002 2265 5063 608
9 5753 9866 2745 674 2251 6740 807 5444 4999
0 24
0 85
0 20
0 96
1 4964
2 4149 7063
0 20
0 78
1 5917
1 7374
0 30
3 327 9414 2926
2 5591 9987
0 86
0 62
1 7349
1 614
0 55
6 530 3361 2383 6628 3602 5110
0 74
0 40
0 9
0 32
0 85
3 4392 3873 1218
7 6637 9821 7369 3765 7061 7732 1202
7 4069 9926 6982 1624 6286 2321 726
4 7039 5981 8460 6008
3 1842 9774 7975
0 96
0 31
0 54
2 8498 9936
0 41
1 5802
5 4050 5062 4829 536 3745
1 6640
2 7005 516
1 9241
2 4198 6191
0 44
0 95
0 13
0 19
2 8216 8528
0 70
1 2414
1 257
0 26
0 14
0 21
4 4996 3694 4145 7907
2 4111 6638
1 9227
0 91
0 45
3 3379 5849 2002
0 98
0 12
0 91
2 6690 8915
0 65
0 67
0 11
0 21
4 8214 8648 4328 4801
0 45
1 3412
0 79
3 707 7172 8234
0 2
4 3670 8568 4208 7881
0 4
0 79
0 2
0 88
0 97
0 19
0 65
0 72
0 92
5 9088 3062 6089 9237 821
0 86
0 81
1 2596
0 18
0 25
0 11
2 1876 2577
2 1500 8566
0 81
1 2208
2 3644 9978
0 5
0 51
1 4789
0 74
2 423 8535
1 9440
5 524 7014 4697 8014 2694
0 59
2 1024 6485
0 53
0 54
0 5
1 3181
0 60
1 3085
2 4708 3953
0 42
2 2254 1935
0 54
4 841 5350 3714 5718
0 66
1 3721
0 82
2 2717 3829
2 388 3847
0 71
1 4649
1 4098
0 72
0 86
0 99
5 7292 4174 8734 6486 5154
0 75
0 89
2 3355 6970
0 33
2 7323 9385
1 3156
0 40
2 323 7651
0 52
3 1702 6787 2095
0 54
1 2823
1 1570
1 1535
0 68
1 9759
0 92
0 67
2 2817 9310
0 12
2 6718 5186
4 3941 2658 9141 6645
0 13
0 39
0 19
5 9550 8071 2162 4413 7669
0 55
2 2064 1940
0 20
0 16
0 91
0 31
0 81
1 5629
3 6499 9099 2185
0 34
0 62
1 9027
0 12
2 1403 4550
3 3125 6134 4564
0 71
2 4824 6865
0 30
1 9152
0 91
0 53
2 1135 1852
0 29
0 49
0 90
0 38
0 98
1 485
1 705
0 33
0 91
5 4204 9731 6135 1897 1891
2 6146 2978
0 87
2 5448 5962
1 2929
0 54
0 53
1 2701
0 63
0 50
1 1404
0 23
0 84
0 94
0 72
0 100
0 92
0 4
0 98
1 9156
0 44
0 75
0 90
1 1122
0 33
0 28
0 87
2 6476 6010
0 67
3 1503 2056 1698
1 9142
0 30
0 43
1 8092
0 21
1 4833
1 1399
0 37
2 443 8398
1 1826
3 2542 764 1123
2 4758 5566
0 54
1 7628
0 69
1 5369
0 53
1 7450
0 3
0 44
0 81
0 51
0 90
0 70
4 3449 7400 4966 9747
1 301
0 55
4 304 5827 6632 6522
3 8715 3249 1759
0 46
0 2
0 79
1 5315
3 1735 7515 4217
0 90
3 4779 3297 3422
1 4492
4 4548 8589 756 746
0 66
2 4547 8011
2 8493 1098
2 1337 1102
0 25
1 5755
8 4432 5894 1383 5713 9669 3726 4360 6198
0 7
2 2610 1271
2 4477 9591
1 4425
2 6572 1213
0 15
0 79
2 3074 7735
1 4929
0 55
4 1178 3894 3940 7739
0 5
1 3381
1 428
3 8304 8484 2593
4 6044 3093 499 9537
1 9331
0 18
0 2
1 3717
2 680 849
1 5130
1 3295
1 600
1 4002
0 86
2 8636 6380
0 89
1 460
0 58
1 2352
0 60
0 64
0 93
0 16
0 14
2 9984 8558
0 87
1 4150
0 39
0 48
1 606
3 4793 3658 9619
1 3789
0 26
0 56
0 11
1 9499
0 16
3 8659 481 2513
0 48
1 5707
0 58
0 47
0 51
0 48
0 76
0 56
4 3145 7408 5519 9791
0 45
4 7456 7588 4337 8825
0 47
1 3824
0 95
1 6463
1 6390
3 9781 4763 9552
0 53
0 53
0 49
1 9818
2 8943 365
0 90
0 89
0 62
0 53
2 2657 2238
0 32
0 91
1 8312
1 4770
1 2675
0 94
1 178
2 8752 7102
6 2946 4630 4156 4638 7178 3056
1 8335
0 59
0 67
1 8367
2 2888 9924
0 72
1 5332
0 97
2 2192 1504
6 3043 2279 8012 2556 9885 1931
1 4613
1 826
0 58
4 3581 2843 7415 2606
0 69
0 33
0 75
1 4316
0 14
1 6598
0 54
3 5616 220 1554
0 28
0 61
7 9033 309 4464 6550 3141 417 5775
0 25
0 31
1 447
0 61
0 19
0 50
0 59
1 7097
0 75
0 27
1 6199
0 46
2 6634 5770
1 3346
0 94
0 98
0 3
1 1671
2 960 6038
0 90
0 18
3 2509 1150 2945
0 4
1 5603
0 46
3 1740 9355 3845
0 68
0 12
0 28
0 88
1 5805
2 4245 9954
0 42
1 9418
3 4970 4958 6411
2 6929 2540
4 7724 5200 7809 5699
0 45
1 7163
0 82
0 57
1 4192
3 6911 3226 8781
1 6478
1 652
1 1013
0 42
0 96
2 7607 4172
0 73
0 86
2 382 5856
6 7644 6114 1809 8393 3516 1788
2 5562 5280
0 41
0 60
0 93
0 53
0 66
0 70
1 4851
3 4853 6948 5012
0 95
1 4849
0 84
0 57
0 37
0 90
0 73
1 7420
3 7146 6743 6549
0 4
0 70
1 643
0 30
0 56
2 478 50
5 1157 6866 691 2862 5691
1 9567
1 7394
0 62
2 9113 9572
1 4322
2 6968 3633
3 1948 742 1705
0 84
3 4733 4256 2608
0 98
2 2810 6336
1 6590
0 85
0 79
0 17
0 49
2 1818 6261
1 6885
6 5685 5736 9325 2668 3308 6345
0 55
3 6035 1038 4934
0 83
0 36
1 7243
0 91
5 4757 2906 3681 5278 1322
2 5737 8414
0 87
0 21
1 3461
2 5199 9338
1 3764
0 22
2 762 4225
0 53
0 47
1 246
0 8
0 34
1 710
1 3491
3 6092 7284 3532
1 3484
0 1
0 48
2 1259 980
0 20
0 11
2 7085 4122
0 63
2 7880 865
0 41
1 3103
0 29
0 1
1 4582
1 2935
1 8257
0 8
1 4232
0 12
2 1069 4928
1 2013
0 76
0 14
0 41
1 7524
1 2638
1 3024
1 5380
0 11
0 77
0 15
3 4952 9915 4447
1 1584
1 4811
0 19
1 362
0 59
3 1254 3705 9739
0 31
0 84
2 6326 106
2 5093 1590
0 47
1 8009
0 97
1 1817
1 9777
0 63
0 37
0 13
1 8912
4 5016 78 4776 6235
0 27
0 2
1 8649
2 1112 7876
1 2166
2 2662 3493
3 1747 6501 1599
0 91
2 4393 2541
0 85
1 5142
0 6
1 1869
1 4096
5 4604 2586 6294 1418 8828
1 9174
0 93
0 34
1 8434
0 43
1 3403
0 91
0 25
3 7191 7992 10000
0 62
0 71
0 63
2 3161 6906
1 3153
0 32
1 7622
1 5720
0 55
1 5261
0 81
2 7571 6219
0 45
3 3277 7539 2107
3 3806 5099 1498
0 53
1 2419
7 8454 6564 8082 4982 4859 3785 7687
3 4297 6087 896
1 6252
0 80
6 1843 8538 6766 8051 2680 2561
0 38
1 1401
0 54
0 59
3 805 2495 2531
1 8612
0 15
1 129
0 29
0 56
0 52
0 86
0 54
0 80
0 74
1 771
0 68
0 91
2 1119 1110
2 5762 2044
0 61
0 79
2 9888 9822
7 3146 5281 5267 5585 5432 2394 9383
0 34
0 86
1 6058
1 9625
4 540 6736 879 4525
2 2259 6284
1 2757
0 61
0 38
2 675 509
2 8178 2004
0 50
0 85
2 1754 9719
2 9164 6724
3 6683 9897 3801
0 8
1 4495
2 3744 3831
0 100
3 1582 1420 7182
4 6877 4049 305 8044
0 21
4 3768 9699 6273 9075
0 2
0 93
0 98
4 7091 1384 6407 2884
1 985
1 3433
0 17
1 4449
0 53
0 80
0 35
0 54
7 8352 3189 1268 9981 3025 1794 6337
0 71
0 93
2 4563 4626
1 6752
4 5956 8951 9104 8135
0 31
0 13
2 6124 5133
1 3079
0 21
1 208
4 5503 9676 166 8244
2 5358 9084
0 32
2 9823 3446
0 55
2 2247 5169
1 3344
2 9650 1966
1 785
0 26
1 1017
0 87
1 8298
0 42
2 3605 4524
0 73
1 6633
0 59
0 53
1 5098
0 98
0 42
0 35
2 2029 2327
3 1009 6316 3880
0 18
0 89
0 19
1 5162
0 100
1 2931
0 78
0 22
2 5574 8206
0 37
1 579
0 7
0 6
0 97
2 5974 4777
2 8564 59
1 7690
3 2993 5941 1054
0 18
0 38
0 75
1 1847
0 6
0 98
0 52
0 9
0 12
0 22
0 49
0 28
0 96
1 5015
0 45
0 78
0 30
2 9128 5423
5 262 9887 9248 9730 4680
1 1406
0 14
0 15
0 47
1 6832
2 2712 931
4 9696 7774 5170 3279
0 43
2 4247 2163
1 8055
0 69
0 60
5 2182 3370 9654 965 5100
0 93
2 1353 2142
1 1355
1 7217
1 7299
0 30
0 42
0 9
0 97
1 3915
1 7988
4 4314 1106 8109 342
2 7018 3298
1 5404
3 5125 9301 4138
4 4896 8575 263 532
0 81
0 85
0 83
0 14
1 6143
2 6246 2020
0 46
1 389
0 60
0 6
0 6
0 52
2 1619 26
2 4828 3042
0 81
0 38
0 74
0 5
1 9712
2 2019 6137
2 2679 3804
2 1133 9388
0 12
0 9
0 57
2 3703 8353
4 5716 2949 8527 5656
0 3
1 4575
11 4576 4871 7397 4781 5273 4093 3194 9209 4099 1722 6052
1 2687
2 1124 7597
1 8402
0 35
0 78
1 1593
0 22
0 36
0 73
3 7639 4670 7577
0 81
0 92
0 23
0 52
1 4205
5 8914 9679 8808 2653 9171
0 53
1 8961
0 89
0 18
0 76
2 8419 4875
2 4326 2178
0 87
2 4937 2365
2 2848 7423
6 5840 5824 383 467 4051 9595
0 94
1 2167
2 6174 5576
2 1343 8067
5 3171 2154 796 9532 4632
1 8232
0 19
0 4
0 49
1 3939
1 9435
0 90
0 25
1 3898
0 8
1 729
0 13
1 5686
1 6562
4 8848 5965 9544 5814
1 2448
0 92
2 9815 6862
1 5592
1 4315
1 9721
0 40
0 68
0 82
4 4228 1886 7912 6504
0 81
1 6668
0 41
2 1488 6798
6 1138 630 7130 9329 1781 2053
3 7910 6917 493
1 442
0 93
0 98
0 48
3 3369 7581 1999
0 81
0 7
0 63
0 59
1 1743
0 79
2 1258 7783
0 91
0 88
1 4200
0 58
2 1833 3727
1 3192
0 62
1 5354
0 66
0 47
1 3010
3 2971 549 4593
0 56
0 33
0 89
0 77
0 62
1 6307
1 8503
0 85
0 7
0 5
1 4430
0 37
0 30
0 38
0 86
2 6657 8682
2 5044 9920
1 8550
0 21
1 9942
3 8192 559 6441
0 4
0 100
4 1526 981 3749 7956
5 8337 3225 6629 9692 2790
0 83
0 49
0 82
0 99
0 90
0 27
1 5800
2 133 5504
0 80
2 2847 4586
0 100
0 90
0 29
1 9594
0 68
0 88
3 1898 7489 5045
0 20
4 1734 4821 695 6381
1 4140
1 2128
0 79
0 11
0 75
0 89
2 5678 4493
0 68
0 6
1 2491
1 8452
2 6389 8177
0 55
0 59
1 2786
3 5776 8989 9029
1 9010
1 1654
5 2034 74 817 3001 9124
0 22
1 1525
1 3503
0 47
0 28
0 30
1 3548
0 62
0 12
5 8015 6083 5643 7308 5649
0 50
0 13
1 9631
0 54
0 40
0 43
1 4637
1 3352
0 45
0 72
0 85
2 9494 577
1 8151
1 1648
1 6952
0 79
0 79
0 17
1 7045
2 9814 9951
0 13
0 71
0 51
0 94
2 7987 5700
1 2258
0 82
1 2536
1 6120
0 51
2 8231 958
3 7406 7019 7605
3 5120 5542 7552
0 92
1 9844
1 6843
0 69
4 9096 5397 2054 7879
1 8540
1 2133
0 32
1 368
3 3504 3916 6644
0 16
1 5679
1 5958
0 70
1 6269
1 8584
1 9705
0 58
0 25
1 5437
0 84
1 3261
0 73
0 85
0 12
0 71
1 8403
1 1171
1 9327
0 89
0 13
0 32
0 58
1 3334
4 9944 1821 292 7205
1 5126
3 5429 9903 760
1 102
0 2
1 7624
0 100
0 89
3 8615 4115 5615
2 8580 4734
0 62
1 7856
0 89
0 10
1 7553
1 521
1 7743
2 1493 1658
2 5210 2454
0 75
0 41
0 63
1 7865
0 52
1 3150
0 46
2 8805 5496
1 6660
0 58
0 91
1 6912
0 65
1 2324
0 77
0 90
5 8628 3707 3623 7940 4176
0 99
1 2200
0 20
0 8
0 67
0 6
5 9450 8923 860 1974 4536
0 80
1 8309
3 5418 7994 3711
2 5994 8675
1 922
1 1237
5 2346 7428 3127 6293 6282
0 10
1 7942
3 3565 9316 592
1 4177
1 6013
0 91
0 97
0 27
2 3996 7154
2 7121 3208
5 5064 1113 4760 9136 4888
0 21
1 3522
2 138 1015
1 5220
2 9564 7320
1 6006
0 62
0 75
2 2589 9060
0 92
1 5476
0 27
1 2879
1 8455
1 197
4 4807 769 3800 204
2 4470 4355
0 86
2 1325 1645
1 4723
0 15
2 5924 5227
1 6365
0 81
0 95
0 38
0 91
0 54
1 8876
1 3549
1 5878
1 2074
0 58
0 20
0 98
1 7665
0 41
0 48
1 2286
3 9908 3624 8798
3 7631 7169 4881
1 3920
0 38
4 9139 318 2213 8804
0 99
0 93
0 79
7 9557 3121 9750 8328 4407 8037 4696
1 6248
5 6882 6082 5178 6150 9873
0 36
1 9221
1 8426
0 18
0 48
0 39
0 87
1 3865
2 2664 6858
1 4951
0 3
0 82
3 4377 1045 1989
1 1502
0 81
2 1805 4184
1 941
1 4289
0 4
0 41
1 7120
0 24
0 98
1 3319
4 802 8851 7313 5938
0 90
0 24
0 24
2 952 8149
1 9011
0 29
5 1996 6962 4987 9658 9352
1 2418
0 37
0 44
4 4142 7887 5942 6344
1 8885
6 5217 7346 4378 4731 3799 4419
0 93
2 1814 9673
1 4674
3 1859 5318 3600
6 5106 9037 9966 875 7688 4410
1 3300
0 94
1 7517
1 585
1 9254
3 6233 5419 4181
0 46
0 96
2 1430 1224
2 5230 5609
2 1764 1646
0 82
1 4003
0 6
2 402 5746
2 3528 8727
2 1849 1521
0 36
0 40
1 1767
0 70
1 5870
0 82
0 14
0 41
0 70
1 3519
0 12
0 49
0 63
0 71
0 84
1 8674
4 6292 5321 2766 4690
0 17
1 5578
3 1919 9923 9448
2 5565 6619
0 46
1 3326
1 7079
1 9859
0 13
0 88
1 3290
1 107
0 1
0 7
0 62
2 68 1199
1 9946
3 2625 6739 3120
0 50
0 18
1 7606
0 76
0 60
0 48
0 51
4 4860 9349 4291 7556
1 9082
3 1779 9513 2214
0 86
0 12
0 37
0 40
0 23
2 5026 9146
1 7129
0 49
1 2057
1 4552
0 56
0 84
0 90
1 8766
0 23
2 9911 4867
0 42
2 1553 176
0 5
2 8518 910
2 4365 6086
1 3041
0 72
4 7485 3706 4423 5943
0 99
0 29
0 32
0 54
1 2984
1 8365
0 9
4 3147 7098 1571 984
0 29
0 48
0 86
3 4357 962 8646
0 74
2 5445 7251
0 28
1 5027
1 9874
1 6289
0 10
3 2496 933 6528
2 7562 5434
4 2061 1350 755 9534
0 70
0 54
0 53
1 7464
1 2289
1 5399
0 52
2 870 4924
0 89
0 100
0 99
1 7585
0 66
3 566 9423 5822
0 78
0 25
0 42
0 23
0 44
0 25
1 6622
0 58
0 39
0 28
1 9319
0 63
0 67
1 4153
0 28
1 5589
0 100
1 3938
0 8
0 62
1 6400
3 9638 8280 9810
0 91
7 4029 5248 732 1596 2378 6837 2119
0 14
2 621 1131
0 71
1 4509
4 3560 9103 831 2649
2 7933 6030
0 28
1 4975
0 34
0 84
0 65
0 25
3 5032 4988 8572
4 4201 6453 5855 7561
0 24
0 93
0 22
0 95
0 59
0 87
1 2272
0 79
7 4686 7208 5446 520 4052 8814 1786
0 91
0 46
2 3380 8408
0 2
1 7478
0 99
0 26
0 84
0 91
0 57
0 54
0 60
0 62
0 29
0 38
0 32
2 7433 3262
1 2358
2 9858 6831
1 2737
3 5783 1370 23
0 23
0 79
0 30
0 58
0 53
1 4549
1 3027
0 9
0 92
1 3445
2 484 1990
0 24
1 9601
3 112 1186 4070
0 71
0 58
1 4012
0 16
3 5266 6027 277
2 7850 9005
0 58
1 1857
1 9932
0 28
1 4585
0 83
0 61
0 48
0 64
1 2331
0 69
0 62
0 11
1 3576
1 4587
4 5916 5269 6029 6338
3 3637 4580 5002
1 2362
3 2303 3333 9586
0 98
0 67
1 1100
1 6742
0 89
0 49
3 3968 9624 7908
1 1751
0 90
1 1480
2 2030 3617
2 6240 2713
2 3068 1175
1 8608
1 921
2 1445 7758
0 22
3 8284 2388 1980
1 7694
0 14
0 52
0 31
0 71
2 1903 8450
0 62
0 91
0 15
0 81
1 4473
2 7106 2897
2 9302 7457
0 43
1 698
0 24
1 5598
0 19
0 73
4 7064 1169 1549 5968
0 5
1 5343
8 6738 9260 7948 848 3601 2194 3927 406
0 58
1 1443
2 6995 8412
4 3666 3506 1307 2865
0 1
0 16
1 515
0 31
0 88
1 4058
0 91
0 25
0 10
1 9036
1 7564
0 70
0 61
3 1261 2138 2624
0 82
3 4716 1091 6355
4 5706 5359 6855 152
0 92
0 77
1 718
0 51
0 32
4 8163 9123 9853 6081
0 72
0 48
0 95
4 6888 3250 2568 8864
0 6
0 66
1 5190
2 7900 9433
0 13
7 6869 2087 6583 790 5545 3088 5985
0 23
2 953 2413
0 53
1 8771
1 2558
2 191 5769
0 44
0 21
1 3201
0 49
2 815 5077
1 6209
1 7315
9 1051 4592 1475 5727 717 2797 202 3523 525
0 41
0 78
0 97
2 6967 3304
0 92
0 55
0 6
2 9799 9263
4 4698 5239 8886 61
4 2950 1760 8980 6986
2 7945 5667
4 8282 5986 855 6492
0 54
4 7703 4864 3695 899
2 7035 2873
0 74
0 87
0 22
2 5730 1875
1 67
0 81
0 89
2 1293 9362
2 7198 5053
0 14
0 33
3 4141 9928 8194
0 1
0 11
0 37
0 4
1 7441
1 2683
7 9520 4158 4839 1602 2575 1536 9511
2 6937 4338
0 31
0 64
1 9458
1 8757
2 5138 3004
1 667
3 1241 8694 3285
1 9752
0 99
1 5705
1 9992
0 95
0 36
0 99
0 76
4 279 6429 4854 4133
0 53
1 9071
3 8032 1012 8743
1 666
0 46
0 68
2 252 5847
4 6737 1287 7586 7384
1 2308
2 4479 2967
0 12
0 18
0 9
6 7921 9044 5999 9609 9995 8083
0 91
0 83
0 75
1 1266
1 9357
0 100
0 22
0 41
2 7057 6502
0 60
0 68
0 74
0 88
0 18
0 76
1 8611
4 5544 8570 8379 7773
2 1342 4767
0 84
1 5159
0 36
0 52
1 9049
1 3252
0 95
2 7514 7401
3 4031 6829 6821
0 9
1 7238
1 6581
3 9837 2774 5830
3 7279 1197 4497
2 3007 863
0 37
2 3887 5865
4 4812 6859 3770 3332
0 13
0 9
0 46
1 3398
2 9598 6461
0 74
1 8106
0 16
1 1391
1 913
2 2514 6913
0 52
1 2958
0 38
1 7660
1 148
5 77 5909 420 7723 8802
0 45
1 8488
7 9610 9366 501 6846 9012 2995 8836
0 60
0 37
0 47
1 8229
0 74
0 70
0 90
1 3138
1 9830
2 4878 5010
0 49
0 93
0 40
0 60
5 206 6285 6908 3713 3190
0 52
0 27
2 9358 1592
2 4287 2613
3 7885 8351 2307
0 7
8 8410 4123 2234 6681 6884 2489 5980 1408
1 2974
1 9876
0 25
3 244 1608 8053
1 5246
0 42
0 30
1 9223
2 7996 1139
1 3281
3 5530 2917 9919
0 93
2 219 6317
0 68
0 55
5 2571 8478 5648 6426 2228
1 1518
0 79
1 4691
0 100
0 24
0 97
0 86
0 41
0 55
2 5473 6129
3 4095 231 7770
1 4570
0 65
2 1338 288
0 58
0 78
0 57
1 867
1 9238
0 97
2 7671 8679
1 6469
1 1890
1 2635
4 105 932 3009 3973
1 1742
1 4157
0 21
0 22
0 60
1 7579
0 38
0 6
1 7980
2 736 5435
0 18
1 527
0 34
0 99
0 67
0 10
1 6230
0 52
0 19
7 8563 4932 7249 5479 5704 3410 476
0 49
1 4084
1 6594
4 7196 4434 5803 7989
7 3781 7843 1528 7961 6192 9529 6964
0 27
0 18
0 6
0 36
1 3094
1 1056
1 1615
0 13
0 15
0 48
0 90
1 7875
1 9785
3 3019 3128 410
1 9271
2 4380 9429
6 664 4164 2202 6271 6493 9660
1 1239
1 9213
0 45
1 7777
0 70
1 1163
0 18
2 2976 4718
0 26
0 92
2 6902 3735
3 3524 564 4810
2 9632 7418
0 35
1 9478
0 51
0 53
0 34
1 2777
0 47
1 9121
0 13
1 2291
1 6275
1 3934
1 3434
0 71
0 9
1 7600
0 55
7 3716 2875 3582 3654 7495 8893 3350
0 12
1 4317
0 64
0 88
0 36
6 9921 2676 116 5989 9634 4089
0 77
0 18
1 5415
1 4945
0 79
0 24
1 6145
1 9582
0 53
0 19
1 9661
0 6
0 38
4 8155 1437 9514 757
3 6895 3876 3213
0 13
0 62
1 6647
0 84
2 1882 2681
0 54
3 3231 4137 6782
1 5461
1 4346
4 4891 5407 6655 3818
1 9185
0 55
0 76
0 4
0 66
2 970 2021
2 9893 2269
1 7093
1 8375
0 35
1 5934
10 648 5337 8307 1166 8688 9740 3699 7170 9725 2910
1 2961
4 2567 146 4368 9758
1 2217
0 18
0 35
2 3396 7949
2 2210 2222
0 76
0 56
0 81
0 32
0 90
0 60
0 7
0 21
0 43
2 1442 6639
2 5809 9986
0 79
0 10
2 9163 905
4 7906 3284 7582 3517
1 6988
1 5660
0 66
0 76
0 72
0 37
0 84
0 21
0 6
0 72
3 9753 8036 6359
2 7819 8308
0 39
0 28
2 3220 9523
1 7147
0 9
4 3473 1708 3783 4600
0 54
1 8134
0 43
0 42
2 3586 8029
1 49
1 2839
0 8
0 36
0 81
0 56
0 28
1 9831
1 3235
0 59
2 2572 3454
0 36
0 88
4 3033 5202 1603 6606
0 50
0 72
0 43
0 85
3 3282 6323 9710
0 81
1 7278
0 40
1 8833
0 73
0 3
1 2782
0 82
4 7234 4545 9952 8967
1 6396
0 98
4 5222 9571 4180 6872
0 3
1 5743
1 9249
0 56
1 573
2 9323 8919
0 65
1 9267
1 2808
0 98
2 9091 5080
0 9
0 42
0 29
0 100
3 4229 9179 3828
5 2654 8438 4110 2911 5229
0 84
0 79
0 85
0 68
1 1002
2 591 4218
1 4795
0 99
4 7298 7296 8185 7963
0 75
0 66
0 98
3 3875 6960 3465
0 81
1 5796
0 39
0 16
0 97
0 60
0 37
2 7168 3037
0 92
0 68
0 1
1 6108
4 401 5548 1670 4472
1 2502
1 2506
0 72
8 8827 6607 5075 226 2583 1274 9365 4666
5 438 9998 6279 5714 3017
0 48
0 89
1 7986
4 8917 4567 446 6300
0 79
4 1635 9735 8191 2073
1 1068
0 86
4 7549 9802 9684 1904
3 3427 4105 177
4 3929 8281 8557 1195
0 56
1 5600
1 7103
0 74
2 5857 3641
0 43
2 5490 7001
1 6561
0 40
0 97
2 6452 3217
1 8655
1 741
6 8730 6007 5155 940 5694 9069
2 3885 8113
4 4382 9114 5362 609
1 6179
0 83
0 93
1 543
0 76
0 31
0 97
0 70
1 6159
0 40
1 6503
0 73
0 14
1 6765
3 7766 1917 4773
5 3415 4938 4467 6893 1127
0 56
0 78
2 7590 1540
3 2141 7260 8293
0 63
0 35
1 5777
0 86
1 3766
0 19
2 1923 5487
1 5914
0 74
0 84
1 5946
0 33
0 31
0 19
5 4594 7481 4654 4855 3539
0 70
6 8677 4943 4379 9287 8597 4730
2 4606 8081
1 8918
3 6456 2507 314
3 2240 4061 2989
0 73
2 5951 2663
0 36
1 7668
0 57
0 20
4 6484 6308 6402 1251
0 12
3 6392 7115 1604
0 39
0 83
0 61
2 3126 4081
2 3762 6847
0 51
0 14
0 83
1 6239
0 20
0 53
0 96
0 69
2 9101 2646
0 35
0 87
1 6769
3 4858 3892 950
4 9894 1784 9422 6997
1 8811
1 2673
1 3827
2 1327 7785
0 28
0 1
0 20
0 30
1 1448
0 73
1 8061
1 4242
2 7630 8382
3 5885 4967 4961
0 56
1 1062
0 78
0 82
0 23
0 38
0 46
0 51
3 4748 3191 2160
2 7442 2924
1 1975
0 9
0 20
0 42
1 5037
0 51
0 62
0 54
2 5850 7684
0 77
3 6190 8624 6749
1 360
2 3947 5582
1 7440
0 25
0 75
0 8
3 4765 3460 9826
2 6998 8364
0 82
0 82
2 7074 1296
2 4837 9664
0 84
2 2300 6556
0 59
1 1426
0 53
1 5426
1 3265
0 95
0 35
0 20
2 4152 9913
0 74
0 7
2 6003 5036
1 7551
1 8064
1 8501
0 66
1 5887
3 3021 4521 1183
0 17
1 7228
0 57
1 8784
4 163 299 2123 622
1 1956
1 2276
2 4420 6079
0 23
0 52
0 23
0 21
1 9824
0 45
0 82
2 572 5747
1 3509
1 7049
0 12
1 6061
2 2528 8911
6 4683 3989 8487 9717 5652 462
0 20
0 18
2 1685 2735
2 7937 338
2 8482 1407
0 96
0 73
2 2186 2892
0 58
0 23
0 88
0 86
3 7358 5599 4990
3 2598 4766 5482
0 11
5 2526 7508 6435 8385 2973
0 30
1 4917
0 6
0 39
7 4 8025 8796 1609 3386 9094 9021
0 75
0 58
2 2599 429
1 7274
4 2791 4279 5845 4265
2 3952 172
1 4053
2 2951 4502
0 47
0 89
0 33
0 75
2 5206 4398
9 1591 3851 4977 7236 5808 7184 676 6943 6569
3 2901 1042 3740
0 8
0 99
0 30
3 6682 5602 6011
0 4
2 2309 3338
1 3753
0 29
1 4391
2 2894 4903
0 98
1 8971
1 639
1 6048
0 7
0 75
2 693 2999
1 6128
2 9606 9793
0 35
0 32
1 214
2 5680 4898
1 6023
1 3591
5 7657 3040 9641 4325 2726
2 5366 2319
1 7469
0 19
0 54
3 6405 669 8187
0 17
1 2457
2 5395 534
3 3154 9531 2345
0 86
2 7059 6669
1 902
4 5657 4362 8717 9116
1 3440
2 1647 5422
1 1477
5 1811 3978 9880 109 5382
1 3477
1 505
0 49
2 4459 713
1 7002
1 6670
0 84
0 12
2 814 6992
0 37
1 9648
0 24
1 8777
4 3200 5877 7081 5893
1 3758
1 770
0 70
0 49
3 6851 3634 1930
1 5179
1 4623
1 679
1 1595
0 41
0 66
0 81
2 7692 8790
0 42
0 1
0 18
1 1834
0 71
0 75
0 93
1 4383
0 18
0 30
0 95
0 14
1 8413
0 96
0 96
0 2
0 64
2 6731 4135
0 16
3 1089 1555 5057
2 6701 9275
0 41
0 7
0 77
1 8623
4 8088 441 4418 5361
1 3557
0 80
1 8246
0 1
1 4737
2 7419 2835
0 90
0 69
1 3886
2 6989 8471
1 4429
0 8
0 36
1 4872
1 4944
0 26
0 35
0 60
0 40
0 25
3 9095 9790 6287
2 9218 4574
2 6222 3686
1 5933
1 7830
1 5247
1 8643
1 3131
1 7541
0 20
3 8022 7283 1961
1 4648
0 85
7 9593 5560 5020 6442 4505 4126 6070
0 28
1 2169
0 27
0 54
0 59
0 7
0 51
1 4433
0 8
0 53
2 7335 1317
0 82
0 86
0 42
1 8958
0 8
7 9682 2522 9645 2314 120 1827 5136
0 59
0 33
0 92
2 2816 4185
1 4474
1 6747
3 9318 1117 8948
0 34
0 66
2 7268 3070
1 5148
1 2267
1 4298
0 32
1 4033
0 73
6 5774 7859 8030 7212 9716 6247
0 74
0 27
1 5731
2 7862 2983
0 67
0 76
1 6025
1 565
1 6319
3 518 5172 5464
0 57
0 68
0 88
0 13
0 62
0 80
2 1172 2512
0 19
3 9765 7509 7118
0 69
0 59
1 3788
0 8
0 39
6 8105 4143 607 6566 5674 8359
0 49
0 88
1 1872
0 90
0 78
0 41
2 3531 6650
1 6674
0 74
5 8774 2347 730 1643 3780
2 4274 6706
2 625 1926
0 95
0 94
1 370
0 75
1 7175
0 92
0 10
1 4907
0 50
0 7
2 9804 9079
0 37
1 6356
0 25
2 8227 9812
3 4540 1506 9560
0 39
1 9907
0 81
0 25
0 39
4 4421 6212 9381 2353
0 12
0 56
1 4299
3 9351 1180 2651
0 57
0 67
2 4633 5076
0 32
0 49
1 8780
2 6422 9849
0 56
0 100
0 37
0 4
0 96
0 19
1 1501
0 49
0 53
0 74
0 5
0 57
0 44
0 80
0 40
0 46
1 2943
0 50
0 10
0 88
2 5491 8510
2 7009 4665
2 4359 1993
3 1928 936 4186
0 80
2 9770 6100
3 2377 7056 8010
3 5630 8707 7869
2 6781 992
0 73
0 64
0 98
0 46
0 24
3 8954 8285 422
0 86
3 4252 2312 5193
0 97
2 4579 1497
2 7738 6904
3 8799 3869 21
0 40
0 83
1 7116
2 5442 535
0 22
0 28
1 6942
1 2809
1 753
0 98
0 24
1 9741
2 3198 9597
2 6523 9704
0 100
2 300 4601
2 9980 5969
0 2
1 1656
0 49
0 97
0 60
0 63
0 70
3 3592 8215 4931
0 61
0 96
0 79
0 42
0 6
1 986
1 2132
2 8330 4644
0 67
3 1792 9137 7544
2 9159 2140
0 42
0 9
1 5734
2 6780 7317
0 72
2 1879 251
4 3893 3857 7072 4151
2 569 400
0 8
1 8356
2 7412 2285
1 7805
1 3183
0 18
0 23
2 8981 7518
0 98
0 2
0 85
0 83
0 54
1 9305
1 8258
2 3175 5594
0 45
1 7302
0 40
1 5008
0 31
1 3878
2 7092 316
0 27
0 10
4 1697 8513 5283 8509
2 4375 6101
2 781 4782
2 1699 3299
0 51
2 9165 4844
0 80
3 9180 8190 6698
1 2467
2 5973 6111
0 50
1 7720
0 83
0 11
1 1720
0 91
1 2356
0 76
2 6440 256
0 85
0 90
0 73
3 7305 2754 3028
0 24
0 83
0 43
0 47
0 20
2 5607 8430
6 3259 500 4702 1778 3228 2445
3 8144 7452 582
0 58
0 40
2 6691 6062
1 2940
0 9
8 7058 6005 788 1273 169 3946 1228 2179
0 37
0 67
0 55
0 75
0 7
4 3905 1217 3568 1987
0 70
1 3488
2 8469 3859
0 77
1 5258
0 50
1 567
0 92
1 545
2 6666 1300
1 3674
1 416
0 13
2 3313 9170
2 5614 5524
2 5494 5018
0 13
1 6394
1 5224
5 1638 8974 6118 3698 7919
0 77
0 50
1 8898
0 82
1 5394
1 6689
2 3955 9568
1 2175
0 72
0 69
0 46
0 71
0 73
0 66
4 3840 3871 5517 9737
0 44
1 7855
0 1
0 68
0 84
1 2017
1 571
0 6
0 92
0 33
0 87
2 4412 2807
0 46
2 8664 4352
1 6878
0 32
0 61
0 13
4 6177 8588 7010 1463
0 17
3 4107 2728 340
0 1
0 11
0 46
1 7201
0 17
1 6237
6 4165 3985 8910 5859 3906 7050
0 28
0 98
1 9811
5 4711 24 947 1896 2275
0 40
0 58
0 90
0 9
0 27
0 18
0 78
1 724
0 75
1 6551
3 28 6762 7741
0 87
0 95
0 15
1 2727
1 7396
1 7218
1 13
1 6844
0 18
0 62
0 46
0 56
0 24
0 68
4 1011 3499 7594 830
0 26
0 52
4 5653 7943 4856 1400
0 23
0 22
1 9968
3 1495 9577 1973
0 73
4 7503 6091 2364 1649
0 83
1 4036
0 31
2 6554 7187
0 27
3 4706 465 1899
0 39
0 44
1 3098
0 93
0 98
0 73
2 8097 2623
3 7718 3383 2299
0 82
0 96
0 62
0 61
0 44
1 3363
2 2340 1831
3 8131 9280 5137
0 3
0 78
0 3
0 47
3 9912 7395 1795
4 8732 1641 3724 512
1 9754
3 2988 3930 2706
1 4774
2 9 3335
2 431 8199
0 1
0 73
5 8445 851 2956 8613 3751
0 57
1 1895
0 100
4 7629 766 2708 5007
3 7204 6303 4055
0 69
1 6658
0 14
0 98
1 1243
1 7474
0 94
1 8436
0 43
0 40
2 9015 3202
2 5161 9702
0 79
1 2634
1 424
9 3956 8350 2481 5633 9083 6848 5412 6152 529
2 9846 7246
0 77
0 16
2 7593 2180
0 1
1 5296
0 56
3 1496 1568 330
1 6215
0 34
1 8326
3 978 9672 8329
5 2472 7368 2122 5301 9709
4 8320 7165 6031 7356
3 9279 923 4955
0 85
0 76
2 5115 5595
0 45
0 38
0 10
0 74
2 165 4390
1 2685
1 8147
0 38
0 87
2 4735 8315
0 39
4 3330 6509 1819 9224
0 54
1 5993
0 25
0 67
0 15
2 2868 9129
1 6431
4 1936 2749 205 2793
0 46
0 44
2 341 188
0 17
1 5297
0 83
0 20
1 9630
1 5201
3 9199 8875 683
0 11
0 35
0 43
3 5645 6072 6776
1 3124
2 2770 5677
0 91
0 27
1 3462
2 1212 9207
1 2065
1 1514
0 4
0 23
0 74
0 21
5 2115 2764 42 3791 7248
1 2827
2 2908 7740
0 63
0 43
2 8076 2369
0 60
0 62
2 1219 2632
1 7535
2 3787 6524
5 1861 184 9252 1577 7818
0 18
0 80
4 7486 4215 7872 6173
0 56
0 69
1 1419
0 22
0 52
0 100
0 57
1 8533
0 50
1 3312
2 4482 681
0 11
1 656
0 89
0 84
1 6132
0 71
0 49
1 5409
0 66
1 3870
0 81
0 13
2 3368 3119
1 4634
3 7256 2105 6064
0 63
1 183
9 282 2996 1365 3882 7620 6926 1143 7475 4556
3 6710 8039 5601
0 73
0 62
1 1474
0 82
1 9235
1 603
0 5
1 3053
0 87
0 10
2 1629 5505
0 30
1 2399
3 4746 6573 4452
0 43
0 52
0 61
3 8470 7806 8490
0 19
2 8001 6130
0 98
0 53
3 9289 1769 7145
1 7413
0 77
0 75
0 29
0 12
1 1719
2 8129 5069
3 5160 5454 8405
2 5050 6009
0 3
0 98
0 18
2 6595 6217
1 8973
2 2153 5959
2 2913 8995
1 4189
0 63
2 5285 3452
0 30
0 70
0 53
0 13
2 5848 8921
0 36
2 2493 7479
1 1775
2 9670 5860
0 65
0 98
0 36
2 3243 542
2 8678 2250
0 31
1 1542
0 66
1 7589
0 3
2 4341 8963
0 64
3 9326 2607 8290
1 7679
0 58
2 5293 9612
0 30
1 3649
3 8262 6555 4992
2 5009 2083
1 704
2 2464 9460
6 5339 5655 9878 8120 8502 9424
0 86
2 9295 3420
1 1730
0 80
0 67
1 3289
2 2722 173
1 3668
1 8990
0 28
0 60
2 7176 6358
1 3063
0 68
1 6197
0 79
0 11
1 5233
0 88
0 54
0 45
0 2
2 6979 6255
0 14
2 5862 8169
3 9284 5282 8043
1 2882
2 3483 5452
0 58
0 14
0 49
0 92
2 3307 3014
0 42
0 5
6 8907 6446 9556 1985 1556 1942
0 10
0 79
2 6586 8150
1 8056
0 41
0 29
0 45
1 6448
1 836
1 2723
0 71
0 57
1 6017
0 95
1 1880
0 20
1 6956
2 659 212
0 88
0 43
3 8697 6369 5145
1 3841
2 5102 5604
2 2840 9053
1 7866
0 19
0 15
1 8660
8 8443 6026 1310 9872 6313 326 7083 6449
1 7601
5 2785 2825 9962 8731 9622
0 99
0 50
0 52
2 2387 7024
1 3272
0 98
0 84
2 2027 5590
0 60
0 22
0 35
0 31
1 1854
1 6274
2 2784 5068
0 85
0 27
1 7300
1 1689
0 10
0 1
3 1390 6887 2126
0 96
0 37
1 3374
2 7538 2336
5 4047 8721 5664 2350 5996
0 28
0 29
1 5378
0 67
0 55
3 3687 8207 6643
1 6221
0 85
0 22
0 6
0 74
1 3288
1 6879
1 5430
0 40
3 8444 7277 9575
1 6090
2 5173 3227
1 822
2 69 5440
0 90
1 1299
1 2799
1 7253
0 11
1 2097
5 4622 9261 3584 1962 4041
1 5627
1 8002
0 17
0 67
0 11
4 2767 2257 8820 5317
2 2443 1836
0 5
1 948
0 23
1 2359
0 55
0 94
3 4847 6462 4230
0 38
0 63
0 60
1 418
0 96
0 89
0 3
0 44
1 7484
1 4246
0 32
1 8773
1 5534
2 2494 5899
0 35
0 98
2 7864 4724
3 8642 1839 1000
0 100
0 40
1 3660
0 92
0 30
0 86
1 5401
0 12
0 56
0 12
0 70
0 96
0 52
2 4535 8996
4 2372 9662 1200 6050
1 1992
0 64
1 2731
0 42
0 38
1 8384
0 63
2 3774 8116
1 7652
4 1933 4097 9931 8913
6 9206 4400 6194 4752 9402 9231
1 2576
4 7530 6183 4693 3072
0 64
1 4422
1 6819
1 1952
3 7525 6563 6283
1 3003
1 2637
1 9851
0 8
1 2459
2 5439 1167
3 2301 3238 2499
3 2451 574 2487
2 3669 1328
0 18
0 31
0 41
0 33
1 4998
1 2833
1 407
3 4583 2555 7066
0 15
0 60
0 5
0 93
1 1004
3 1733 229 2600
3 4136 3270 2705
0 77
0 18
0 97
0 20
1 4394
0 63
2 5471 10
3 6591 919 6827
0 64
1 6468
0 85
0 79
1 2821
0 46
0 63
1 4910
2 4077 2164
3 8699 245 2449
2 5433 118
0 72
0 11
2 8221 4554
0 80
0 6
1 8789
1 6368
3 6016 3597 8698
0 82
0 97
0 26
0 38
0 46
1 8111
1 2729
0 74
2 1265 2252
0 63
0 62
5 7070 4531 4424 9788 1188
2 8840 4712
0 78
0 34
0 56
1 8746
0 71
2 4489 1701
3 7231 2525 5539
1 6889
0 53
1 9862
2 1868 9797
6 5262 8897 9161 5455 4307 8500
0 67
0 42
9 3360 2038 7522 9143 7811 4862 9035 8964 7903
0 24
2 3219 1396
0 98
1 4846
0 52
0 6
1 6401
1 324
0 52
0 77
0 40
0 2
0 36
0 56
0 11
5 7886 1181 5118 3715 6164
1 3700
2 2544 4912
1 5712
0 63
3 5086 3376 1731
0 66
0 60
3 4930 8233 8362
0 64
0 64
0 40
1 3149
1 901
1 2916
1 4239
2 1220 943
1 8539
0 59
1 8371
1 939
0 37
0 59
1 9857
0 73
1 4178
1 9615
2 847 8369
0 76
0 76
4 3456 1513 4023 358
1 5516
0 36
1 5357
0 4
1 9914
0 12
0 40
3 6438 1087 2471
2 1210 1700
1 4190
1 3986
0 58
0 69
0 15
0 76
3 1257 4879 3556
0 53
0 4
0 45
2 1438 7647
1 6259
0 4
0 23
0 99
0 43
0 29
0 96
3 1016 687 4227
1 6641
1 5921
0 64
1 8908
2 2890 9809
0 90
2 6155 6976
1 7662
0 93
3 3890 1995 1845
0 75
2 2306 3437
6 6709 8394 4814 1877 9006 192
0 68
0 53
2 1346 6063
1 1552
1 2824
1 9371
2 6822 1040
1 1025
0 68
0 48
0 81
1 2188
6 9432 6802 9652 2227 7053 7123
4 8719 1160 2010 364
0 3
2 1333 8710
2 4094 1284
0 18
0 16
2 8751 9976
0 10
2 2832 2453
0 14
0 81
0 35
0 67
0 28
1 1963
0 31
1 2604
1 6040
0 77
0 17
2 8136 7493
2 295 8887
0 61
0 61
0 32
1 5618
5 7500 5316 1231 7189 7015
2 8706 7229
0 40
2 7664 1478
0 12
0 20
0 22
1 2896
0 12
1 4533
0 30
0 15
0 3
1 5274
1 2938
0 50
3 2112 8598 2241
3 3214 8709 1968
1 6659
0 42
0 63
0 48
3 5381 6785 8473
0 100
4 7122 4294 6961 32
0 23
1 628
0 48
2 6675 806
0 75
0 8
1 1329
1 1078
4 6236 306 6896 6801
0 63
2 8300 2547
0 99
1 4179
1 1971
3 2591 4788 2640
2 411 1291
0 31
1 990
5 4300 3151 4064 8639 2396
0 50
2 2650 8663
1 3271
0 61
0 89
3 8084 4411 4202
1 9861
0 97
1 6665
0 98
1 3678
2 996 1063
3 4086 4672 9270
1 5398
0 35
0 81
1 3069
0 34
2 3291 174
2 9461 7023
0 100
4 9259 4823 4462 4764
0 97
1 8962
0 50
1 4836
0 33
0 29
0 95
1 9039
0 82
2 661 5623
4 3267 8592 5501 1941
5 5651 6154 1494 9967 8832
5 537 7328 504 1415 6803
0 2
0 15
1 345
0 25
0 29
0 4
1 8404
0 59
0 75
0 22
0 3
0 95
1 7471
0 94
1 9133
0 88
0 27
0 37
0 21
0 74
6 7643 6520 5238 3324 6905 2375
0 71
3 9972 1812 528
0 5
2 87 619
1 448
0 19
1 2933
2 4162 6757
0 34
1 2578
0 17
4 9535 5620 8148 3733
0 62
2 7366 2975
1 5784
2 7568 6370
0 76
0 13
2 6071 7648
1 5763
1 7957
0 58
4 3490 3110 9983 3109
0 25
0 25
1 8294
0 78
1 7008
1 6938
2 7613 5693
0 99
0 79
0 9
1 765
0 49
0 91
1 5221
0 46
0 15
2 5926 7691
0 27
1 5373
0 62
1 6934
1 8692
0 95
0 42
0 23
2 858 8048
0 57
1 580
0 53
0 65
3 9473 7716 2549
1 496
1 9898
2 4753 929
4 7180 6458 8167 1865
0 98
1 6983
0 18
2 1752 9394
0 38
1 5151
0 78
1 1924
6 702 4842 7048 957 2530 5928
3 1153 8587 9701
8 6169 1846 9578 3389 6047 9526 4014 5146
1 4027
0 93
1 344
0 13
0 44
0 18
1 8153
2 2902 629
1 2792
0 38
2 3091 9728
0 36
1 4863
0 38
0 81
2 2795 3709
1 1806
0 47
0 14
4 8099 8142 5549 6171
3 8669 4865 471
1 7068
0 22
0 57
2 5929 671
1 1053
0 16
2 9190 1072
0 88
0 56
0 87
0 55
2 4611 7221
2 5466 6060
0 10
1 4500
0 17
0 37
0 3
1 483
0 90
0 31
1 3682
0 95
1 2224
0 38
0 11
0 2
0 87
1 9939
0 79
0 50
0 44
0 17
0 91
2 7673 1534
0 60
0 53
0 65
1 3256
1 1944
0 84
1 8822
0 18
3 5507 5325 2644
0 21
4 658 3432 9813 9783
0 87
0 93
0 75
1 7520
2 3782 2860
0 47
0 43
1 2026
1 1516
0 84
0 37
1 3276
2 1158 1529
0 88
0 82
0 73
2 1253 7653
0 28
4 9285 7698 1909 4455
0 52
2 4046 5372
1 2928
0 65
0 86
0 53
0 53
1 2826
1 4894
0 44
0 88
0 4
2 492 8156
0 41
0 80
0 9
1 1822
1 7237
0 19
0 32
2 8018 2196
6 1316 5134 8026 7991 9841 2533
1 8397
2 2490 8174
2 3987 5513
0 52
0 54
0 70
9 9515 4004 2081 9153 8268 5185 4704 9240 5091
2 3089 2203
0 10
0 65
0 4
0 78
0 76
0 35
1 734
0 83
1 250
4 7543 3732 9465 3180
0 41
2 5846 207
0 90
0 92
0 90
2 52 3423
0 87
2 832 3343
1 2758
0 67
0 18
1 6075
0 68
0 5
0 80
3 4756 5326 5163
0 74
0 35
2 2090 9773
2 9342 8223
1 5183
1 4285
0 72
0 33
5 8556 2127 5391 5058 6437
4 230 2852 5022 7800
1 5586
0 37
1 2344
2 6133 7534
0 11
2 8871 6810
0 33
1 615
0 4
1 2069
0 66
0 9
0 57
0 53
0 99
5 9009 2028 4980 6841 3743
2 2348 5976
0 61
3 4658 4905 5742
0 14
0 21
0 9
3 8960 4005 7985
3 6507 5237 5107
1 5014
1 6515
1 2665
2 4475 6612
0 44
1 9467
0 60
0 80
2 9548 7352
0 64
3 228 5756 5140
0 18
1 258
1 232
3 2428 8596 6850
1 7801
3 7527 6773 1815
0 50
2 2846 1524
1 5970
0 29
0 54
3 2532 310 5854
0 97
0 17
1 2942
3 9092 7795 6892
1 5043
0 96
0 98
0 48
3 4720 2991 8140
1 3186
0 55
3 6377 454 7674
0 9
0 25
1 4705
3 5709 9369 9801
0 58
0 12
0 20
1 3819
0 74
0 19
0 98
7 8416 2523 6371 3919 6245 3656 6123
1 9848
2 3838 1657
2 2442 531
0 17
0 53
0 33
0 56
0 65
3 1576 1428 2692
1 2724
1 159
3 3608 2407 7877
0 79
1 4114
0 4
0 28
1 189
3 5533 5279 2619
1 6584
6 2176 4376 4405 8396 2609 9808
1 8252
1 8075
0 27
4 8606 6098 7480 1691
0 94
0 8
0 1
3 2763 2052 8941
0 53
0 53
0 51
0 27
2 7259 141
0 86
0 97
0 74
1 2779
1 4019
1 7894
1 4210
1 8935
1 856
0 12
0 73
0 72
1 8571
3 8237 9434 4163
1 7505
1 3008
0 50
0 50
0 24
0 57
0 38
1 8295
3 3559 5546 3448
1 1791
0 17
0 80
0 31
0 51
0 80
0 71
3 9193 3967 15
2 9718 2151
1 6424
1 6454
0 26
1 5911
2 5912 749
2 7841 320
2 9034 1264
0 46
1 6907
1 6450
2 5701 1918
1 2400
2 8956 4553
2 9896 5214
0 8
3 8063 3943 1392
2 1358 7333
1 2386
0 60
0 92
0 14
1 92
0 53
0 30
0 66
2 3809 1194
1 7375
0 28
0 68
0 60
0 74
1 8389
1 9484
0 31
0 53
0 30
0 77
4 7340 4101 6939 5021
1 3123
2 6795 4562
5 238 657 9328 1537 2524
0 13
1 4933
1 2642
0 14
0 70
0 47
0 72
0 94
0 49
1 6649
3 7784 7745 4173
0 97
0 61
1 4144
0 57
1 3571
11 7791 6170 7974 456 786 891 1710 8618 2108 7194 7226
1 5276
1 721
0 87
0 6
2 9234 2070
0 78
0 71
5 3404 459 100 9474 6576
0 89
1 9378
0 79
0 5
1 823
1 315
0 34
1 2932
0 3
0 72
1 9760
1 6536
4 3107 4560 5898 4610
1 4523
1 533
0 96
0 15
1 9047
3 6565 956 4361
0 62
0 85
0 46
4 115 5626 3945 6775
0 15
0 90
0 65
0 62
0 88
0 33
1 7510
2 4403 7519
0 14
1 7162
1 1959
4 2114 4339 8164 6534
0 98
3 6210 5389 3054
0 35
0 5
0 53
2 9527 1665
2 8514 5231
3 1361 5900 5388
1 55
1 79
0 42
0 73
2 457 7227
0 6
1 4401
0 10
0 48
0 23
0 24
1 7265
4 4128 6510 4347 9127
0 72
1 7429
6 7448 3546 751 4780 8769 9751
0 39
0 94
1 1841
2 5612 9419
0 38
0 49
3 9599 1835 1185
2 5462 3833
0 49
3 1920 7422 8203
3 243 6119 5682
0 80
0 9
1 2341
1 7641
0 73
0 70
0 59
3 7377 2830 2
0 63
5 3301 8102 430 1482 1256
1 3530
1 3874
1 6692
0 53
0 24
2 5156 5457
3 2260 1481 1546
2 1964 271
1 1550
0 59
1 7289
0 29
5 1850 5836 2415 6729 294
2 2438 8543
0 77
4 852 794 1356 5684
2 678 7883
0 5
1 5947
2 6039 7312
0 25
1 599
4 8681 1454 99 1347
0 86
0 38
0 1
0 47
0 27
1 7407
1 5071
0 87
9 5557 6617 7699 6935 486 3545 8104 8650 9937
0 51
5 8905 8985 7 8313 6148
6 9988 6153 1632 3466 2707 4295
0 67
2 1618 5760
0 86
0 53
0 47
1 548
0 60
0 31
1 4241
1 4700
1 2775
2 4331 4889
0 99
1 5596
2 2117 1184
0 33
1 8080
1 4395
1 4959
3 3457 7444 9996
0 7
0 98
2 7311 6180
0 70
0 86
2 2093 2899
1 114
1 1642
1 8183
1 283
0 100
0 11
0 29
1 393
4 1108 3988 5511 4460
1 3387
1 4075
3 4134 728 6480
0 32
1 787
1 7776
0 42
4 7225 2046 7409 9375
1 782
1 8631
2 1176 1411
1 6140
0 67
3 6513 3949 346
2 7825 9492
1 7715
0 78
6 6339 6464 130 5593 4039 9437
0 61
0 96
0 23
2 5499 3168
2 6350 9135
1 9700
1 7157
1 2165
1 482
2 3544 5052
0 16
1 5839
2 8800 949
3 9268 6249 7782
2 2866 7490
0 83
4 2022 1610 1203 1947
4 5902 4759 6552 9080
2 3453 739
1 9504
0 36
0 94
0 52
4 7821 3322 5621 2295
1 9212
1 7142
3 3218 2145 8927
0 18
0 92
0 18
0 54
1 7467
0 46
0 19
0 64
3 6102 9166 8380
0 47
2 7431 8874
1 1511
2 9999 6758
0 42
0 100
0 38
0 81
1 6228
0 94
0 84
0 45
0 90
0 44
1 963
0 54
3 813 3232 5853
2 7094 588
0 75
6 5995 988 9943 8188 7160 5342
1 9356
0 74
0 96
0 11
0 82
3 7834 7185 2032
0 39
0 62
0 18
1 9281
0 14
3 3080 8627 6436
2 8749 2504
2 9081 1762
0 62
1 5271
2 1925 1007
2 1785 8786
0 34
1 7982
6 1932 2129 2979 5642 259 4091
2 1544 4356
0 96
2 6167 4353
0 36
1 6684
2 3402 2813
1 1796
0 81
0 94
2 7633 2080
0 16
1 4016
0 24
3 1092 2759 7554
0 89
1 8931
2 9776 4675
1 4238
3 1395 5303 2025
0 84
1 6327
0 70
4 4441 4822 1164 260
0 40
1 1311
0 48
3 2776 3790 9580
0 30
1 8610
1 4175
1 7559
1 7570
1 1295
2 7144 1129
0 13
1 9971
2 5135 3207
0 81
0 57
0 1
1 4121
0 23
0 26
0 17
0 37
0 18
2 9196 6054
0 88
0 66
1 554
0 10
0 78
1 7555
0 42
2 8218 4816
2 261 9406
2 3327 581
3 2876 5298 6688
0 74
1 8065
2 8937 1099
0 72
1 9483
1 4721
0 90
0 81
0 73
1 8782
0 75
1 1323
2 7119 9766
1 7833
2 6357 2639
2 7062 4159
1 9715
0 86
1 2221
1 8077
0 55
1 6296
4 3741 9386 9243 3964
0 36
2 6792 3596
0 15
0 13
2 7247 6149
2 2071 8600
0 29
1 4442
0 88
4 3823 2157 772 4414
1 4321
0 37
0 53
0 74
0 87
0 9
0 100
0 91
3 4534 627 2914
4 9348 3604 1465 6532
0 84
0 97
0 9
2 5084 9111
0 35
0 74
0 61
2 22 4946
1 3844
2 9236 7252
0 4
3 5641 4463 2139
0 96
2 4404 9291
0 36
2 1467 8034
1 6685
0 30
0 43
0 26
0 46
1 2320
1 2569
1 2473
0 45
1 1288
0 74
1 1111
1 7343
0 97
0 63
2 8545 9668
0 33
3 7195 5456 9711
3 3316 6704 140
2 2552 4043
10 390 5284 331 1349 5114 1728 827 3842 3665 72
2 5711 7701
1 6999
0 66
1 5055
0 22
2 2841 2280
0 15
4 8319 7546 2229 1507
0 16
1 8768
1 6577
7 6808 4590 7348 6693 971 6789 2111
1 5453
1 6677
1 2630
2 1101 725
0 11
2 3603 6378
0 84
1 4304
0 95
1 6495
0 11
3 6508 4270 7245
2 793 1745
3 9186 6671 7496
1 4850
1 3675
0 53
0 78
0 80
1 9584
2 5606 9540
2 6860 1021
2 4090 3060
0 45
2 5689 1132
1 6548
1 2891
2 9899 2225
1 3104
0 62
5 9929 688 125 1884 8074
2 7619 1533
1 5639
0 3
2 2152 2292
0 61
1 8525
1 783
3 2072 2863 1055
0 86
0 3
0 22
4 4707 9681 1381 9856
0 22
3 8432 1193 8305
0 96
2 8415 6954
0 89
0 87
1 3897
2 477 2778
0 50
1 9581
0 84
3 354 8006 2484
3 1597 1151 5991
0 96
0 92
0 72
0 36
2 4747 241
2 539 7498
0 68
0 33
8 5851 9205 6250 1639 5526 6218 8638 351
1 7965
2 7667 6580
0 17
0 33
1 1039
0 45
3 6022 8714 298
0 96
0 91
1 85
0 20
0 96
0 61
2 4695 8882
0 2
0 70
0 52
0 94
1 8725
2 6312 930
1 9076
0 72
0 71
2 1082 5177
0 18
0 93
1 6543
4 6256 4768 1462 4386
0 31
0 68
3 8522 2333 4310
0 5
0 29
0 82
0 100
0 24
0 30
1 4080
3 6151 9949 9922
1 2972
1 708
1 5553
2 4018 8247
0 37
0 27
0 76
1 7022
0 26
1 290
5 7760 8240 8458 8582 2963
10 7713 3222 2564 7321 1402 5489 646 3585 9183 5759
1 4625
0 40
0 56
0 4
4 866 6547 3635 9014
0 31
0 64
1 4261
2 8722 4628
0 87
0 61
4 7270 880 9300 3685
1 9842
0 75
1 9539
1 2803
6 920 3117 1547 1860 4915 2939
0 27
2 9106 2193
0 7
0 60
0 28
0 89
0 55
2 3836 2051
0 89
0 19
1 6868
2 4949 2617
2 4805 381
2 1913 5108
0 38
1 9149
3 2125 6490 5662
1 8854
0 40
0 3
3 8465 9501 6654
1 5515
1 312
0 75
0 48
0 39
0 61
2 5757 1979
0 6
0 41
0 43
2 9372 2579
1 5310
0 28
1 4919
0 16
0 69
0 2
0 87
1 9521
2 6981 4344
0 67
1 6923
0 78
2 7846 4171
0 80
3 7959 7150 8090
0 3
0 53
2 2581 4947
0 97
1 2501
0 63
0 47
2 2274 3399
1 7693
2 961 3786
1 9489
2 287 2187
0 4
0 69
2 9313 795
7 5952 6136 1929 5083 8146 3407 8344
0 42
1 2041
0 37
4 5191 9336 7096 6597
3 3677 7861 4503
1 7936
0 37
1 4488
0 32
1 4819
0 2
5 6216 2738 885 1352 472
3 8988 2050 1206
0 88
2 2366 2618
0 25
1 9510
1 3866
0 72
3 194 6518 6720
0 34
0 79
2 7789 3533
2 9547 7355
0 82
2 909 2135
2 6772 2411
2 8834 1703
0 30
2 1306 3108
0 28
2 1587 2102
3 5243 8355 1421
2 6687 4034
3 2322 7762 7971
0 51
0 22
0 21
0 2
0 94
3 3034 1726 1079
7 3529 4957 812 4207 8117 170 1093
1 4892
1 5122
0 29
2 9559 2566
0 61
1 6713
0 29
1 4453
0 24
0 21
0 36
0 91
3 9265 3980 3305
0 73
1 357
1 4030
0 79
3 2226 8547 9955
2 1718 3684
0 34
0 32
0 70
0 81
0 68
3 8184 6574 5597
1 4916
1 2332
0 37
0 47
1 8456
3 9425 8361 4486
0 57
0 32
0 60
0 100
3 1772 5420 6263
0 22
0 37
0 38
3 4054 1761 3888
0 45
0 56
0 86
1 5622
0 86
3 5218 4319 1627
0 28
0 63
0 43
1 5347
2 2789 2113
1 9706
0 44
0 8
0 100
0 74
0 9
1 9070
0 65
1 8222
0 65
0 35
0 100
0 36
0 83
2 3234 8878
1 9055
1 9530
2 6864 3373
0 25
0 47
0 34
0 55
1 9013
0 15
0 91
1 2887
1 7506
1 2977
1 3031
2 7421 601
2 9486 6178
0 89
0 49
1 3932
1 2433
1 8671
0 22
2 5292 7891
1 7793
1 5235
1 2136
1 9959
4 3805 1867 8574 8831
0 61
3 1136 7497 2304
0 7
0 62
0 60
1 4196
0 87
0 27
0 76
0 6
1 3612
1 1362
0 70
1 6897
1 8173
0 46
0 76
4 833 5307 5006 4744
1 2190
1 275
1 9901
1 7437
0 76
0 12
0 17
1 4188
1 4749
2 4108 4512
4 3339 4231 5166 857
0 67
0 67
0 77
1 1397
2 9283 7640
4 5523 987 1905 5886
0 100
2 2199 9779
1 5097
0 98
1 6116
3 1344 1606 7656
3 8776 9657 5308
4 4466 2858 7711 8860
0 25
0 51
2 5880 8823
2 4636 3048
1 1142
0 63
2 7156 3933
0 7
1 5139
0 87
0 3
1 8617
1 7826
0 30
1 347
0 64
1 3278
0 2
3 1678 6494 5109
2 4620 9038
0 18
0 74
0 12
0 80
0 13
0 14
0 45
1 8560
0 61
0 10
3 5605 5632 6419
3 4798 4971 5908
0 83
1 4131
0 26
1 1104
3 1668 8723 3100
1 6290
0 79
0 73
4 9772 7707 7075 9916
0 23
0 41
0 25
1 7393
0 28
0 76
0 44
3 1687 6399 334
0 19
2 4468 2067
0 98
0 93
0 40
0 84
1 6825
0 78
0 72
1 3472
0 12
1 3971
0 13
0 10
3 3142 9545 8515
1 5732
0 69
0 82
0 83
0 79
1 9756
0 26
0 37
2 9000 6361
2 3039 6761
1 640
2 6267 3951
0 27
4 408 332 9538 700
0 25
0 38
0 82
0 24
1 7654
1 8073
0 34
1 2014
1 2822
1 2898
0 43
1 7983
2 4866 903
0 4
0 46
2 9789 8332
0 2
1 2427
3 1225 5254 9620
0 94
2 2815 8904
1 8159
1 3101
2 1541 2648
1 9219
1 3948
0 25
0 35
3 1387 8645 4516
1 7404
0 31
0 78
4 3377 4103 5913 1348
1 8054
1 5309
1 8297
0 48
0 81
1 6471
0 27
6 2094 4769 1431 2468 8045 9443
3 3318 6403 4922
0 81
0 6
1 5450
4 5785 8620 3471 6940
0 20
3 8630 413 8374
0 40
1 425
1 9528
1 7815
1 3023
0 55
0 68
0 76
0 63
1 8322
0 58
0 7
1 5181
2 1567 1479
7 1456 1813 4986 5197 2936 3329 5960
0 6
0 93
1 6820
1 5901
0 18
1 8376
1 5041
1 4116
0 47
1 4667
0 95
0 79
0 24
0 82
2 8957 3578
1 3867
1 3914
0 30
2 9847 2482
6 1663 5525 3413 4688 8334 8895
0 11
1 7383
0 90
0 24
0 46
0 6
0 27
1 6636
0 42
0 52
1 557
0 83
6 2762 1885 2886 7004 3351 3976
4 6032 3639 9948 5556
0 27
1 1749
0 62
0 11
3 7984 3163 7533
0 9
0 27
1 1675
1 2985
0 65
0 6
0 95
2 4226 2905
0 86
1 80
1 7531
0 34
0 22
0 24
1 5242
0 86
1 6648
0 16
5 6735 9965 1115 3367 4187
0 34
0 81
0 30
0 65
0 99
0 9
0 60
0 59
0 41
2 4085 6585
0 96
0 72
3 7159 5758 1061
0 91
0 43
3 3537 9093 7852
1 1748
0 20
0 17
0 13
1 8189
5 1086 6723 4118 4273 6301
0 90
0 65
0 66
1 3419
0 84
0 89
0 98
1 7808
0 67
0 78
0 33
0 56
0 99
0 75
0 36
0 85
1 590
1 8399
0 82
1 3772
1 3247
0 98
1 2144
1 8691
2 5975 272
1 9746
3 2605 2671 211
2 5198 4913
1 3655
1 2406
2 556 2409
0 7
2 2416 9098
8 1798 1187 7286 3438 7460 2043 3570 6570
1 4399
0 88
0 69
2 2273 1044
0 59
1 2465
2 1165 4491
2 4286 3610
0 54
2 6202 8462
0 75
4 2219 8017 9868 1983
0 77
0 12
1 117
0 10
0 74
1 5555
1 2422
5 5608 2066 9708 2191 5905
0 86
0 52
2 7215 9895
1 5761
0 31
1 8181
0 78
2 2969 508
1 8900
0 28
3 7902 750 7271
0 63
0 88
0 67
2 2174 4026
1 1105
0 32
0 34
0 81
1 2148
0 77
2 5320 2922
1 6185
0 32
0 33
0 15
4 7702 1856 136 2621
1 7491
2 1035 9043
0 51
0 61
1 503
1 7895
5 502 6226 4520 1572 660
3 2294 4160 4868
0 62
0 96
0 89
1 8726
1 2486
0 47
0 60
3 1589 4895 915
0 72
1 3216
1 7088
0 21
0 32
1 5881
0 16
0 35
0 76
3 7763 2469 9491
2 7297 2878
1 9957
0 36
2 1182 631
0 59
0 54
1 3778
0 97
0 62
2 3155 1292
1 7960
0 59
2 998 8406
0 1
0 44
2 5406 624
0 5
4 3720 9191 4664 2682
0 2
0 27
0 69
0 11
0 48
1 3245
1 5192
1 7757
1 9602
0 66
1 2831
0 7
0 48
1 5213
0 47
1 9189
0 24
1 1321
3 1679 3722 1881
0 54
1 9961
2 7065 5025
2 9436 677
0 87
2 7870 248
2 6797 8605
1 5204
0 9
0 99
2 1425 2500
0 68
6 5820 7871 9410 2987 2479 9447
2 7513 649
0 77
1 8316
0 65
1 1470
2 738 6728
0 18
0 10
1 9184
0 14
3 9839 8532 5249
2 944 1953
1 810
0 94
0 59
0 83
0 41
0 94
1 149
0 70
1 8949
1 9245
0 76
0 15
2 7728 4440
1 8523
0 83
4 908 5804 235 3931
1 697
0 39
0 51
0 32
0 60
0 98
5 6156 3283 3336 5090 5465
0 3
2 8812 2756
0 18
1 3287
1 3057
7 5724 6428 3673 5111 3868 6768 3418
3 7831 7610 6836
1 8370
1 9953
0 71
0 99
0 94
0 37
1 4783
1 6205
0 72
1 9905
1 1449
0 67
0 29
0 75
1 612
0 38
0 9
1 2001
0 4
3 7363 3534 3199
0 5
0 76
5 9068 4282 2678 3314 1204
1 5226
4 8383 6506 8877 6614
2 127 3761
3 6046 7232 8373
0 89
1 5153
0 19
3 4169 2912 3348
0 90
1 8255
0 17
1 6575
1 9536
0 36
0 60
2 409 7914
0 85
2 8830 9361
2 3254 1076
2 4129 7325
2 5124 6610
2 9974 5801
1 6611
2 4739 4120
0 15
1 4568
0 39
3 4396 9729 7310
0 57
7 4269 9065 7951 5791 3594 8775 8475
0 39
0 83
0 27
3 6383 2850 4609
2 7661 6318
1 1489
0 60
0 34
1 3794
0 75
0 99
2 3561 7705
5 3554 1238 8409 1003 2397
1 73
1 5174
0 75
0 58
1 4809
0 58
3 7521 561 5371
3 5904 7181 4451
0 26
3 7874 1173 2016
0 87
0 90
0 73
1 9714
0 92
7 7306 3567 4936 716 7683 5543 4334
0 30
0 97
0 11
0 70
0 45
0 55
0 95
2 6719 36
0 56
1 3375
2 3728 2075
2 3974 1910
4 5340 1215 7981 1994
0 36
1 1394
5 5368 7863 2147 8549 9226
1 9927
0 39
0 63
0 48
1 4332
1 4264
0 97
0 21
0 93
2 6777 4817
2 193 8042
0 95
0 35
0 47
0 37
1 9384
0 48
3 3729 5744 7536
0 37
0 63
0 11
1 7458
0 22
0 41
3 6661 8994 3848
6 8363 2085 1125 2390 5867 2263
2 8942 6985
2 6298 5245
0 89
0 83
1 7339
2 5472 2483
0 87
2 4618 1414
0 31
1 8035
4 3701 8047 4557 1801
1 7896
2 4745 7359
6 895 9693 2446 4427 8101 5754
0 44
1 6193
1 8548
0 8
1 8175
0 79
1 9412
1 5323
1 4909
0 28
3 150 3099 9947
1 5498
3 1405 6385 6751
1 6931
2 7291 1515
0 33
0 40
0 43
4 779 5726 355 16
0 93
0 60
0 16
0 21
1 551
0 2
1 9852
0 55
3 3349 373 2404
1 4234
1 4544
0 75
1 4213
1 1937
0 97
0 58
0 100
1 9089
2 12 5054
0 43
0 25
0 13
0 22
0 24
1 3405
0 44
0 17
2 632 6963
0 21
0 1
2 436 1147
4 9671 1033 9906 7276
3 819 317 2970
1 2197
2 593 71
3 9019 6605 1377
0 28
0 91
0 16
0 92
0 25
0 79
0 83
1 8953
2 273 1574
0 72
1 2239
0 36
2 696 4119
4 4288 6800 5583 1622
0 60
0 36
0 45
1 2284
2 2602 968
0 52
1 1807
0 36
2 983 7390
0 99
0 65
1 6093
0 13
0 8
0 91
0 25
1 8431
0 56
0 65
0 56
1 969
0 16
1 9633
2 348 1211
0 40
0 59
0 85
0 71
0 35
2 1696 27
2 7439 1052
2 2476 5011
0 10
1 7634
0 89
0 38
0 100
0 5
1 2721
1 4221
3 4037 9343 5520
1 3083
0 79
1 7836
3 2804 8485 6276
0 78
0 46
0 79
0 12
2 894 8614
0 45
0 51
0 73
0 65
1 6207
0 10
0 36
0 33
1 3837
2 1441 8992
0 54
0 55
1 2084
0 55
1 311
0 80
0 98
0 58
0 5
0 51
4 466 5164 404 9431
1 8945
6 6451 5821 8310 7294 7082 2546
1 4703
1 9940
1 4876
1 6588
0 30
0 23
0 67
1 2270
2 6870 5216
0 55
0 79
2 4968 6351
1 6162
7 5305 4438 3296 3160 9293 553 3035
4 5866 8021 2881 5661
0 81
2 4480 8208
0 7
1 2554
0 50
3 4439 3645 3795
0 29
0 65
4 3162 686 5673 9825
0 78
1 8767
0 75
5 5945 17 5492 180 2223
0 88
0 55
0 36
2 1486 5252
4 7878 9110 682 5922
0 25
1 199
4 5831 5873 8141 6790
0 88
1 3489
0 32
0 85
3 6184 4652 4551
5 7427 3122 5663 5728 4350
4 3969 5659 8059 3704
1 7572
3 7244 1977 57
1 9397
0 12
1 3760
1 8202
1 7502
0 47
0 73
0 59
1 1103
0 98
0 35
1 8366
0 88
0 14
1 8318
1 6722
1 5722
3 869 46 2006
2 2733 8993
1 8792
0 51
1 4372
0 33
4 9314 892 6057 8856
0 1
1 4312
0 45
0 15
0 62
0 16
1 6978
0 30
1 6138
0 63
2 6953 4653
0 99
0 47
3 1960 7574 7207
3 6652 3468 9303
0 34
1 3492
1 8023
1 780
1 7952
0 33
0 4
2 5236 7414
0 31
0 10
1 8198
0 1
1 8103
0 85
1 4258
0 31
0 47
4 1531 9290 8578 6182
0 87
2 4991 3693
2 3763 8685
0 15
5 8133 3798 3340 3513 4471
1 2854
0 82
2 4741 1375
1 8552
2 1022 6924
0 88
2 8066 2283
0 33
2 9780 6712
0 53
5 4301 5610 6545 2447 6306
0 51
0 92
1 9639
2 7293 4483
2 328 181
0 89
1 5532
0 97
0 37
0 6
4 5636 4870 3450 6883
0 80
4 8358 9566 1911 1954
0 65
0 30
2 3036 5668
0 66
0 74
0 20
0 55
1 570
0 75
0 89
0 12
0 68
4 5416 7824 5073 2315
1 6755
1 7417
3 3718 1644 6088
1 9562
0 59
0 85
0 11
1 5563
1 1900
1 6734
1 7731
0 62
1 5128
2 9722 3052
1 1339
0 48
3 8849 887 1240
0 94
0 68
1 6416
0 94
0 43
0 94
0 2
0 69
0 88
0 90
0 59
2 81 7411
0 12
1 2159
3 8952 5319 6470
1 2477
1 187
0 50
0 19
0 49
1 60
0 58
0 95
0 17
0 40
4 7787 3273 2437 6715
0 49
1 1324
1 8711
0 2
3 2036 9173 7424
3 7013 7700 3441
1 748
0 8
0 6
5 270 6899 8625 876 862
1 4417
0 64
0 41
3 6984 2466 4437
0 80
1 3203
2 7901 5390
2 7382 4732
1 6530
3 7884 1043 1149
1 2337
0 62
2 4015 9428
2 4786 9583
0 54
1 8286
1 6835
7 7482 5270 3051 7307 9192 6187 1336
1 8176
0 72
0 47
1 7380
0 45
0 61
0 37
1 233
2 2934 2328
0 24
0 48
0 94
0 7
0 1
0 72
4 653 1107 7020 1863
1 2456
0 42
0 4
0 67
0 53
0 47
0 57
2 7932 5512
2 53 7494
0 10
1 8287
3 7047 2900 8654
1 1709
1 6076
1 954
0 77
2 7077 9003
3 7250 6517 3555
0 36
2 2436 9151
1 98
1 372
2 2047 6329
0 57
1 6021
0 21
2 1631 6406
1 154
0 80
0 78
1 63
0 42
0 31
0 13
0 21
2 9363 597
6 7689 5811 8755 6679 6618 4635
1 8314
1 8336
1 6823
2 1422 6921
1 4220
0 89
2 8950 888
3 1669 3444 9795
1 4832
0 40
0 62
0 67
2 3266 7681
1 5738
1 4826
0 50
7 6270 1484 4504 8842 1019 4717 1416
0 3
3 6491 8127 6387
4 6474 6537 3185 5304
0 80
0 88
0 6
2 3821 5481
0 48
1 655
4 9244 1447 9077 5251
0 57
0 8
0 15
0 60
0 91
2 9417 1776
0 29
0 37
0 45
1 6168
1 3638
0 20
1 9119
5 2355 1290 9346 9344 7796
0 89
0 1
0 3
0 37
0 72
0 42
0 59
0 6
1 8879
2 3755 6933
0 80
0 51
3 1084 7772 4102
1 1614
0 75
1 6018
5 5816 2463 4677 9201 5506
0 19
2 6483 7110
2 3950 4983
2 2103 7350
5 4663 264 7021 715 8983
0 99
2 2849 9570
0 73
0 91
0 90
0 96
1 4908
0 71
0 77
4 8451 9596 2024 7288
0 100
0 46
9 1713 2232 7618 3428 6811 7017 8765 171 2183
0 41
1 1967
0 60
0 54
1 164
0 68
2 4662 58
3 6105 8467 5165
0 99
2 2497 4873
0 95
1 1569
1 8632
1 2659
10 9627 8118 5528 6805 935 3385 844 7733 9687 9102
1 9546
1 3998
3 249 3248 451
3 9637 4595 3613
0 15
6 9970 2077 6241 3049 4501 4017
2 7973 4008
0 95
0 93
3 6466 9686 8869
0 72
0 74
0 33
0 25
0 16
1 6288
0 43
1 925
0 62
2 6774 9642
0 11
0 24
0 71
6 7642 8119 284 2660 3011 7290
0 57
0 2
2 2857 7158
0 78
3 4072 9493 6074
0 15
1 1523
4 47 8955 8504 445
3 5431 5823 6711
1 8750
4 9100 8818 893 1120
2 3345 6969
0 33
0 82
1 7591
0 63
0 26
0 41
0 18
0 4
0 60
2 6068 7166
0 87
3 8254 5564 1851
0 49
2 7371 4499
4 3215 5386 5367 6489
1 1121
0 20
2 7318 7934
1 9198
1 6875
0 16
0 56
2 5402 3834
0 79
4 744 2517 3643 9517
0 95
0 54
0 77
1 8531
1 1519
2 4426 5920
1 791
0 1
5 5871 4530 6242 5302 480
2 8486 3026
0 12
2 1001 2110
0 7
1 4349
4 2068 8702 911 5228
3 5225 9030 839
1 426
1 3606
0 45
4 1174 8423 4726 6201
0 32
1 5300
0 46
3 2045 175 7281
0 85
0 34
1 7220
0 24
0 40
1 5374
0 41
1 147
0 12
0 90
1 3325
0 41
1 4214
0 28
0 60
2 1424 8110
2 2455 9364
1 8269
0 1
0 23
0 74
0 1
0 13
0 70
0 82
0 32
0 36
0 6
1 6473
0 80
0 17
1 3558
0 10
0 55
0 85
0 88
0 70
2 9175 5387
2 1281 8158
0 19
2 2334 8637
0 17
0 50
1 9969
0 50
1 9340
1 4139
2 2601 7107
1 4621
2 3347 522
1 6857
0 42
0 84
0 84
0 79
0 72
3 9105 39 3182
0 95
2 7658 7042
0 57
2 9042 623
2 2425 955
0 73
1 421
0 91
0 43
0 7
1 227
2 2106 8884
0 85
0 17
0 63
0 21
1 6696
0 56
0 13
0 72
1 353
1 3696
2 6481 8658
0 37
0 6
1 2098
0 4
0 6
1 7719
0 90
2 6840 463
0 73
1 5356
1 1374
0 52
0 39
5 8004 613 2515 3879 5683
3 1510 6200 9745
1 3680
2 3808 587
0 71
0 45
0 22
0 36
1 339
0 34
0 39
2 7712 4130
0 41
0 2
0 84
0 46
1 3757
1 2711
0 63
0 17
0 51
0 57
2 9938 43
4 7031 7501 6024 5182
3 8581 5982 8411
0 93
1 9288
0 4
1 4843
0 22
0 49
13 4490 2616 1756 626 371 5005 5067 7730 8925 5383 645 9333 3414
0 49
1 3113
3 5764 1126 8667
0 46
2 7817 1190
3 7470 9502 9748
1 8809
2 834 9855
0 28
0 14
3 5493 3984 4000
0 98
1 6557
4 6257 9250 2994 1598
2 9479 1037
2 7523 7125
0 82
1 1048
3 5810 2880 6254
2 9026 3064
0 48
1 5896
1 3211
3 3406 5029 804
3 5584 6624 7080
0 40
0 53
2 9400 900
0 45
1 4402
1 8999
0 77
1 9663
5 8656 8846 7257 828 5750
2 9883 4389
1 5400
0 5
2 439 8944
2 8435 2812
0 47
0 53
4 1226 5748 216 2859
1 6447
1 5413
2 9246 4953
1 3937
4 2615 3394 1800 7454
0 22
4 9239 5698 2548 4067
0 36
0 3
0 42
0 61
0 41
0 44
0 25
2 2367 455
1 942
0 52
1 1140
0 91
1 4199
0 68
1 1434
2 135 1451
0 22
3 1303 9125 3850
1 1245
0 35
0 67
1 7567
0 81
0 16
1 9277
0 59
8 4071 2819 5675 2559 2216 1074 6020 9744
2 6791 1970
2 2872 1783
1 604
1 9232
1 6069
8 877 6379 2622 9317 9579 7909 9651 6161
2 4976 8172
2 8559 2431
0 72
2 1326 1512
1 8565
0 35
2 396 3081
0 14
2 7645 6109
0 29
2 9090 9167
2 4435 4989
2 3731 1272
6 2116 7139 4409 394 4066 6067
2 6036 878
2 6232 9007
0 71
0 44
1 1655
0 61
4 8020 7203 8267 1070
1 2391
1 9519
0 66
3 3589 4591 6309
1 7913
1 5723
1 6951
1 8236
1 886
1 5157
0 26
0 3
1 8858
1 1566
0 36
0 40
0 25
2 2209 9391
1 7235
0 86
0 64
0 32
1 9764
0 98
2 7381 4113
0 21
0 49
3 9274 5567 684
0 68
7 3900 9933 6714 5417 3205 5352 2305
0 78
0 62
0 97
1 7076
0 17
0 5
1 5795
0 25
0 57
0 62
1 3563
3 8165 5647 6467
1 4340
0 3
1 5876
0 36
0 9
1 854
1 1782
2 5988 1739
0 4
0 23
2 5360 7385
1 2206
0 96
2 3212 8125
0 2
0 50
4 6334 6833 5925 8683
2 3756 8855
0 14
1 7576
0 35
3 5964 7675 3653
0 20
0 16
0 21
1 2121
0 43
1 5577
0 85
0 25
2 7465 5333
0 95
2 5113 3487
0 19
2 8217 1771
0 60
0 27
2 4443 6830
9 2611 367 1318 3541 8360 2262 2205 6778 9723
0 11
0 63
0 16
1 8673
1 563
0 57
1 2953
4 9525 1263 3132 7223
0 82
1 1398
0 79
1 4083
0 73
1 2518
0 11
3 8926 1162 7499
1 3195
0 31
0 25
0 94
0 8
3 3843 3435 4799
1 7432
0 78
1 7134
1 1508
0 68
2 9320 3590
1 5092
1 4808
0 25
2 3479 7143
2 5708 1372
4 6741 7706 2510 6993
1 9187
0 25
3 5346 7149 4647
4 7939 479 8760 3803
0 94
0 85
1 2330
0 83
0 53
0 2
0 68
1 2962
0 57
1 2370
0 82
0 27
0 34
3 3896 7210 6110
0 85
0 22
2 6041 7148
0 3
0 26
1 5739
0 76
3 9975 5978 668
0 53
0 98
1 267
0 79
3 9635 179 2363
0 65
1 156
0 79
0 5
0 97
1 5666
2 9680 7666
0 67
4 5363 4676 9109 9843
2 1282 7904
0 83
0 72
0 82
0 46
1 7857
4 9618 8499 3240 7370
1 6291
0 10
2 6253 6804
0 33
1 335
0 29
3 2410 8602 558
1 6244
2 1559 7979
2 1386 3616
0 19
3 4794 8243 1955
3 2861 143 6873
0 56
0 24
0 51
0 64
1 5861
1 4673
1 3737
1 5421
1 8680
0 37
1 403
0 96
2 4385 9148
0 24
0 25
1 1388
2 7967 4415
0 23
0 14
0 69
0 72
1 6231
2 7192 7621
0 76
0 19
2 7241 8168
0 94
0 33
0 93
0 24
2 8273 5644
1 8850
0 52
1 7164
0 69
2 1626 9306
0 49
0 31
2 2562 3642
2 5889 9347
0 47
0 76
0 16
1 4804
1 4646
4 4685 1706 6012 6097
1 3657
1 1871
0 28
0 25
0 31
2 76 6676
1 5286
1 6944
1 8516
0 53
1 4042
0 19
1 1366
1 8195
0 84
4 6324 56 5449 1436
1 8577
2 5892 3251
1 2765
0 50
0 26
1 6596
2 4514 3748
4 1492 5588 1768 2980
0 85
0 49
1 7709
0 22
0 59
3 5436 40 9459
2 5334 6936
2 3500 1297
0 9
0 43
0 67
0 66
1 1464
1 8676
0 25
1 7167
0 86
1 1280
4 8062 5828 3855 2844
1 4900
2 8466 3593
0 83
1 8212
0 74
0 15
0 27
0 29
0 57
0 34
3 8761 9064 497
4 5074 8038 5393 5983
0 92
0 74
3 1600 7199 3734
0 64
0 8
1 5650
2 7916 7152
0 4
1 6122
1 4993
0 18
1 1155
0 60
0 95
1 1331
2 8128 3164
0 5
1 1757
0 6
3 9488 6386 6335
1 3525
0 99
0 32
1 4088
2 35 7206
0 69
0 13
2 6375 3095
1 8474
1 1250
0 72
0 99
0 15
0 53
1 9551
0 26
1 139
0 43
2 8347 3012
2 134 2643
0 1
0 17
1 927
0 99
0 27
4 38 5265 8239 7998
1 4244
1 5766
0 92
0 92
0 61
0 44
0 26
1 4692
3 7829 1137 5789
4 904 7463 1620 8421
1 4222
0 33
3 8744 7476 8420
0 50
1 2143
0 49
0 52
2 9395 4877
0 81
0 70
0 42
1 8013
1 7052
4 6175 1168 6260 7670
0 16
1 906
0 28
0 21
1 5773
0 60
0 53
2 7403 6559
1 6078
0 59
1 2688
1 6707
0 4
1 8079
1 4148
0 18
2 18 1838
0 11
1 4219
0 30
2 8813 3736
0 99
0 91
0 7
0 65
0 46
0 52
0 41
1 9865
1 4660
1 7573
1 4224
0 94
2 3872 4444
0 5
7 5288 9464 9647 8225 5883 4369 4857
0 33
0 57
1 6750
4 4487 8872 7905 3090
0 53
0 55
3 3196 2218 5188
2 8997 2008
0 47
4 2342 1578 2794 803
1 5631
1 3358
4 7054 3909 9296 1373
5 2161 6779 8446 3614 7771
0 30
0 51
1 4678
2 2828 1159
1 2944
1 377
2 5424 1825
1 1320
1 8534
0 86
2 8100 6909
0 92
0 46
0 46
0 86
0 45
3 4021 3172 469
4 5844 6771 5475 510
1 5778
1 5518
5 5149 1270 1972 6568 4330
0 98
2 699 4886
1 4671
3 376 4682 1588
0 27
0 66
7 2760 8633 9085 3935 7727 6142 6898
3 3997 7086 1858
1 6342
1 638
3 9405 6977 9877
3 1065 8417 6472
1 1286
2 3577 7443
1 8070
2 9690 7326
1 9720
2 4738 4281
1 8224
0 15
2 7853 4195
1 2742
1 7492
1 692
2 4883 9097
1 4985
2 2714 4904
0 72
1 2230
0 66
0 75
3 9251 9210 8526
1 9057
2 709 9653
3 1060 1943 1
0 37
3 2730 9449 7336
0 94
1 3793
2 8778 1986
1 4343
0 14
1 7775
0 76
1 1455
2 2725 4687
1 1997
1 7563
0 64
3 224 6444 7435
4 3671 2700 703 7726
0 52
1 8323
1 5189
0 1
0 94
0 66
0 2
4 767 4104 3029 5275
0 13
1 6852
1 2207
0 58
0 84
0 60
0 85
6 6015 7966 758 9008 4661 3206
0 75
0 70
0 22
2 1945 2986
0 54
0 89
5 3328 7827 5749 2629 4146
1 6482
1 123
0 39
4 7922 1134 14 633
2 9732 578
1 8213
0 77
0 82
0 50
1 4406
1 111
0 1
1 1789
2 34 2249
1 4060
3 9454 3622 3702
0 85
0 51
0 97
1 2715
0 17
0 100
3 6744 1230 3463
1 8517
0 8
2 8480 850
1 4599
3 6305 6919 9393
1 2392
6 2856 9611 7398 6127 7138 6599
1 4333
2 3747 8787
1 8003
1 54
3 1248 6672 2740
0 22
0 12
0 84
1 3280
0 75
0 86
0 68
1 4771
0 19
0 38
0 45
1 9311
4 4565 5211 7557 8788
0 73
0 46
1 7127
0 44
0 76
1 2012
0 60
0 5
0 99
0 29
0 14
0 9
0 23
1 1874
3 5079 8890 7617
0 88
4 977 6433 8095 3583
1 2349
5 162 2440 5070 4806 9902
0 75
2 7073 4973
0 3
0 73
2 5575 2078
0 83
0 15
0 69
0 92
0 48
1 8841
1 8339
1 7007
3 4725 6393 3769
0 7
0 62
0 36
0 54
0 96
2 3621 7768
0 26
3 808 203 1490
3 6646 3742 4117
0 15
2 7473 4079
2 1664 3966
0 100
0 44
1 665
1 8585
1 490
0 84
1 8219
2 9518 568
1 1059
4 7104 319 8839 1179
0 10
0 50
1 5825
0 81
0 81
0 38
2 4132 5034
2 9646 4345
3 2545 7447 6163
0 55
0 49
2 9399 5078
2 2699 3303
0 90
2 4784 7012
2 5813 8932
0 51
1 837
3 1509 8276 3599
0 93
2 4342 3683
1 86
2 2421 733
0 85
2 3574 8078
0 3
0 30
1 6409
1 8000
2 1491 8662
0 32
0 92
0 17
2 7316 9442
1 4048
2 4527 8713
0 78
4 8429 253 2895 4681
0 24
1 506
0 10
0 32
4 589 9469 924 9698
3 4292 84 6748
1 1196
0 9
1 2435
2 435 2751
0 22
2 3754 6816
3 2368 2329 5930
0 18
3 3924 4852 2587
2 5923 5483
0 53
2 2268 1797
0 17
3 6457 1309 7892
3 2570 6918 7714
1 239
2 8696 5038
1 4358
3 8349 7578 7324
6 6034 375 3044 5351 3382 3292
0 42
0 28
1 9733
2 6439 7685
2 201 5842
4 4612 7947 8124 9023
0 24
0 6
2 3816 4627
0 70
0 40
0 93
2 9420 8162
0 57
1 8354
2 1393 3776
0 26
0 5
0 95
0 49
0 73
3 7604 3575 6408
0 5
5 8720 6994 7200 7410 6203
2 7141 2058
0 52
0 84
1 9112
0 42
0 19
0 83
0 98
0 50
2 1573 8903
0 3
0 72
5 6716 3812 9542 1976 8867
2 2584 6511
0 60
0 31
1 415
0 19
1 4384
0 83
0 8
2 8785 647
1 2096
0 60
0 5
0 28
0 11
1 8795
0 98
0 23
0 33
0 20
5 4336 6144 6653 1662 7636
0 6
6 9382 7792 5579 6621 8857 2059
1 5852
0 82
3 8278 550 4461
0 100
0 64
0 84
0 42
0 55
0 20
2 4206 4923
1 5088
3 7360 8333 8274
4 8934 8441 2508 6103
3 918 108 5977
0 59
1 8512
0 96
6 8670 1538 5967 8661 3507 6927
0 50
0 51
4 9485 4308 3459 8651
0 74
0 19
1 9726
1 3598
2 7285 8972
0 46
1 9850
0 82
3 5441 5635 9616
0 63
0 59
1 4268
2 7786 7445
2 1468 7822
1 7099
0 51
0 16
0 2
0 74
0 23
0 10
2 2405 4729
0 39
1 8288
0 4
3 7650 4267 4598
1 9471
1 2338
1 6558
0 6
0 30
2 4994 2836
0 84
2 489 2661
0 51
2 4370 3395
1 6139
5 6600 2395 2716 974 7101
0 89
3 8940 2557 973
0 56
0 87
2 6763 9629
1 7804
0 67
1 7512
1 5687
1 6542
0 56
2 9621 8093
0 36
0 20
1 8424
0 38
0 41
0 79
0 66
4 3625 5017 6367 5792
1 4335
0 30
0 73
3 1564 912 6794
0 13
2 378 3569
0 1
3 994 1693 586
1 9390
0 77
0 17
2 296 2697
2 7845 6188
2 3864 5474
1 7812
0 81
1 9160
0 68
4 182 4446 168 7978
1 8166
1 5336
3 6535 8647 5428
0 46
0 2
2 5290 6214
1 4154
0 37
1 1637
5 5477 6417 7697 722 3092
0 46
1 3505
0 68
1 7526
3 4981 7468 3458
0 6
1 5117
0 94
0 100
1 4848
1 9134
1 938
0 90
0 77
2 2215 6834
0 11
0 18
5 1545 3371 634 6541 4684
0 81
1 5537
2 4880 6806
3 293 6732 6278
0 62
1 4106
0 23
1 6613
1 1096
1 7764
2 3797 1753
2 7303 4371
1 3960
1 4978
0 36
0 9
1 6767
0 89
0 42
0 63
0 19
0 16
1 1636
1 6881
0 34
2 7314 2149
4 4313 9256 5330 3392
0 12
0 29
0 64
1 3482
0 12
1 8091
0 97
2 3498 6196
1 2529
1 2845
0 1
0 36
0 14
0 32
2 5123 7153
1 5414
0 21
0 63
4 5355 4038 6784 8635
0 76
0 5
0 6
1 213
0 99
1 5030
0 86
2 1765 9930
0 75
0 45
0 20
1 7084
0 80
1 8868
0 17
0 72
2 2691 1957
7 9854 7747 8758 1704 8395 5215 2374
1 8594
0 24
0 40
1 8603
2 3689 7928
2 62 4510
1 6538
1 3306
1 4699
0 88
0 8
0 68
0 87
3 3891 9229 8368
0 77
1 2109
0 85
1 7655
2 2470 9194
1 3661
1 9230
2 7330 6213
1 5874
0 86
0 47
1 1145
0 54
0 53
4 8094 9561 5451 8245
2 1810 3999
0 22
0 9
1 845
2 6223 8641
0 46
0 22
2 7319 7214
0 3
0 14
1 1458
0 9
1 9543
1 4056
0 48
1 6662
0 64
3 2264 4827 8392
0 39
0 87
0 25
1 8046
0 65
1 7304
2 1417 1630
0 59
1 7416
1 2104
0 67
1 5779
3 3846 1427 1023
0 37
0 62
2 5480 6117
0 83
0 42
2 5059 5066
0 27
0 37
0 25
0 21
1 5203
2 9775 2171
0 60
1 7263
1 743
1 2003
0 10
1 5376
0 81
0 64
0 97
1 6363
0 21
6 7322 4642 3564 889 3494 6045
3 4555 9195 7126
6 1616 7188 7347 4235 7111 4259
1 9768
1 9934
2 9337 8672
0 25
0 100
0 43
0 93
0 100
0 44
0 8
0 56
5 3193 7357 2718 7354 3907
0 9
2 6147 5410
0 100
2 4941 1585
3 5312 4651 6397
5 3562 1214 3957 9335 7179
0 63
0 94
3 2492 3264 3777
0 56
2 7882 1717
1 3197
1 8357
0 1
6 8107 4248 7769 5291 8899 6420
0 78
2 8824 2982
2 2519 8783
1 9636
0 84
0 90
9 8483 3096 8524 3750 8024 2354 1650 4639 2689
1 8701
3 8401 6824 4558
0 45
3 322 7113 4243
1 3811
0 78
1 1354
0 39
1 8573
0 56
3 2325 6880 6425
0 47
0 64
3 3246 2429 4057
1 5060
4 6360 8728 313 3497
0 97
1 2055
0 36
1 161
1 7209
6 2297 5268 9398 186 8196 4092
0 67
2 9503 2918
2 1319 6664
0 60
0 55
1 9505
0 8
0 95
0 1
0 88
3 6488 4529 3075
3 5370 1341 2253
0 89
1 4436
0 24
0 13
0 94
1 2747
2 8008 1840
1 5241
0 63
0 6
0 13
2 8264 3177
0 58
0 92
2 8378 8508
1 2220
1 4496
2 9403 4796
4 917 9623 2048 8031
1 3511
0 68
3 5085 7867 4381
1 7341
0 15
4 4025 4614 3178 7584
7 1969 9377 5013 1031 9869 4074 6587
0 87
2 5392 5807
1 359
0 17
1 2870
0 38
1 6395
0 75
0 36
0 30
6 7999 7213 385 1161 5937 872
0 76
1 343
0 69
3 3134 1738 2543
1 8700
0 100
2 562 6172
1 825
0 62
0 72
5 1483 9407 6391 5992 3224
0 48
0 43
2 3908 6496
1 6354
3 7186 9994 8779
1 4519
4 4802 8390 8986 4948
1 6085
2 1539 1692
0 87
5 4572 946 3310 2060 7345
0 16
0 17
2 8289 4507
0 92
0 31
0 24
6 3481 9585 8555 3719 1073 5171
0 20
4 285 3237 5244 7295
1 5502
3 6325 5207 6814
4 4835 9214 2089 7708
0 50
0 91
0 30
0 43
0 60
0 87
0 81
1 8847
3 215 9046 2867
0 25
0 24
1 2915
0 60
2 5209 1461
3 5979 1721 7477
0 53
0 15
0 59
0 98
1 2296
3 8968 380 6678
0 66
3 9755 8348 9816
0 45
3 1804 835 7055
1 2101
1 8235
1 775
2 6002 3082
0 6
0 97
0 8
0 2
2 3928 3820
2 4354 9415
1 3779
3 8477 8807 2695
0 31
0 84
1 9315
1 1711
1 3242
1 2645
1 336
2 9497 6434
1 6854
0 42
0 13
0 33
1 2743
0 56
1 3315
0 90
4 4109 6349 8902 329
0 16
0 72
2 2137 2930
1 5688
0 4
2 7990 816
2 1247 3802
0 97
0 87
6 1030 8740 3480 5987 8929 8265
0 51
0 24
0 30
0 94
6 6529 6 5772 1294 4657 8138
2 5729 2256
2 5438 2462
0 26
0 9
1 5508
1 4597
2 6540 9892
0 76
0 82
0 28
1 517
2 3692 9991
0 24
0 56
0 13
2 4168 9590
1 8226
0 74
0 29
0 94
1 1114
3 4755 1984 1864
0 31
2 4561 6623
2 9441 8461
1 3501
0 12
0 3
0 8
4 4528 379 475 673
2 491 8747
1 11
0 14
2 3527 8386
0 17
0 57
0 10
0 43
1 7835
0 18
0 85
1 1613
0 41
2 2261 838
1 3640
0 1
0 63
0 74
1 4727
1 1450
2 4296 7649
0 31
1 3961
0 69
0 18
0 3
2 6697 9563
0 42
0 72
4 7177 31 5019 9188
4 6971 1680 9806 8259
2 8607 4194
1 4327
0 94
6 9554 3963 8862 4203 8303 959
2 7828 2838
0 56
1 1586
2 297 2146
1 4013
0 90
2 4035 8666
0 31
7 1799 3174 6946 7752 2981 7060 2371
0 44
1 6793
0 88
0 73
1 2641
2 2201 5950
0 43
0 19
0 5
6 6243 1301 7078 898 8115 8544
1 6673
0 81
1 9247
2 391 7124
0 78
0 10
1 3784
0 90
1 4323
0 48
0 11
1 4616
0 62
1 1707
0 2
1 4290
1 7677
2 5411 3020
1 37
0 5
0 79
0 85
1 7566
0 2
2 5735 6900
4 8916 5039 871 4584
0 38
0 9
2 3152 6838
1 2360
0 27
1 3187
1 3311
1 792
3 6916 9463 8816
2 3723 6037
0 90
1 3520
0 41
1 1244
0 71
1 414
0 9
2 6745 4926
0 19
1 9078
1 4602
2 5341 5799
0 67
0 79
1 6176
0 82
1 4714
1 8922
1 1432
0 18
2 6000 2339
0 92
1 2461
0 23
0 90
0 64
5 4458 4927 4147 2049 3918
3 2698 7329 1359
0 64
2 7504 1209
3 1902 3521 2851
4 2998 9178 9533 5250
1 4518
0 24
1 605
1 8033
0 30
0 15
0 27
5 1887 4569 9472 7230 9041
2 6930 7453
2 1032 8242
0 8
0 86
0 45
1 5469
0 22
2 1873 6642
3 546 737 2829
0 32
0 91
5 8520 4237 5150 8068 9573
1 321
0 91
0 51
2 4167 5638
0 64
0 86
2 7455 196
0 32
0 59
0 48
4 1276 1152 7596 4280
6 6987 616 9067 9845 6096 1499
0 39
1 5658
1 8041
0 94
0 20
3 9886 4257 6238
1 8756
2 6571 8437
0 77
0 12
0 13
1 5259
1 4166
0 19
0 24
0 74
4 3688 9294 5765 234
0 15
1 4278
4 9738 7090 3391 2748
0 42
5 4608 7950 8204 9158 999
3 8653 4761 5552
1 3130
0 78
1 3286
2 3883 4963
0 97
0 46
0 51
1 5289
0 94
0 73
1 3451
0 58
0 58
0 42
0 37
2 2246 4956
3 7623 7434 5572
0 97
1 5458
0 28
6 4318 3058 8241 4589 3485 9233
0 37
0 75
5 6166 3 2704 4921 7043
0 99
0 75
0 87
0 66
0 19
2 9054 4388
0 85
1 2248
4 6667 5786 9833 1517
0 36
3 265 4543 2539
2 7532 3302
3 2323 2955 2719
3 526 1433 3030
0 55
0 22
0 85
1 1557
2 1946 1275
1 6694
0 45
0 28
0 15
1 4532
4 7216 2118 6519 4885
1 2761
1 9297
7 1894 8687 3223 7611 1006 8122 7451
0 7
0 13
0 29
0 90
1 663
0 48
1 2485
0 43
0 57
2 1216 6974
3 4740 6376 6229
0 42
1 3397
0 89
6 5094 6297 1363 6553 8296 1816
1 1661
1 7695
0 54
3 3572 6427 9555
1 1505
2 9304 8251
0 100
3 1951 9956 1532
5 3032 7233 3073 1998 7680
0 58
0 13
0 98
6 5256 9964 7028 6603 778 754
1 6620
2 7744 809
1 8464
2 7890 9979
0 69
1 8554
3 5538 2243 6853
0 53
0 40
0 41
0 8
0 54
0 67
0 97
0 79
0 19
0 58
0 70
2 3137 883
0 9
0 43
0 44
0 99
0 69
1 7362
0 52
0 42
0 35
1 167
1 7807
2 5919 2655
0 14
3 9973 723 3588
0 71
1 308
0 31
0 37
0 89
5 6384 1058 7202 9549 7799
1 5081
2 8891 9592
5 289 7851 5040 538 2015
0 71
4 7537 6262 9353 1385
1 5121
0 100
1 1683
0 100
0 71
1 1389
1 2062
1 5324
0 87
0 34
1 5219
1 4209
0 73
0 85
3 8340 33 5535
0 89
3 8928 1198 1723
3 1330 7816 5838
0 75
0 87
0 38
0 28
0 53
1 9001
0 5
0 79
1 3810
0 89
1 2278
2 8853 8186
1 7006
1 9881
1 1922
0 56
0 22
1 9168
0 60
3 654 9762 7930
0 72
0 69
1 4689
1 9354
3 48 5915 8984
0 87
2 9860 8586
0 55
1 6220
0 3
0 59
0 85
0 37
0 99
1 1727
0 25
3 759 9989 8123
2 9507 6056
0 71
2 4476 7136
0 83
3 7550 5004 8542
0 48
0 34
0 49
0 23
1 3535
1 2773
0 55
1 7676
0 38
4 1682 1369 9025 8736
5 694 6341 2736 5955 7342
0 47
1 2739
0 53
0 74
2 495 7842
1 4750
2 4754 6224
0 24
0 19
1 2503
0 56
2 5910 4212
3 9743 2007 1938
0 8
3 3979 5843 547
3 1862 7929 3173
0 48
1 6141
0 84
2 3476 8270
1 5072
0 81
0 80
0 43
1 6042
0 9
2 2379 9062
1 5932
0 82
0 61
0 32
0 71
1 1066
0 75
0 52
9 7858 1207 337 8859 8593 7911 635 1978 3620
0 19
0 57
2 6579 9541
0 86
1 9172
0 81
0 19
0 78
3 3065 2693 1223
3 3853 9918 4197
0 57
3 7239 6544 3862
1 6165
0 62
0 74
1 8400
1 386
0 6
2 5953 1080
0 5
0 29
0 24
2 5031 6815
1 2381
1 6331
1 64
8 8496 6497 6304 7367 8652 4311 9040 9689
1 3464
2 2853 7899
0 73
3 5141 8427 6546
0 44
0 32
0 59
0 89
0 24
0 74
3 5918 4250 2290
0 56
1 2233
0 80
1 119
1 9438
0 46
0 55
1 2000
1 4302
0 62
0 69
4 3972 4277 7071 761
2 7364 9334
4 5349 255 6258 1189
3 3983 8977 6560
1 1435
0 29
0 35
1 153
0 45
1 7309
0 61
0 48
3 2702 3055 7173
0 85
0 63
1 3993
3 7560 6346 1057
0 8
1 6703
1 5717
1 2954
1 3542
1 9838
0 77
1 4954
1 9574
0 48
1 1623
2 9086 9181
3 3045 3236 7466
2 4211 8704
1 5294
4 6760 6413 8463 5768
0 16
1 2357
1 1892
5 7749 4884 6799 8170 3552
0 61
0 2
0 91
0 89
0 98
0 62
0 57
1 6019
0 76
1 3538
4 1522 8275 7602 8579
0 88
0 94
3 8705 5547 3854
0 99
1 1690
0 11
2 747 4511
0 62
2 8741 7820
3 2574 3965 8817
4 4960 3006 3341 3738
5 6839 5676 1026 6526 440
0 43
0 18
0 1
0 50
3 6604 8865 4918
0 74
1 5957
6 7612 1312 7373 8346 9439 8873
0 32
1 1075
0 31
0 51
0 21
0 11
3 95 8171 7036
3 5841 9925 2311
0 24
0 90
0 18
0 33
1 9769
3 2696 4032 2266
0 12
0 62
2 9576 7941
1 6631
0 95
2 1289 9786
5 2690 3038 9909 3184 3889
2 4906 1681
0 91
1 6157
0 100
0 51
2 2800 2666
2 1476 51
0 29
4 9882 1232 3822 1146
0 77
0 48
0 65
0 69
0 47
1 7105
2 450 5144
0 63
2 9495 4374
0 30
1 4899
0 7
0 99
0 14
1 209
1 6582
1 2516
0 19
0 51
2 4182 740
1 8806
0 41
1 1085
0 42
0 12
1 4450
2 8179 9147
0 32
1 8317
1 9935
1 3832
0 32
2 2752 8407
1 1141
0 5
1 8794
0 72
2 3903 2788
1 4965
0 58
0 85
0 38
2 4127 9498
2 6043 513
0 84
0 86
1 3015
0 94
0 31
1 798
1 5195
3 1684 3712 356
4 1774 2603 594 4275
0 60
0 65
2 9832 2521
0 69
4 7995 595 6330 6991
0 77
0 21
0 32
0 21
5 6204 6608 6373 7646 7051
1 2432
1 6756
1 9607
0 98
2 2855 5696
1 2818
0 88
1 1305
2 303 7729
0 32
0 46
0 7
1 2439
0 63
0 79
0 15
0 5
0 17
0 21
0 16
0 93
0 20
1 3114
1 1469
1 276
3 4803 4498 9659
0 86
3 8139 1466 2670
1 4790
2 8220 5087
0 17
4 4762 8561 3962 3455
0 50
0 14
0 56
4 3944 7269 9587 5864
0 63
2 8695 1543
1 1773
0 60
3 3512 2063 128
0 92
0 33
4 4293 2948 9945 3022
3 7372 8260 7580
0 31
1 4506
0 85
1 1617
0 57
4 9058 5459 3877 5998
3 9453 384 2780
0 47
0 72
0 13
0 88
0 57
0 66
0 6
0 96
1 4940
0 66
3 8481 7425 8844
4 4719 7704 6686 8085
2 1088 7540
0 62
2 5990 8448
2 4997 2652
7 5000 9056 89 3904 4233 5527 4694
1 820
0 92
0 1
1 4861
0 27
4 811 8321 8040 2636
0 48
4 1579 4797 2874 8121
2 7736 3975
0 74
1 8200
0 2
0 50
1 7436
2 2710 8311
0 34
0 3
0 63
2 2768 1429
0 78
0 23
5 5681 1633 4820 6328 8489
1 7438
0 11
0 32
0 84
0 3
1 266
4 3293 3118 4722 3268
0 57
1 6514
0 46
1 90
3 7255 5884 7197
0 38
1 5082
2 7211 2488
2 6455 8622
2 5001 3309
1 3773
3 7405 8537 8708
0 80
3 2627 3739 7547
0 66
0 2
0 87
0 21
0 10
1 3393
0 91
1 8975
0 32
0 19
1 1046
0 19
0 53
1 6874
2 6925 5208
3 281 9904 6432
1 9884
2 7272 9480
1 2380
1 2384
1 3167
0 48
3 6186 4969 3439
0 79
1 7575
0 30
2 5047 5903
0 22
0 48
0 2
0 52
0 79
0 66
1 1034
2 9401 2667
3 3981 7338 8835
4 7972 2925 5646 3230
1 2842
0 63
0 67
1 9477
0 20
0 26
0 10
0 51
3 2620 361 1686
2 5500 6343
0 43
3 1360 1982 2245
0 19
0 71
0 82
2 8716 9451
2 5782 374
0 90
0 84
1 4841
3 3835 3229 9278
0 27
0 8
2 5927 1460
0 68
0 68
0 12
0 37
0 71
1 4656
3 2282 3648 9588
0 42
2 9120 6280
1 6886
1 4271
0 53
3 7873 8729 8126
1 1855
0 82
2 2869 2647
1 9074
2 7545 8541
0 89
0 94
1 9048
1 7388
1 2628
0 94
0 96
0 29
0 97
2 3902 19
0 31
4 3417 3536 5669 583
0 50
2 4431 1673
1 8829
0 8
1 8249
0 26
0 54
3 617 1229 8591
1 2441
0 56
1 1409
1 9771
5 5587 395 7682 7399 7565
0 45
2 9665 6487
0 38
0 39
0 24
1 9061
1 1154
0 100
2 3619 1674
2 7132 6903
0 53
0 51
2 6753 4942
1 6412
3 2450 5299 7955
0 25
0 31
0 31
0 80
1 5277
2 3486 768
1 1028
0 51
0 3
0 75
0 12
0 98
0 67
2 1660 9276
0 10
0 100
1 3626
2 8819 2092
1 7964
0 34
0 14
1 5105
0 17
0 2
2 6234 4216
2 3547 8815
0 5
0 28
0 41
0 56
0 36
0 9
0 51
0 57
0 45
1 8052
0 19
3 5314 3496 6651
2 5260 7459
0 2
1 9836
1 2811
0 61
1 3111
0 14
0 6
0 58
0 59
0 84
0 26
0 58
0 79
1 3579
0 18
5 9820 3067 5818 2889 4588
0 41
1 8909
0 66
0 70
0 23
1 8735
4 9211 3061 5176 2755
0 10
1 9784
0 54
0 78
0 28
3 70 8440 1234
2 6601 662
0 11
1 1413
0 48
1 9140
1 4709
0 71
0 84
1 745
5 9225 9613 712 8086 937
1 6055
0 84
1 1612
0 30
1 4897
0 59
0 40
2 1457 7748
0 7
5 7472 9118 5863 5425 1236
3 9107 9373 7860
0 57
0 15
2 8738 4596
0 60
0 24
3 4559 1676 4367
0 29
0 66
2 2990 7040
0 90
1 7969
3 1473 366 4448
3 552 8920 4170
3 1677 4825 6211
0 94
0 50
2 5570 6189
2 6415 6699
1 1313
2 2538 2750
2 9182 1651
0 73
1 9558
0 87
1 7038
0 29
0 48
0 61
0 39
1 5790
0 24
0 27
0 24
1 8057
0 45
1 7962
1 4366
0 13
1 5184
1 4619
0 6
4 5634 5972 7756 3514
2 6890 2444
1 4457
5 5048 6277 8495 598 507
2 5510 5624
0 25
0 85
1 3502
0 41
1 45
0 62
1 1083
0 46
3 8253 9446 2560
2 9324 7794
1 7379
0 8
1 5752
3 2997 6813 7926
0 23
0 81
1 3221
0 12
1 6340
0 67
0 16
1 1551
2 5311 7954
5 160 6227 2732 2293 989
1 9367
0 72
1 7598
2 868 7915
1 9257
0 67
0 79
2 3105 5240
0 68
0 93
3 3366 5879 2885
1 8793
1 5232
0 8
1 3275
0 88
2 6107 1205
0 24
2 8668 3209
1 2393
4 8182 8180 8959 4223
1 3690
0 28
0 68
0 33
0 39
0 26
1 5522
1 6702
0 47
4 1712 1278 5835 8301
1 104
0 49
3 8049 8724 488
1 3086
0 18
1 3431
1 8690
4 9569 6382 5143 44
0 24
0 25
0 89
1 5131
0 68
0 78
3 7161 5745 7924
0 21
3 4010 7034 3679
3 3817 7637 4183
0 3
2 4537 3910
0 79
0 13
0 1
0 81
1 5826
0 72
0 68
0 68
0 92
0 20
1 2709
0 5
2 4831 6366
2 3342 9298
3 1802 2966 5485
0 99
2 6928 4416
0 8
1 8271
0 46
0 41
2 9828 4830
1 2753
5 5948 2511 3078 5715 2796
3 5815 9724 9496
0 36
2 2597 2170
0 15
2 6281 1878
0 30
0 37
1 2612
1 6372
0 50
0 32
1 6094
0 25
1 5888
2 82 611
1 2242
0 69
1 7112
0 14
0 25
0 50
0 34
2 9803 9522
0 38
0 4
1 4925
5 8969 2011 3260 83 3359
0 47
2 1901 1090
0 66
0 27
5 210 8108 2672 5787 1667
1 5468
0 92
1 1255
3 7155 1005 9736
0 14
0 99
1 9132
0 81
0 94
0 22
0 97
1 6589
0 18
1 9867
1 8439
2 7488 5264
0 48
1 3667
0 75
0 96
0 43
1 7027
0 98
0 70
1 2769
0 52
1 268
1 7938
0 83
1 8843
0 58
0 74
0 75
0 90
2 4161 8546
0 38
4 3018 1201 9309 2864
0 66
0 7
0 22
0 80
0 81
0 9
1 9208
0 15
0 32
0 9
0 99
1 9910
0 53
0 100
0 69
0 35
2 2255 7765
0 12
0 66
0 24
0 6
1 7616
0 22
0 51
1 5891
0 92
0 37
4 392 800 7332 9376
2 7282 5364
1 9589
3 9299 3815 995
2 2590 3607
0 61
0 2
0 24
2 9264 2550
0 94
1 3813
0 86
0 59
1 4011
3 6080 4603 4974
1 8770
2 4800 7935
0 54
0 66
0 87
1 4082
0 27
3 5692 9757 7854
0 55
2 7067 7449
0 66
1 3409
0 46
3 882 1067 8506
0 71
0 7
2 6314 1376
3 4914 6251 7608
1 5460
0 67
0 56
0 53
0 47
1 7391
3 9792 7261 2018
1 9678
0 12
0 11
4 618 9794 8880 5541
0 18
0 96
0 45
0 31
0 22
2 9796 3849
2 7376 651
1 3796
0 80
0 64
0 79
0 8
0 17
0 41
2 3135 7029
0 9
2 8753 3958
4 8472 4320 247 9203
0 45
0 46
3 7461 3474 9228
0 58
0 69
0 30
2 6746 5721
1 2741
0 10
0 79
0 79
1 9051
0 60
1 4566
0 82
0 56
0 47
0 49
2 363 4045
0 17
0 92
1 1560
0 44
0 89
3 6423 9890 1737
0 87
3 7131 1621 7344
1 9321
0 91
3 5049 884 5167
0 35
4 4469 1883 6593 158
1 8609
2 1459 7592
0 73
0 65
0 94
0 96
2 9817 6592
0 62
0 24
0 18
3 890 4939 2772
1 3708
0 43
0 87
2 2434 3210
0 2
0 87
0 53
1 7638
2 278 30
1 7402
1 801
1 1077
1 5573
0 26
1 8193
4 5484 8888 4710 3411
6 3425 6299 9553 103 1378 2771
0 39
0 90
0 16
0 36
1 5379
0 70
1 7750
0 13
2 8377 3652
0 44
3 2181 5348 4526
1 3353
0 17
0 55
0 75
1 1235
0 45
1 1095
2 690 636
0 30
1 7917
5 1780 9508 6348 9565 3136
0 71
1 9749
0 44
0 58
1 7849
0 73
2 1371 101
2 7095 7755
1 2452
1 1866
0 41
2 6516 9628
0 95
0 20
0 100
0 21
0 69
0 57
0 24
1 8693
1 7920
3 1485 5798 4775
4 3926 8946 8644 6635
4 706 5767 9430 3994
0 76
0 5
5 3970 2088 5611 2086 4324
0 26
1 5168
0 10
1 3792
1 4581
1 9703
0 74
4 1050 6160 6680 7032
0 12
0 34
2 1308 3676
2 7033 5046
0 40
4 7997 412 8791 7327
0 27
1 9608
0 98
3 8428 8132 1148
1 1128
1 9255
0 49
0 50
0 29
1 8803
1 1950
0 5
1 4668
1 449
1 8762
0 20
0 87
0 46
2 3697 6001
0 42
0 8
0 98
0 78
1 9177
0 79
0 4
1 2893
0 86
1 7609
1 5719
3 9990 3662 859
1 5377
0 82
0 98
0 96
1 6578
1 9350
1 291
6627 9206
1266 3237
3782 3546
5429 1906
110 4649
45 1712 8914 8325 1742 9267 3707 5862 289 7106 110 8830 7529 7924 9963 5850 9471 1517 7996 3574 1675 7579 4342 8315 388 9568 3710 7994 7430 746 1586 2892 4854 9659 899 1836 7849 5907 6024 9521 9132 8938 5535 1864 8693 107 3400
17 930 7219 9743 6324 110 4645 797 1970 3205 8871 3873 3105 8407 8380 6201 4358 3393 2655
60 4256 1365 9501 5902 4887 2919 7862 1621 589 1172 1708 1466 1888 4109 8342 3466 8885 1504 9799 9219 9387 3673 9263 3402 940 6831 2247 8296 1216 1517 5111 7144 2200 9814 5029 2956 3451 1427 8600 6507 2635 5790 9010 6017 9822 3317 3185 5061 8506 2009 5758 3072 1034 5554 1613 5234 1698 1864 2695 2290 1313
2 207 4650 8622
50 9099 3237 9945 6695 1969 6385 4050 7939 1509 3799 858 5135 4991 4160 1285 4152 8532 6474 8469 4591 74 8417 4393 7630 1205 3574 7494 5904 6686 1315 8010 3015 2212 2392 2855 2012 755 1883 1747 2340 1670 6835 1956 1367 698 8271 1 7908 1935 4750 7720
