50 2000 0 0
1759 602 1118 1126 960 666 1023 397 1802 1484 390 1824 264 11 1794 1882 384 1204 893 1693 863 1105 1921 198 815 309 662 1442 606 1983 913 726 1521 1822 138 1487 1474 959 784 734 1092 4 331 388 285 470 1553 213 1836 407 
1 558
8 1304 1728 425 1894 398 1857 1292 1633
0 93
4 1836 1547 940 451
0 43
0 63
1 481
0 16
0 83
5 1507 822 681 409 55
3 1750 1960 484
1 899
0 39
1 659
1 856
0 74
1 1350
2 1676 205
0 30
1 1156
1 1587
0 7
1 1233
2 276 1657
2 1563 1231
0 33
1 1916
1 937
3 114 1881 134
1 1392
0 7
0 90
1 1013
0 14
5 1184 1896 453 382 110
1 1142
0 14
0 28
5 1963 555 1945 529 690
0 98
1 762
1 884
0 86
2 1230 1804
1 286
0 13
0 26
0 37
0 86
0 5
2 352 927
0 98
0 8
1 1966
2 1621 1718
0 7
0 21
0 72
0 85
5 1969 365 942 1901 628
0 14
0 44
0 2
0 59
0 34
1 1376
0 24
0 12
0 90
0 79
1 1421
0 21
1 816
0 91
2 1830 461
2 1278 74
2 1582 532
0 78
0 18
0 58
0 47
0 9
2 495 1729
0 80
0 94
1 599
0 36
2 1840 1202
0 84
0 61
0 14
0 84
1 1541
2 896 1227
1 1677
0 9
2 1388 1839
0 47
2 1506 145
0 88
1 1797
2 116 1757
0 100
0 50
0 31
0 44
0 83
0 44
0 75
1 908
0 18
0 71
1 395
0 78
3 465 1424 685
0 23
2 1710 999
0 8
0 76
0 55
0 70
0 11
1 1726
0 91
1 70
3 598 439 1083
1 1314
0 34
1 1180
1 952
2 1255 1714
1 956
0 17
0 51
0 61
2 176 349
2 67 62
3 407 1885 983
1 820
0 62
1 763
2 437 565
0 5
3 1957 1910 1315
1 1044
1 1378
0 51
2 1890 1329
2 809 1478
0 69
1 1583
1 1222
2 1946 882
0 86
2 334 414
0 61
1 1160
0 7
1 335
1 1990
4 900 1713 436 1900
1 1650
3 1491 1138 997
1 1628
0 32
0 42
0 58
0 46
0 4
0 51
1 1658
0 65
1 1922
0 18
0 64
0 73
1 8
0 76
0 69
0 47
1 663
0 39
0 55
1 1049
0 44
0 3
0 38
2 33 1040
1 1131
0 51
1 1064
0 33
1 396
0 93
0 12
2 254 1724
0 40
3 1964 556 486
1 975
0 26
0 81
1 1766
0 82
2 1848 170
0 41
0 8
0 15
0 13
0 64
2 197 1212
0 63
2 75 614
6 161 1908 214 767 1014 844
6 1646 909 1669 489 613 781
0 99
0 100
0 28
0 21
0 64
1 127
0 73
0 36
2 923 233
3 102 166 1183
0 30
0 5
0 78
0 66
2 85 471
1 342
5 126 458 96 442 464
0 28
0 100
1 744
1 1145
1 109
0 30
0 41
1 1976
1 700
1 656
0 4
5 175 785 308 1859 1280
1 1158
0 19
0 41
3 25 1469 903
1 165
2 1754 749
1 647
4 530 1372 1509 857
0 7
0 6
2 611 386
0 37
0 57
4 514 271 878 1832
0 42
0 6
0 90
2 1670 65
2 1081 195
1 1780
5 648 1185 348 415 869
1 1721
1 1557
1 1205
1 895
0 44
0 8
2 672 16
3 361 217 180
2 737 709
1 206
0 73
1 1915
1 827
1 541
0 44
0 98
0 57
8 1645 522 1639 697 886 842 472 832
0 7
0 3
5 354 1892 721 1584 818
0 54
0 74
0 5
0 60
0 79
1 501
0 100
0 1
3 1560 639 738
2 202 643
0 33
2 553 1155
4 459 1416 1060 1324
4 680 210 1098 1858
1 47
0 20
4 1573 1899 1704 1096
0 52
0 15
0 89
1 174
1 237
0 52
2 1381 760
0 12
1 1638
2 225 462
4 1548 1042 667 705
0 31
0 72
1 874
0 88
1 1355
0 62
0 25
0 33
0 23
2 325 1634
3 1926 1925 695
1 1115
1 576
0 56
0 36
1 1883
0 29
9 470 1661 1167 621 1241 544 1827 1815 669
0 95
0 22
0 10
0 98
3 627 574 1341
2 746 946
0 90
0 85
0 46
0 21
2 496 1994
0 29
0 47
5 516 920 957 683 1555
0 94
2 1996 1974
2 966 600
0 40
1 1752
1 790
3 850 587 58
0 19
6 1774 1247 1135 898 912 1973
1 391
2 578 1679
1 797
2 665 664
0 31
0 70
0 42
0 57
1 1652
1 1986
1 739
0 55
2 1586 1182
0 97
2 1789 671
2 274 631
2 840 328
0 82
0 37
0 100
0 29
0 36
0 97
1 699
0 58
0 4
0 91
0 42
0 37
4 1972 277 872 1333
0 13
0 77
0 57
4 493 1354 1835 1691
0 58
5 1204 959 1537 52 978
0 55
0 20
1 89
0 86
2 53 761
0 52
3 1802 726 768
3 617 1745 879
1 222
0 8
0 16
0 57
1 1143
4 1581 1308 1200 1494
0 69
0 66
4 786 268 934 1903
0 22
2 892 19
0 75
0 26
0 20
0 71
0 29
0 84
0 73
4 1723 1218 1382 609
0 70
1 1865
3 1077 742 527
1 32
0 79
0 11
1 191
3 848 1428 1934
0 45
1 1530
2 1240 752
0 31
2 171 1705
0 81
0 87
2 1437 1950
0 61
2 641 1018
0 76
0 59
1 1293
1 72
0 17
3 1198 1434 1252
1 366
0 42
0 91
0 40
1 1133
0 79
0 11
0 94
1 399
1 795
1 1177
1 1107
0 62
0 78
2 1090 1057
2 1805 1405
0 83
4 1390 141 1525 319
0 59
0 31
0 32
2 751 1803
0 39
0 15
2 591 473
0 13
3 1599 754 1614
1 550
2 1607 477
0 33
0 46
1 1694
0 15
2 1671 1791
1 1747
0 74
0 35
0 22
0 14
0 16
2 1317 1991
0 19
0 88
0 57
2 1977 49
0 61
0 23
0 18
1 387
0 39
0 82
1 1079
0 66
0 54
2 1447 181
0 38
0 65
1 582
2 794 1216
0 59
6 1829 1379 924 1199 339 256
1 431
3 36 1033 890
2 491 1928
1 321
0 20
2 1402 889
4 475 1932 1261 1993
0 86
1 1692
2 1790 876
0 79
5 938 862 196 1701 1257
5 1483 1889 800 316 207
5 1375 1430 807 23 143
3 1531 769 1532
2 503 1905
1 1606
0 35
1 125
3 249 650 1604
1 1959
4 584 972 1655 572
0 57
2 1099 1192
0 52
0 61
4 71 632 1450 193
1 469
2 701 275
0 96
1 1414
1 488
0 58
0 43
2 371 939
3 24 1020 1311
1 1165
0 21
0 57
0 97
0 48
1 1239
1 440
0 92
0 18
0 87
2 1327 77
0 100
0 59
2 1716 1863
1 187
3 1564 1551 1906
3 1508 1594 1426
1 755
1 1733
0 73
1 283
1 1850
1 1765
3 173 926 95
0 29
0 7
0 11
2 1409 615
2 322 1577
2 649 1275
0 1
2 435 949
0 74
0 37
0 63
2 1697 498
0 71
0 100
0 31
0 69
1 68
0 3
0 78
0 4
0 83
2 1876 394
1 132
1 1168
2 1170 887
3 1082 1273 718
1 594
2 98 868
0 62
2 500 1228
5 82 1154 1164 455 1760
0 43
1 1503
0 33
0 62
1 246
0 36
0 25
1 1101
5 666 285 1719 642 1084
0 6
0 79
0 20
5 852 1981 1009 1867 1140
3 542 1984 717
2 1524 1949
0 14
0 20
0 19
1 1686
1 1687
0 48
0 29
0 12
0 33
1 341
0 18
1 494
4 724 1452 1166 122
0 35
1 688
1 871
1 944
3 1779 1504 748
0 30
0 96
0 24
2 1031 1853
1 1124
2 1575 988
8 1907 1344 562 1223 905 1738 969 179
0 31
0 69
0 6
0 61
1 478
0 74
0 23
0 80
4 1253 1917 189 61
0 47
3 1415 1869 1041
0 10
1 725
0 85
3 1732 1778 1125
0 4
0 13
0 71
1 1006
1 460
0 67
1 1259
0 9
5 1197 133 215 1462 1617
0 36
0 89
1 401
1 504
4 1456 1500 40 1739
0 53
0 53
0 27
5 1484 390 1794 1550 1095
3 1441 1792 56
0 63
0 15
0 38
0 65
0 40
0 58
1 1110
0 36
0 81
1 806
0 1
3 1235 605 519
1 1947
4 526 1522 350 307
1 278
1 1448
2 866 1209
1 1567
4 728 1298 1419 434
0 10
0 1
4 1150 1523 454 1866
3 1493 433 1838
1 1284
1 1940
1 87
2 377 1445
0 15
1 535
2 1699 1225
0 96
0 43
0 21
2 485 208
0 85
0 18
0 78
0 53
1 1438
3 901 1146 1942
0 53
0 29
3 260 1048 253
0 44
0 96
0 99
1 1720
1 497
1 405
0 12
0 37
0 91
1 1446
4 1613 839 1272 474
0 67
0 34
1 1356
1 1439
0 70
1 867
2 812 1339
1 1207
1 1396
1 1610
0 30
1 1194
4 457 113 772 974
0 51
0 37
1 507
0 70
1 1052
1 1208
1 1179
2 99 38
1 573
0 21
0 64
2 1250 1919
1 1289
3 1673 1248 634
2 374 1740
3 967 1444 1352
1 1843
0 82
2 1055 1971
0 94
0 26
2 780 1796
0 12
2 45 838
1 1384
0 61
0 99
0 66
0 81
0 59
1 150
1 982
1 1211
5 515 1127 1449 9 1741
2 93 27
0 21
1 1887
1 1433
0 27
1 1034
1 1569
2 229 745
1 828
4 1505 1929 476 1665
0 9
1 155
0 50
0 59
1 1457
4 915 1071 12 1417
3 1116 962 3
2 1473 227
1 483
2 1933 1849
2 266 303
1 1605
0 60
0 72
0 6
1 418
0 76
2 1360 1410
1 619
0 52
0 47
2 932 660
1 921
3 1461 1460 259
2 1061 835
4 929 1486 996 269
3 1763 1320 1377
2 1267 645
2 1201 1888
0 11
0 61
0 41
3 1630 1902 610
1 1318
1 1477
2 1169 543
2 1383 1330
1 1820
1 467
2 1649 958
2 258 372
0 31
0 31
2 1755 1305
0 19
1 1485
1 1695
0 36
2 1918 263
0 82
0 91
4 849 1954 694 1771
1 487
2 1210 941
0 75
1 1285
0 51
0 81
0 44
0 85
1 1510
4 136 1737 1004 1736
1 6
0 25
2 1001 955
0 80
0 41
1 432
3 692 1362 1590
5 172 1762 1872 534 1374
3 652 1656 1111
1 128
0 7
3 1515 1070 1518
1 731
0 56
0 62
1 338
0 80
0 9
1 1742
1 1299
0 72
1 1465
4 1566 20 990 579
6 505 135 430 1288 73 444
0 88
2 353 654
0 76
0 99
0 10
0 78
0 21
1 1559
1 34
0 20
0 16
0 48
3 456 1266 1781
1 1403
0 62
1 129
3 1187 1348 1938
0 100
0 42
1 808
0 7
4 1870 1654 766 1086
2 928 1542
1 1499
1 492
1 1844
2 1970 1366
1 1546
6 1921 662 163 1188 402 270
2 235 758
1 1347
5 877 1368 894 1394 1734
0 20
0 91
0 30
2 770 1475
0 10
1 301
0 90
1 1711
3 1895 427 482
0 84
1 653
1 1459
3 1172 953 1501
1 596
1 1300
2 524 888
2 1002 1968
0 42
5 1684 1176 834 1810 1768
1 1936
2 1365 156
2 204 1847
0 8
3 1772 1196 1644
1 774
0 70
2 1898 984
1 400
0 72
2 512 948
1 86
0 64
1 1776
0 12
1 1290
1 1119
1 1003
0 78
0 2
0 78
2 733 740
1 824
1 1245
2 279 140
0 55
0 97
0 100
0 11
1 1028
1 168
2 203 625
2 980 1703
0 49
0 37
3 1104 1997 1078
0 42
0 47
0 25
0 43
0 81
4 239 1773 1387 1046
0 6
3 331 1085 1588
4 397 11 784 107
0 7
0 40
0 69
0 19
0 14
0 17
3 368 1075 221
0 39
1 616
0 5
0 48
1 1930
0 5
2 1558 1540
0 28
0 77
0 89
0 74
0 78
2 1806 906
0 94
1 410
0 81
0 5
0 9
0 81
1 568
0 35
1 177
3 708 295 570
2 137 393
0 67
0 58
0 61
0 24
0 82
2 1886 1436
2 968 851
0 93
3 1279 362 1620
0 61
0 56
0 59
0 50
0 40
0 30
0 59
0 58
1 549
2 1203 346
2 1073 1472
2 998 799
0 82
1 1953
0 82
2 1601 1237
0 8
0 3
2 1897 546
0 1
3 1242 1114 1326
0 14
5 309 750 1597 630 782
0 47
1 48
0 96
0 1
0 25
1 1596
2 101 525
0 4
0 26
0 33
0 13
0 2
0 76
1 1533
0 11
2 69 1592
0 10
0 11
1 1295
4 571 601 1094 1678
0 80
0 10
0 26
2 449 1343
2 1097 389
0 78
0 12
5 1982 1260 220 234 1371
0 6
1 1761
3 80 1323 833
1 121
0 26
0 61
5 1325 1985 1708 1026 696
0 78
0 35
0 18
0 73
0 4
0 13
1 1962
0 10
1 64
0 60
0 89
2 1782 735
5 864 509 1369 1153 76
4 294 1008 658 186
0 12
0 67
0 95
3 1 1852 1217
2 1398 164
2 1412 858
0 3
0 32
0 79
0 78
0 55
1 1502
0 90
0 98
2 589 1361
2 590 821
0 92
0 47
0 15
3 35 686 1526
0 33
1 1874
0 86
0 9
0 6
1 1065
0 68
0 28
0 20
2 1632 359
1 192
4 830 1427 1952 954
5 1092 388 1625 151 933
1 1775
0 3
2 1129 1174
1 1927
0 55
0 52
5 1735 403 292 775 103
1 1258
0 35
0 92
0 68
0 54
10 264 1442 138 592 804 1956 1301 691 1496 1788
0 8
3 420 1715 1979
0 70
4 508 706 1088 557
0 81
1 287
0 32
9 1824 1105 1822 734 4 1385 1975 351 357
2 765 479
1 1998
1 1545
1 200
0 9
0 41
0 15
3 537 1189 413
4 817 1666 985 1151
1 897
0 73
5 1909 1431 290 1749 412
4 1891 1520 1873 865
0 9
1 152
1 245
0 60
0 21
0 61
0 65
0 66
0 96
2 1539 622
1 1987
0 52
0 91
2 829 1224
1 1821
0 89
3 623 1862 855
0 44
0 64
3 1349 1818 267
0 7
1 1268
1 1619
0 90
0 97
2 1074 5
1 1395
3 805 950 1722
2 91 1675
1 380
0 52
0 25
1 327
0 71
0 89
0 74
1 15
2 1035 1809
0 40
0 38
0 64
0 18
1 583
0 25
2 560 965
3 306 704 81
0 66
0 5
0 36
0 76
1 416
3 356 429 1481
0 86
0 66
0 92
1 1310
1 147
1 139
2 1054 408
0 5
0 24
0 89
1 326
0 66
5 893 633 1846 1120 238
1 219
0 64
1 1306
0 5
0 28
1 1091
0 55
0 37
1 1232
0 31
1 1364
2 1144 1340
0 63
2 378 1955
1 385
2 14 1087
1 593
2 1878 1988
2 1784 250
0 56
0 34
4 881 1076 624 1764
0 35
0 35
0 34
4 991 37 1572 1342
0 85
0 41
0 39
0 89
1 715
0 56
1 1937
0 69
0 25
1 545
1 262
1 777
0 95
0 50
0 97
4 1861 1269 148 1696
4 1591 607 1527 1585
1 104
0 72
0 17
1 703
0 32
0 89
1 559
0 47
1 719
0 11
0 89
0 35
1 248
0 49
1 1249
1 490
1 54
0 86
2 42 1801
0 6
0 76
5 846 1147 1262 1148 119
0 49
0 29
1 1783
0 39
5 1800 199 1576 771 551
0 30
2 1999 1397
0 97
0 47
0 14
0 72
0 69
2 31 314
2 293 288
1 1234
0 17
0 85
0 36
0 53
1 1408
2 1556 1823
0 33
2 411 964
1 1265
0 46
1 57
0 43
1 995
0 68
1 943
0 29
1 1534
2 1707 1700
3 333 1380 1130
2 1159 1373
0 85
0 79
0 17
2 1328 1516
0 50
1 1743
1 1579
0 4
1 1346
0 45
1 540
0 82
1 1213
2 789 1058
0 49
0 83
1 468
1 13
0 38
0 90
0 40
0 68
0 20
0 39
0 41
0 75
1 1109
5 211 773 1100 1367 448
0 5
0 87
0 35
1 1458
0 51
4 1807 115 710 1113
2 18 1238
0 31
0 69
0 97
0 42
3 117 1995 1845
3 1254 796 1463
1 1389
0 39
0 54
3 336 707 1102
2 1904 1489
0 27
0 63
0 96
1 1302
1 971
1 1271
0 94
0 23
0 16
0 100
1 870
0 7
2 370 190
0 4
0 64
0 69
0 53
3 931 539 1010
1 792
1 1286
0 60
1 182
1 1464
0 48
2 1012 979
0 98
0 44
0 65
1 1612
0 99
3 510 585 1777
0 18
5 1467 538 406 1808 146
0 14
4 1662 803 224 480
0 53
2 1294 1291
2 843 880
1 1214
1 1856
0 73
0 41
0 13
1 318
1 1401
0 77
0 96
0 28
0 85
2 280 373
0 67
4 1139 1370 265 315
0 65
0 67
0 87
0 77
0 70
0 91
0 6
0 2
2 1332 1688
1 1851
2 1717 2000
0 29
0 27
2 1263 569
1 810
1 675
1 317
0 36
1 1016
4 1578 636 1423 218
0 71
1 1045
2 59 330
0 81
3 1616 561 1432
0 29
1 548
0 3
0 9
0 89
3 521 438 158
1 566
1 1024
2 518 167
3 1404 1611 837
1 422
0 51
2 1175 1357
1 1828
4 1487 1553 1141 1813
0 48
1 1492
0 58
0 6
0 2
1 130
0 41
2 424 216
3 831 640 272
3 360 1152 936
1 1875
2 989 1137
1 1978
0 63
2 201 1842
0 39
0 14
0 34
1 106
0 17
2 1296 1399
0 93
0 40
0 42
1 902
0 23
3 1868 847 310
0 17
1 1681
0 27
0 88
3 313 1451 1948
2 392 79
1 1136
0 25
1 925
0 7
3 450 783 178
0 65
0 88
1 1215
4 1882 499 78 711
1 885
0 43
4 1495 1924 1322 236
0 91
0 40
0 9
2 247 801
1 1400
1 1353
0 38
5 907 511 860 1476 1157
1 1769
1 554
0 12
1 668
3 1798 1517 154
0 17
1 1593
0 13
2 657 1816
3 84 41 1629
1 1837
3 1336 1651 1944
3 1307 517 674
0 29
1 1443
1 1335
0 90
1 209
0 10
2 261 811
0 93
2 60 1635
0 1
0 6
2 26 723
5 39 1345 873 337 547
3 1251 1536 722
2 506 1163
0 73
0 82
3 819 919 1019
0 33
3 916 1391 50
1 1967
0 25
2 1089 1181
0 42
1 875
1 1236
2 1514 1689
1 1316
4 1015 973 1512 854
1 1121
2 363 1793
0 55
1 1871
0 66
0 44
1 446
0 63
2 1337 1608
4 1440 1471 1767 428
2 311 1069
0 70
4 917 1561 859 1297
0 84
3 678 226 383
5 2 778 1497 1855 918
1 111
0 15
0 86
1 1270
0 91
1 673
3 1549 83 1814
0 10
0 55
0 33
0 23
0 53
5 787 1193 160 228 43
0 89
1 1319
0 34
1 1812
0 63
0 9
3 184 853 1511
2 743 305
3 981 712 1667
2 273 935
0 49
2 1420 1005
0 12
3 747 1093 629
2 581 1624
0 66
0 41
3 753 677 343
0 93
1 1570
1 823
0 54
1 1513
0 22
1 108
0 62
0 36
4 1589 1274 1007 563
0 67
4 1037 1980 1056 1287
3 1682 1795 1653
0 92
0 33
0 79
0 72
0 41
5 1220 1321 118 779 1038
0 96
0 38
0 62
4 1068 1053 1393 577
0 34
1 764
0 4
0 65
0 21
1 323
0 56
0 76
2 513 1571
1 603
0 15
0 92
0 54
0 56
2 1643 1277
2 1931 332
0 89
1 992
0 36
2 1626 1690
0 84
0 33
2 714 1943
2 1186 1819
0 24
0 75
0 30
0 17
3 1642 1482 1685
2 1195 914
1 651
4 798 1425 1683 1562
0 70
3 1961 1568 994
1 961
2 284 381
0 75
4 1051 257 552 1580
0 59
0 14
0 17
0 1
0 5
1 528
0 77
0 15
1 1062
0 40
0 8
0 31
0 26
1 1602
0 81
1 1756
4 223 788 1066 1063
0 36
1 1706
0 56
0 52
0 17
1 802
2 1833 1351
0 71
0 78
1 1011
1 1229
0 72
0 77
0 26
1 289
2 813 1554
1 1429
0 84
0 44
2 825 112
2 567 682
1 741
0 35
1 364
0 73
0 25
1 676
0 21
5 684 1920 1648 883 1698
1 1128
6 863 606 913 282 1529 1826
1 945
0 87
0 25
0 31
0 74
2 661 713
0 10
0 86
2 1283 1647
0 22
0 93
1 1358
3 1538 240 1047
0 60
1 1709
0 81
0 98
0 92
0 2
4 188 1725 159 1787
0 98
2 355 153
1 1912
2 993 1598
0 3
3 1751 90 1631
0 77
2 1785 1535
0 69
2 1000 212
0 96
2 655 793
0 38
0 22
2 604 1413
0 19
0 86
2 1454 1939
2 1030 1618
0 21
0 59
1 421
1 1860
0 6
1 242
0 2
1 1544
0 52
1 1595
0 23
1 1468
0 6
0 4
0 85
1 1672
0 79
5 302 46 891 720 963
2 1479 1730
0 27
0 18
2 1893 340
0 66
4 1191 21 588 1884
0 89
2 369 1029
6 602 1118 1126 1134 1149 1680
0 8
1 564
1 1640
2 304 976
0 79
0 30
0 74
1 66
0 85
0 20
0 59
0 82
2 423 757
0 73
4 94 644 732 142
0 100
4 452 1989 930 987
2 845 1565
1 861
3 28 194 523
0 54
0 31
2 1712 716
0 43
3 947 1744 22
1 986
0 37
0 73
1 1466
1 120
1 1786
0 64
0 92
0 46
5 198 1983 358 1162 1281
0 68
0 26
0 31
1 1264
3 149 1609 1276
2 1418 344
1 977
8 815 1521 44 417 298 1039 1543 1923
0 71
0 93
2 1453 595
0 39
1 88
0 25
0 15
1 100
1 244
2 131 531
4 1221 1636 466 608
0 42
0 70
0 82
2 296 1770
2 1313 904
0 43
0 11
0 28
5 144 169 1243 1050 281
0 57
6 213 10 404 1435 756 1731
0 72
0 99
0 1
0 82
1 1106
0 57
0 95
0 39
1 702
0 99
1 324
3 1112 347 419
0 46
0 47
2 162 1059
4 730 620 1206 736
6 1246 1664 626 1668 646 445
0 44
1 1178
0 92
2 105 520
0 66
0 14
1 1519
0 100
0 32
0 95
1 698
0 12
0 8
2 536 1022
1 727
0 68
2 1173 185
1 637
0 21
0 61
1 1811
0 36
1 1935
0 55
0 27
3 51 1753 251
1 1027
1 255
0 17
0 81
1 1831
0 83
0 51
0 81
1 1386
3 1067 92 1312
1 124
1 1032
1 1951
2 638 922
11 1693 1474 1338 1331 951 1219 689 1043 612 1282 826
0 51
2 1498 1309
2 841 1911
1 17
0 63
0 91
1 320
0 59
2 1490 533
0 47
1 1965
5 1623 1411 97 1256 1488
1 1622
1 29
0 87
1 329
1 1674
2 1864 1021
0 66
0 22
0 25
1 375
0 71
0 17
4 1641 693 1748 776
2 230 1727
1 157
0 94
0 14
0 2
4 1226 1455 1123 1017
0 60
0 14
0 74
3 63 791 1117
1 1171
1 252
0 74
3 679 299 1108
3 759 502 183
0 43
0 59
3 1161 1825 1470
1 635
0 14
0 60
1 597
0 24
1 379
1 447
0 58
0 31
0 1
0 58
1 291
0 85
0 83
1 618
3 1190 1244 1132
0 99
0 16
0 87
5 1841 1799 243 586 575
0 60
5 1122 1603 376 1334 836
1 970
0 18
0 74
1 1407
1 1480
1 1914
0 81
1 1080
1 241
1 441
3 729 1615 1659
2 1879 1406
0 42
4 1528 1702 1574 1303
0 69
4 1913 1363 1758 814
5 463 345 1637 911 7
3 1627 580 670
0 55
0 66
0 46
2 443 297
1 1941
0 35
3 1552 300 1025
0 42
0 51
3 123 1072 1854
0 98
2 1660 1834
0 27
1 1359
0 7
4 231 1877 1422 1746
2 232 1663
2 1880 1600
0 47
2 687 30
0 21
1 1817
0 41
1 312
1 1036
0 84
0 86
0 59
0 80
1 426
0 25
2 910 1992
0 41
0 62
0 40
