100 10000 0 0
6980 2235 1118 7026 4663 6270 6709 5608 4576 1484 390 1824 264 7021 7264 3360 8143 5284 2038 4504 9033 8447 1921 5858 5685 309 5851 5816 8496 8842 5736 5952 2322 3002 6497 7306 6136 4871 784 7448 3567 4 331 4464 285 470 2611 2971 3805 3237 5217 8827 7713 7397 5094 4236 3529 2066 2937 6169 9509 1456 282 3546 2762 3222 555 4781 163 3146 3746 648 9778 9059 7762 8394 6297 3781 9708 5295 6304 4814 299 7054 1813 4490 2343 4029 2564 9216 6550 9206 8483 3141 7522 7791 4957 7039 8774 7346 
0 81
0 41
0 71
10 4464 4236 3746 1774 6777 2480 2405 5948 5007 6991
0 85
3 6818 5310 8294
1 1271
1 5601
0 44
2 6353 9925
0 14
1 5095
0 75
2 9711 8853
0 26
1 1981
1 5920
3 4915 4950 6589
0 41
0 6
1 1110
1 9951
0 24
2 9447 6944
2 3428 6941
0 68
0 33
4 9693 2024 7331 1198
3 994 1837 1435
1 515
0 61
0 6
1 3811
0 15
0 63
0 4
0 3
1 4089
0 86
0 100
0 59
1 1648
1 6157
0 92
2 4122 6690
0 63
1 439
0 33
1 5476
1 4805
0 10
4 6333 9943 7771 7084
1 4320
0 40
1 494
2 1462 7651
2 9004 698
0 99
0 3
0 36
1 7320
3 8417 539 4135
1 6177
0 17
0 85
0 54
2 3775 6404
0 90
0 99
2 8940 5018
2 9421 8570
1 26
0 31
0 87
1 4227
0 24
2 9365 8216
2 5841 8576
1 4964
0 4
1 5014
1 1803
0 39
0 56
0 14
0 94
0 48
6 8633 1276 9037 5517 4514 3167
0 98
0 99
1 9624
0 9
1 1216
1 6052
0 35
0 78
1 2483
0 56
0 86
0 85
0 69
0 4
3 8424 6722 8802
0 61
3 6889 997 8756
1 4460
0 25
0 74
0 89
2 8104 8245
0 61
1 7457
2 4316 6645
0 32
5 2081 5529 8012 6033 1422
1 8929
0 17
2 1965 6475
3 5280 2969 1401
1 4919
0 79
3 1224 3891 8889
0 85
2 2433 7661
4 7918 3605 2427 2135
3 3663 8133 4478
1 6435
0 10
0 18
0 100
0 58
0 54
3 5634 5970 9240
3 5745 3436 1802
0 46
0 100
0 74
3 3928 8523 1074
0 21
0 42
1 2323
0 54
2 6301 1717
2 6651 9027
3 9873 6974 3727
2 6071 3409
0 82
0 70
1 9992
1 9094
2 3163 5335
0 67
0 52
1 5404
0 49
0 90
1 8991
0 25
0 20
1 4638
1 259
3 4997 4071 5313
7 5713 6194 4207 9229 7986 7133 8658
0 35
1 7011
0 23
0 39
0 65
1 610
2 4688 4281
5 9067 1700 8110 8968 532
1 8748
0 81
0 1
0 18
0 37
0 31
1 225
0 76
1 5733
3 908 6493 5687
2 9078 8332
1 6344
4 4093 6441 1169 8828
1 4732
3 9689 5107 1773
0 91
0 32
1 7092
1 1035
1 9739
1 4389
4 1056 9615 8437 2772
0 2
0 29
0 96
0 54
2 4457 4222
0 7
1 8982
4 2020 4463 9527 1428
1 4644
1 771
0 23
1 6076
2 5547 2827
0 6
0 100
1 1463
1 7527
0 91
1 5024
0 64
0 10
3 1903 773 4559
2 1430 3747
1 1913
0 63
1 5374
2 4013 4500
1 6717
0 68
1 825
2 5279 483
0 98
4 9657 3367 4884 6782
0 43
1 3363
0 49
7 5697 256 5838 669 3520 2249 5629
1 8149
0 11
0 5
0 23
1 1795
2 2765 6823
0 86
3 9525 293 9293
0 62
2 9402 8348
1 8402
2 9476 9719
1 424
2 4872 8804
0 11
0 69
2 9250 4340
0 80
0 89
2 8601 7194
0 48
0 31
1 1042
2 1570 8209
2 5097 3484
1 8368
2 6833 2264
1 7218
5 2874 1905 8085 3867 5783
0 58
3 2805 40 1335
2 5676 1308
1 5173
6 2066 9578 5248 1433 6272 3415
7 6226 9044 5175 2338 9598 193 2233
1 7575
0 66
2 5031 149
1 1052
1 8201
0 76
0 78
1 1025
0 17
0 11
1 9426
1 8351
1 6093
3 2142 2607 7723
4 2147 2707 7499 2186
1 5846
4 9068 9084 2836 3300
0 26
2 3644 760
9 7762 9206 6170 2936 4531 9781 5565 8264 1148
0 12
0 76
0 97
2 540 4444
0 98
0 73
2 9910 7044
3 4650 3523 7821
1 7069
0 54
0 24
0 65
0 47
3 5022 9136 9875
1 3395
4 8011 5401 3276 999
1 561
3 6831 5365 9220
1 5388
0 70
0 77
1 2265
0 29
5 8496 1894 4655 9242 7475
0 22
1 3331
0 19
0 34
1 8747
1 9850
0 1
3 3935 8996 8790
0 61
2 1650 7721
0 25
0 37
2 7348 8843
0 77
0 81
0 67
4 2901 190 7175 3773
0 78
1 9962
0 43
0 52
3 1713 6250 7974
1 8208
0 38
1 7736
0 45
0 71
2 3608 6129
1 7717
2 9496 8698
5 9294 2579 1524 9050 7031
2 6098 4498
0 99
0 35
0 28
0 89
2 1336 6224
0 77
1 8412
0 4
0 69
1 8725
5 4311 8764 7332 42 6862
0 15
2 5081 3132
3 536 5718 5686
1 9321
2 3505 8187
1 4245
0 94
0 60
0 9
0 22
2 9339 2422
0 45
1 2344
0 54
8 1220 5416 4141 2540 1076 9757 5297 2447
0 10
0 50
1 8616
3 9366 8319 8545
0 78
0 44
0 7
4 934 5834 268 5991
2 1694 9323
1 2362
0 85
1 567
1 7857
0 22
1 3474
1 5870
0 21
1 5526
0 36
0 31
3 1637 5825 2549
0 6
8 4504 5851 3237 5094 3989 1772 9175 2261
3 3595 7309 1078
4 9143 7788 4740 6434
0 40
0 4
2 9699 6080
1 8792
0 33
3 759 3130 7759
0 57
1 6603
1 8653
3 4704 6083 8020
0 92
0 72
4 6339 943 8357 8000
1 9765
0 9
1 1568
1 2617
0 16
0 17
1 9583
8 7853 6710 3551 5352 4034 9468 7514 5072
0 79
1 1910
0 5
3 8986 6868 6954
0 72
0 54
1 7111
1 364
0 84
0 23
0 74
0 81
0 42
0 48
2 7668 7366
0 21
2 1501 778
0 82
0 1
0 5
0 55
0 30
1 9384
2 6677 1757
1 978
0 80
0 60
0 15
0 15
2 5420 119
1 2756
0 70
2 9338 9751
1 5597
2 3026 32
0 16
0 10
0 18
0 20
3 7652 3011 1956
2 6836 6148
1 4826
3 9640 2575 7774
4 6212 2251 8062 3882
0 97
2 5796 4070
3 2734 5462 3778
0 4
0 39
0 49
1 8638
1 1562
0 19
2 3232 9768
0 32
0 15
6 4630 4284 7392 4228 9871 6644
0 74
2 1703 8473
4 255 6199 7847 4961
2 2238 5906
1 7301
0 14
0 86
2 3677 4148
0 51
0 13
0 11
0 89
0 19
3 2794 2217 6978
0 7
5 8681 3499 231 7735 1039
0 81
0 86
1 2005
0 65
5 3901 887 3310 8363 758
1 4401
0 10
1 5677
0 12
0 97
0 38
0 15
1 1806
2 4995 10
3 8148 9073 7488
5 8451 8487 1669 851 1015
0 17
1 8030
0 22
0 16
0 35
0 55
0 97
0 77
0 74
0 89
0 44
0 17
0 29
0 53
0 55
3 7141 8081 7205
0 57
1 4921
1 9744
0 5
1 8535
0 28
1 9158
4 8047 7604 1108 1255
0 59
0 69
0 65
3 4982 5989 4255
1 6237
0 94
0 88
1 7450
2 6406 1831
3 7686 3711 7050
8 4378 126 5202 2923 9161 9846 3087 1665
0 1
3 5584 926 109
2 9835 569
3 5843 9060 8531
0 10
0 66
1 8415
0 57
3 3352 2792 5327
2 1088 9182
1 9274
7 8378 6811 2714 6319 3271 2664 6810
0 40
0 27
3 6984 4388 724
2 3457 1578
0 75
5 2913 3328 5489 3143 9312
0 66
0 67
0 59
3 7663 1880 4054
2 7538 3443
0 5
0 61
0 69
2 9346 3714
1 3538
5 4283 5260 4370 4671 4075
0 55
0 5
1 8965
2 1738 9460
0 97
0 17
2 2612 8651
0 71
0 8
0 34
0 24
0 24
0 38
1 8757
1 3247
0 1
0 71
0 11
3 829 5542 4342
0 34
2 3516 1155
0 88
0 12
0 24
2 3318 6247
1 2781
4 3080 560 5531 2613
1 49
1 3099
0 2
3 245 9602 897
0 34
0 6
0 74
0 9
2 9900 4654
0 69
0 55
1 7082
0 79
2 5291 8758
0 19
2 4120 6680
0 25
0 19
2 4804 6641
1 6789
0 37
0 4
0 48
0 7
4 9967 9091 2195 9742
0 14
1 6648
3 8066 8770 8460
4 8059 7594 513 6332
0 13
4 1879 2647 4223 9359
0 88
4 6653 7579 777 1618
1 1229
1 6381
0 31
6 4607 5230 931 5019 8987 4244
0 49
3 9006 54 5457
1 382
1 4208
2 5520 1334
0 7
0 33
0 75
1 3751
0 22
1 603
0 93
0 79
6 1434 1274 6385 2875 1849 9373
1 8921
3 6654 7287 3730
0 4
4 299 6204 1290 5268
0 38
0 27
0 1
0 22
0 53
2 6015 1266
0 39
0 8
3 6426 9886 2283
4 7172 668 4675 3534
1 6904
0 11
1 4847
0 41
1 7931
3 8032 6174 7927
0 80
1 9297
1 3381
1 4885
0 97
1 2218
0 59
0 41
0 62
4 6398 5005 3871 962
0 94
1 312
0 33
0 66
0 22
2 6807 4863
0 40
1 3813
0 100
0 82
2 1032 3886
0 54
2 1491 8675
2 9451 834
2 6468 6693
2 3912 4367
0 27
0 70
0 65
1 9166
0 19
1 9367
0 75
0 37
1 5146
0 55
0 56
1 7183
2 6133 3819
0 3
0 49
3 3145 1572 1312
5 9974 4708 2442 2295 8984
2 1630 7778
1 6325
2 2670 2680
0 67
0 9
0 71
0 94
1 3003
3 2437 3588 2079
0 65
0 43
1 4096
0 40
1 5196
2 2436 2014
2 883 1167
0 27
0 19
1 5572
0 43
1 9427
0 74
4 6564 5692 3188 4590
5 9998 2907 9818 9680 2173
7 4948 5355 6512 9912 441 7913 1844
1 4209
1 4359
1 3854
0 39
1 1762
2 8129 4139
0 60
1 6886
0 96
4 6760 5612 2688 5405
0 97
1 746
0 3
0 6
0 25
3 2239 1833 8290
1 3387
1 3008
3 8307 3917 8372
2 3462 2731
0 54
0 19
0 56
0 19
0 43
0 51
2 845 6389
1 6861
1 3157
1 8418
0 84
0 47
0 1
2 9776 9766
2 3210 8068
0 6
0 28
0 47
0 73
0 18
3 36 1232 2963
0 48
0 10
0 47
0 70
4 8637 2303 8244 8780
2 4103 294
0 77
0 36
0 50
0 57
4 7346 3122 5470 6099
0 48
1 2061
0 30
1 2314
0 50
0 12
0 3
0 75
3 4269 1459 4525
0 65
1 4026
1 7336
0 87
0 80
0 76
5 8155 1405 3345 1902 8320
0 51
6 8808 6552 8706 1242 2319 4900
0 3
0 32
4 8926 6894 4658 982
4 4086 9386 6796 1893
4 5579 3892 9508 5026
1 1445
0 84
0 18
4 437 391 3342 1132
6 5200 1301 5619 8272 1415 9215
2 613 6741
0 82
2 7463 7941
1 7018
0 92
0 30
3 3043 3303 1730
0 2
0 26
0 53
0 8
1 2744
0 79
2 7517 1498
2 8491 7966
0 84
1 6865
0 94
8 2189 25 7792 2378 7911 5642 4010 4291
3 7485 8137 1758
0 53
0 88
1 4784
1 9769
3 7184 9792 8521
0 27
0 90
0 18
2 1768 1854
1 6002
2 8330 3241
3 7222 3552 6343
2 5844 9313
5 5262 9423 2298 9403 3876
1 9939
3 7064 2373 4469
1 7387
0 62
3 4574 145 9564
0 72
0 66
0 61
1 8814
0 41
4 5406 5776 1164 147
0 71
1 5878
3 506 1820 4012
0 33
0 97
0 5
1 8526
0 78
1 2112
0 41
1 3907
0 56
1 954
0 60
0 90
0 67
0 98
0 15
0 25
4 3284 3021 3591 3949
0 14
0 60
0 21
0 47
0 82
1 3752
0 10
1 388
0 98
2 4160 3594
0 90
2 9302 8953
0 60
2 9990 5749
2 7590 1656
2 4599 185
2 7452 3825
2 5303 1409
0 17
0 25
3 8769 8214 7155
0 58
0 78
0 94
0 87
2 9163 2502
0 71
0 60
0 33
2 8744 3067
1 3062
0 48
1 8831
0 82
1 234
0 99
2 7619 3838
0 23
0 7
4 3096 6466 9401 291
1 1142
3 7110 8045 6338
2 7242 7606
0 64
1 1686
1 7964
0 71
1 6011
1 527
0 92
1 2414
1 1090
0 30
0 29
0 5
0 4
0 17
2 3896 6122
2 4186 2080
0 73
0 6
2 4798 635
2 7127 1311
1 4840
0 78
2 5630 745
1 5251
4 4136 7185 7978 9047
3 4879 5218 6261
3 3291 6903 2506
0 37
2 3640 3511
0 1
1 1782
1 2212
4 2934 8536 2067 8236
0 6
0 79
0 11
0 54
0 41
0 97
2 8608 3650
0 85
1 5861
3 9340 6613 6219
1 5282
2 1897 7926
2 6131 4790
3 5663 7341 2069
0 93
0 8
1 2381
3 7251 6102 4633
0 88
0 12
0 17
0 50
0 80
3 261 7578 5204
2 7912 2085
0 45
0 53
1 5472
0 12
0 3
0 62
0 39
0 2
1 8407
1 2293
0 20
1 4150
1 9397
1 5183
0 61
2 6643 8530
0 71
0 15
0 97
1 701
0 83
0 1
0 47
2 7152 4556
0 68
0 92
1 9973
4 2507 3607 6440 3374
0 1
1 952
2 3286 233
2 7253 2163
1 5750
1 6494
3 8150 3961 8762
0 87
1 6758
1 7608
0 85
0 50
1 4660
1 6024
1 1419
0 32
1 3802
2 9162 7027
0 97
2 4169 9963
1 9907
0 26
5 9087 1107 1354 168 9555
4 842 7961 5632 5888
0 17
1 7883
1 167
0 48
1 217
0 86
1 1891
0 44
0 53
0 20
1 2801
1 2134
0 23
0 15
1 65
0 99
2 918 2651
0 8
1 4361
1 6084
6 9205 689 3855 7678 1895 2519
0 42
0 41
1 9165
0 16
2 8474 9558
0 32
1 2603
0 37
0 35
0 20
2 9791 6372
0 24
3 6039 346 429
2 7362 2270
0 30
0 23
2 5711 3109
0 95
1 3129
0 63
0 57
2 6933 1989
0 99
0 83
3 711 8547 1141
0 46
0 60
0 47
0 35
0 30
2 1943 4199
2 5569 3533
1 4579
0 41
2 2586 8875
2 7747 3446
2 7254 2136
0 18
0 85
0 81
1 1721
0 23
0 40
0 89
0 85
2 9908 4789
2 2059 229
1 3759
1 1938
0 29
1 645
0 36
1 5930
0 25
1 1502
1 7882
7 8197 6719 6051 9379 9416 5730 1296
0 47
0 68
0 6
0 37
0 9
1 7281
3 8896 671 6614
0 39
1 6337
6 264 8447 8146 5553 6262 5392
2 8227 4061
0 50
2 9469 1013
0 77
1 64
3 7327 3760 2899
3 3402 1079 2185
0 11
0 80
1 2052
2 8975 2044
2 6415 6263
1 7624
0 41
1 4640
1 4161
2 8276 3108
2 9086 3779
1 8324
3 646 6026 1504
1 7915
1 4813
0 62
1 2229
2 1350 3280
2 6166 953
1 9101
0 76
2 5108 2689
0 58
0 60
3 8350 8640 6999
1 4874
2 833 9567
0 11
0 54
1 6375
0 85
3 5910 5092 7804
0 53
0 14
0 96
4 3425 8812 7192 6197
0 17
0 56
1 8823
1 2665
7 6884 1928 9697 7846 4198 386 2144
0 3
5 9780 3637 2454 750 3975
3 7120 3556 3735
0 34
1 5746
3 8098 7095 1197
2 9779 1892
2 7083 3042
2 427 6610
0 7
0 62
0 59
2 591 8724
1 5302
1 9854
0 57
0 30
0 12
1 4931
1 8863
1 9265
1 4647
0 96
0 47
3 235 6562 2248
0 9
1 5300
2 9310 7243
1 6264
0 53
0 66
1 237
0 31
2 8590 5968
3 3249 8692 9208
0 44
0 19
0 78
0 94
0 75
2 2881 599
1 665
0 70
0 71
1 432
1 6380
0 65
2 7047 7649
3 2917 1832 9690
0 60
1 4480
0 74
0 97
3 8954 1214 9055
0 95
3 2979 8356 2561
2 5192 4099
0 10
1 6672
4 4276 5000 4350 604
0 85
0 93
0 45
0 55
1 3614
1 1002
0 11
1 7015
1 3758
0 97
1 4773
0 25
1 6658
1 5001
0 29
1 7546
1 9043
0 76
0 63
1 5578
0 9
1 93
0 34
0 90
0 77
1 6123
2 9904 6205
1 9941
1 9173
1 4918
2 2438 9688
0 85
2 7521 7128
1 1316
1 2933
0 52
2 1660 9174
0 100
3 6581 744 306
0 13
0 3
0 72
1 1160
2 5433 6803
0 69
0 14
0 67
2 5622 8791
0 89
4 6414 7202 9453 1923
1 8852
2 1800 1036
1 7402
2 6346 1599
0 47
1 3060
0 44
1 5540
0 5
0 74
0 71
0 98
3 7328 5446 7960
4 133 3277 9417 3955
0 49
0 16
1 7547
3 2944 9798 5780
0 31
0 72
3 7920 1755 7742
0 81
0 13
0 87
3 5318 5445 4011
0 80
2 6815 8587
0 61
1 4346
2 6945 4058
2 177 4672
1 9357
2 5499 2397
3 1248 4727 8886
0 46
6 7745 1807 2909 6189 620 451
0 17
0 88
1 8844
0 66
0 64
5 3275 355 1381 2983 7349
4 6082 8592 2810 2029
0 10
0 94
0 47
0 53
0 39
0 94
3 8218 4819 4897
2 5763 8323
0 86
0 82
5 9717 7500 2120 7445 9968
0 93
1 459
1 6089
0 12
0 85
0 95
2 1908 499
0 74
0 58
2 5919 5555
2 1497 7158
0 97
0 55
1 2252
2 2820 5695
1 3191
0 10
1 2214
4 3601 1856 6091 4323
1 3628
1 7444
0 36
2 5469 6303
0 51
1 2049
1 1874
0 50
0 73
0 16
1 6145
0 98
0 90
6 6246 5561 4085 6625 1890 6291
0 46
1 2791
0 73
1 4022
0 30
1 6533
0 60
1 2632
0 24
0 37
0 46
0 56
0 28
3 5497 9442 3281
0 98
0 76
0 36
1 8957
1 263
7 2463 1682 8337 9016 9209 7691 9548
0 81
0 67
1 9203
2 5205 2299
0 87
1 8611
2 3494 4603
1 1096
0 75
0 79
0 23
4 2182 9432 7483 1480
0 99
1 2683
0 33
1 2807
0 9
1 9142
4 9898 7706 7595 3419
2 4890 8972
0 100
0 7
0 98
0 9
0 70
0 74
0 88
0 2
2 1760 5702
0 97
0 80
1 4040
0 71
1 3715
1 4105
0 41
1 8057
0 53
1 1765
0 18
1 1221
0 76
0 1
2 1199 7675
1 9897
1 2740
0 65
1 3198
0 43
0 7
2 4520 5901
0 96
0 75
3 8088 5047 3493
0 67
0 8
0 62
0 4
1 1815
5 6313 7350 5929 6012 7071
0 7
2 6429 4808
1 6885
1 488
0 13
1 51
0 67
0 41
0 65
0 44
1 3873
3 7246 5025 9995
7 8099 5197 4719 939 1360 8124 9845
0 16
0 8
0 82
0 24
2 4588 3795
1 1379
0 97
0 43
1 5656
1 8942
1 9692
1 5126
0 89
0 22
0 98
0 31
2 893 1091
0 82
7 8652 7888 831 5528 6916 278 4349
0 35
1 2306
2 776 1367
0 10
0 29
1 1208
1 7325
3 9058 2271 327
6 3360 8842 555 7698 3963 6949
2 1976 221
0 10
1 8659
1 8571
0 39
0 4
1 8128
2 4614 9477
2 1338 8135
6 110 8580 6183 4812 9494 5997
5 1231 8847 7374 1747 380
1 7067
0 23
0 14
0 60
0 20
1 4036
0 71
4 6756 9928 8966 5323
3 2349 7855 247
0 1
1 5350
0 18
2 6860 2340
2 1099 98
2 2215 34
0 39
0 56
1 8445
0 58
0 75
0 34
1 7662
0 89
2 9009 8856
0 18
0 6
2 1918 360
0 92
0 74
2 7088 6315
3 3396 6628 8506
1 1306
3 7862 5185 3888
1 3489
0 87
0 68
0 63
0 4
0 94
0 14
2 4028 8191
1 4216
2 2205 787
0 89
0 73
0 26
1 2404
0 96
2 3410 9715
5 4032 8891 8183 2169 1453
1 9226
4 4237 1393 2273 7063
2 8243 3052
1 2258
2 9214 2787
0 32
0 49
2 1662 3846
0 45
0 48
3 9576 9434 8515
0 76
3 2091 1441 2640
1 3208
0 29
0 32
0 21
0 98
1 7323
0 77
0 74
0 47
1 1230
1 686
0 70
0 48
3 2906 9100 57
1 7571
3 9543 8405 5922
1 2077
0 71
0 45
1 4507
1 2736
0 37
2 4215 8999
1 785
1 9996
1 2645
0 9
0 85
0 10
1 2412
1 1593
0 1
4 4606 112 5589 9385
0 14
0 59
1 3942
1 8091
2 988 9802
0 27
0 67
1 1552
1 5243
3 3227 2562 7560
1 4939
1 3266
0 4
0 28
1 4177
4 5083 4439 8557 5867
1 9568
4 2699 4462 7101 5382
1 8468
0 6
1 4843
0 56
0 90
2 5451 3501
1 4684
0 80
0 52
0 71
1 9024
2 2522 3785
0 13
0 22
5 1600 7969 3343 4967 8308
0 71
0 55
0 34
0 55
7 2152 3330 5965 7381 100 956 58
2 5618 3212
0 72
2 7305 5402
1 3403
0 75
4 8097 8655 3835 5488
1 6626
0 29
2 1690 8635
3 184 6622 5648
1 2543
0 46
1 6029
1 8916
0 64
0 28
0 53
4 9035 8684 2390 1606
0 91
0 9
1 6567
0 39
0 46
0 65
0 74
0 76
0 55
1 4344
1 6431
0 40
0 51
0 71
0 34
4 2492 8259 5032 8373
1 3063
0 30
1 6464
0 48
1 8484
2 2199 1594
1 8806
1 7312
0 8
0 43
0 55
0 79
0 73
1 6044
0 59
0 30
3 5013 7060 670
0 79
4 9800 3700 2897 7965
0 7
3 6106 1130 3429
0 79
0 99
2 9269 6008
0 31
2 8440 3669
2 9903 4502
0 25
0 20
1 643
2 5444 3757
0 20
0 37
3 4513 676 2021
0 48
0 19
0 74
0 88
1 6544
0 61
0 95
2 9369 7159
2 6957 7279
0 53
4 1574 3137 2330 7382
3 5073 8786 266
0 86
0 92
1 2123
8 88 1150 2115 8288 2403 5244 1457 2074
0 64
5 3383 460 9305 7380 9698
2 5454 8766
1 3659
3 8028 2219 8200
0 16
0 57
1 5899
1 683
0 76
1 8988
0 62
3 6970 3504 8718
1 4610
5 7420 8813 4593 1769 8017
3 9618 8452 9972
3 8041 2213 251
0 13
0 76
1 9523
1 3196
3 2046 1744 7424
1 7720
0 100
0 37
0 28
3 1180 3120 1317
1 1864
0 31
0 80
1 1331
2 6421 6875
0 43
0 3
0 69
1 2524
1 9734
2 9880 6844
0 83
0 9
1 6528
2 6328 155
4 8422 6779 4201 2007
0 15
0 15
0 27
1 4358
2 8742 972
0 19
1 8313
1 8919
0 81
0 31
0 64
0 89
0 40
4 9319 7937 8370 2533
0 74
1 3155
0 58
3 1867 8664 1503
0 75
0 69
1 1154
2 7976 5738
0 20
4 6723 1990 8310 5691
1 4895
0 28
0 59
1 2574
2 9634 4102
1 5151
0 85
0 78
1 1543
0 46
0 32
0 18
0 76
0 17
0 33
0 76
0 30
2 8894 5046
1 1969
2 9748 4043
3 3666 2060 6105
1 6602
2 8403 998
0 70
0 21
0 79
1 9065
3 889 8961 9830
3 5070 1468 6545
3 6413 9799 6185
2 5967 2999
0 83
3 6510 593 4717
1 4265
0 8
0 81
2 6640 651
0 9
0 33
2 7291 1120
0 90
0 56
1 6973
8 309 4871 282 6910 3976 3635 3308 6065
2 8464 8667
0 47
1 7492
2 108 1358
0 11
0 80
0 92
0 11
1 8898
0 42
2 446 5599
0 91
2 4493 3471
2 84 79
2 3936 8618
1 814
0 44
2 7758 1060
1 5161
2 6267 8657
0 76
5 4825 5653 4866 9675 1959
0 95
5 273 1179 9106 1727 9020
1 9884
1 5739
0 32
0 60
0 100
0 3
0 86
4 9396 639 9580 8639
0 21
0 47
2 3568 7849
0 94
3 7784 5581 9420
0 77
1 2413
0 82
0 59
0 6
9 1591 730 9966 8857 1437 2036 161 3718 4849
0 30
0 69
3 7743 5435 7206
0 99
1 8157
2 1752 3113
0 24
0 56
1 7019
4 1742 8678 4899 9581
1 2551
0 23
1 1261
0 71
1 3206
0 73
0 47
4 8810 4156 7752 4094
2 3000 1659
1 3482
1 8510
0 67
3 2669 4033 5442
0 92
3 4315 4724 4190
1 8235
7 5748 1390 7795 630 3329 2111 6471
2 8739 2396
0 67
0 6
1 4665
1 1451
0 86
3 4524 8569 9464
0 78
1 753
0 25
1 9789
0 57
0 42
2 4541 8113
5 7984 385 6808 824 3165
0 56
3 2988 3040 3082
0 41
0 73
1 9761
1 4928
0 97
1 9955
1 6312
2 8672 1997
0 91
9 2322 9778 6305 1811 622 3127 4822 3722 5084
0 9
1 7589
0 85
1 6878
1 6009
0 74
2 7885 9157
6 6523 4697 815 9588 590 663
0 6
1 8992
2 8778 3890
1 3638
0 9
0 55
1 7902
1 9752
0 88
1 625
0 27
0 92
1 46
1 5696
1 5417
2 6762 2375
1 8055
0 80
2 5104 5154
0 79
0 90
2 1479 9413
0 65
0 22
0 29
0 37
0 4
0 19
1 4256
0 66
0 12
0 16
0 61
0 6
1 9177
1 5708
0 83
1 6275
0 34
1 4927
4 1620 5087 2031 9032
0 4
2 6195 4929
0 92
2 338 8793
0 3
0 69
0 50
0 4
0 65
0 69
0 58
0 2
0 22
0 24
1 2852
0 64
0 28
6 4794 7977 4238 3397 8364 7276
0 85
2 5307 9053
0 85
0 40
1 2839
1 3325
0 44
3 4981 772 4212
1 2000
0 99
2 283 425
0 52
0 100
0 17
5 6481 5571 9994 6107 9619
0 69
2 6349 8458
0 32
1 1269
1 718
0 14
1 5775
1 6299
1 1518
0 44
0 89
3 1100 2565 1021
0 1
0 7
2 5453 1103
0 52
0 47
0 15
0 59
2 2164 6928
1 7640
1 1984
0 68
0 21
3 2768 1998 2384
0 31
0 67
0 5
2 9168 2083
0 41
1 2365
1 8538
2 5387 1439
2 2484 3960
11 5952 8827 6169 3222 9059 1885 2996 8105 9547 6675 1932
2 8661 198
1 8795
0 83
3 553 4474 5448
0 90
0 74
2 5893 8010
1 5715
1 63
1 162
0 28
1 3265
0 25
1 7841
0 20
0 65
0 42
0 49
0 66
1 9747
1 8882
2 5009 6507
5 3159 2896 6867 6527 8938
1 4183
1 6017
1 363
1 106
9 6297 8453 5337 8687 2571 7925 7972 9322 9192
0 51
0 50
3 9241 169 5854
0 14
4 566 1064 1761 2348
2 2916 5492
1 3769
0 1
0 69
0 18
1 2056
0 3
0 98
0 5
0 24
1 6943
0 13
1 8301
1 5044
0 99
2 39 468
4 9727 4489 3169 411
0 79
1 2920
0 71
0 46
1 7228
0 72
0 80
2 2763 3503
0 29
1 2930
0 91
0 68
0 85
0 56
2 3152 5178
1 8722
0 32
1 9184
1 9650
0 72
0 54
0 78
3 5419 3598 7132
1 7003
0 68
0 88
5 9820 7874 6460 6662 6043
3 2512 2156 3287
2 5927 1487
0 73
0 11
3 7549 4888 6127
0 10
0 29
3 8888 4832 2743
1 5447
0 38
2 1114 8156
2 6059 6486
1 8665
2 8180 1174
2 7232 3916
0 91
0 73
0 84
1 2216
0 5
0 31
1 9934
0 79
2 970 7137
1 447
3 5848 4456 4935
2 2244 4079
5 5918 3580 3793 7507 3338
0 60
1 2282
0 47
0 3
2 796 4552
0 76
1 8686
0 4
4 5294 479 7943 8504
0 88
1 5373
0 35
1 5506
5 200 3051 18 4955 8964
0 88
0 14
0 57
0 27
4 375 7899 2360 8662
0 28
1 6721
0 55
0 31
1 7118
0 43
0 70
0 22
1 8641
0 34
0 80
0 60
0 61
4 8476 3259 5493 5158
0 95
0 92
0 53
1 8689
1 3327
1 4308
1 3135
0 83
0 75
0 66
0 56
0 12
0 92
0 24
2 9637 5747
1 9753
0 63
2 716 3034
3 4497 2955 1372
0 15
1 9503
1 2053
2 7574 8925
3 223 4687 3064
1 8497
0 99
0 80
1 3654
2 5659 3649
0 37
0 16
0 69
1 1313
0 7
1 5716
1 4042
1 4632
1 5271
2 7160 3906
0 32
0 52
2 726 6694
3 5635 6193 9392
0 63
0 94
0 52
0 100
0 90
3 2415 3125 2119
0 31
2 4424 9075
1 2263
0 22
0 19
4 3388 1596 2472 9430
3 9920 5344 3558
0 80
2 6702 9609
5 6270 6497 2937 1102 5592
3 4667 5048 132
0 77
0 37
0 63
0 54
3 8457 9440 6577
0 60
2 6766 7564
0 23
2 557 5
0 80
0 84
0 5
1 2460
1 6019
1 4752
0 74
1 6061
0 83
0 8
0 40
2 6078 7622
1 1720
1 69
0 90
0 61
10 1859 2257 5603 7139 9559 4492 2541 9324 5057 679
0 18
0 57
0 98
0 57
2 8461 1796
1 6734
0 96
0 8
0 72
0 27
1 3184
1 7502
1 4119
0 73
0 55
0 83
5 1733 5017 7519 7261 5109
0 93
0 59
0 39
2 3261 1356
0 49
0 47
1 2701
0 45
0 57
0 64
0 42
0 91
1 9141
1 9797
1 6308
0 35
0 13
5 6032 2498 7646 8508 2991
2 4441 3292
0 56
0 61
3 4763 7318 3392
0 29
1 3204
0 26
0 91
0 24
0 15
0 32
1 311
3 284 3458 2499
0 100
0 7
0 72
2 9197 5390
2 8436 7221
1 2243
0 21
0 53
0 53
0 19
2 8955 4092
2 1813 7307
1 7690
2 399 8380
0 15
1 8542
0 55
1 6797
1 7587
1 4206
0 1
1 4330
1 2318
1 19
0 37
0 12
0 54
2 8507 4425
0 85
0 38
0 86
0 14
5 3386 3904 7191 6184 3069
1 5434
0 21
1 710
5 71 6236 1181 9948 4659
0 17
3 7347 1126 4553
0 46
1 5012
0 59
0 71
1 2855
2 7922 2893
0 53
2 4294 799
0 87
0 48
0 19
0 35
2 1050 4611
0 25
2 681 7435
2 1421 5931
1 3376
3 7999 8481 7395
2 8467 8567
0 97
0 50
0 42
0 60
7 6092 3684 6382 8469 552 1496 1641
0 51
0 27
0 33
0 97
4 7835 9991 2761 1066
2 1766 1397
0 39
0 29
2 2230 497
3 1467 2473 6873
0 24
2 1863 6228
0 53
1 4954
1 1673
0 58
0 96
1 4963
1 4219
1 7143
1 5546
1 6882
0 94
0 3
1 8822
0 99
0 90
0 64
1 5030
0 61
0 25
3 6584 3185 2601
0 94
0 31
0 31
0 61
3 8956 4777 6449
0 5
0 21
0 69
0 70
2 1980 7410
1 7045
0 89
0 32
0 91
1 7416
3 2712 5667 357
0 65
1 9655
0 28
0 30
0 48
3 4379 8361 2589
1 6187
0 83
2 4416 2838
2 3278 9530
0 52
0 42
1 6879
0 87
1 5883
0 89
0 100
4 8944 86 5121 3498
1 4243
0 64
0 66
0 79
0 66
1 4437
2 9316 1777
0 69
1 5029
0 53
1 2008
1 3488
0 70
2 6556 6578
1 2868
1 9030
1 6239
0 39
0 20
0 76
0 66
0 82
0 55
1 9277
0 20
2 875 3579
0 72
3 4317 3766 9603
1 8673
0 76
0 71
3 7629 8759 1014
0 66
0 1
0 73
0 92
2 615 6066
0 29
0 83
0 58
0 26
4 4858 3706 2662 2638
0 100
0 62
0 96
1 9705
0 57
0 5
0 70
0 13
1 2921
0 87
0 25
0 8
2 2659 4699
0 44
2 2825 3774
0 94
4 2869 8167 1143 9341
0 64
1 3824
0 5
0 8
0 50
0 90
1 1267
0 72
0 100
0 32
4 6175 5633 3361 545
0 86
0 57
3 3770 9865 4027
0 42
0 38
2 6772 5833
0 66
0 46
1 3847
0 45
0 91
4 4930 5621 3514 6162
2 4795 3653
2 7036 3368
0 64
0 36
3 5831 6902 6683
1 838
0 78
0 67
0 21
0 1
1 2751
0 46
2 7203 4447
0 18
0 98
2 5432 7799
0 23
1 1461
3 1940 1658 7694
0 77
0 92
0 81
0 80
6 3732 4450 8300 922 5707 2124
0 55
0 66
0 1
0 26
2 2445 7701
0 69
1 1623
4 4816 6669 8674 7962
2 8112 2288
1 5371
5 7169 9342 1608 6031 8566
0 74
0 74
2 5682 3676
1 1681
0 66
0 14
2 3016 2705
3 5829 4277 5907
0 93
2 5456 1714
2 6790 2581
0 95
0 29
0 42
6 3969 90 7439 9465 8995 6234
1 1282
1 974
2 9721 3014
1 9234
0 79
0 32
0 23
0 24
0 59
0 57
1 2389
4 4860 38 5255 7836
1 3312
0 10
3 2633 330 44
1 6691
0 7
2 9029 3660
2 9488 2889
1 406
0 54
0 14
0 79
1 2600
0 90
1 1045
3 6990 6676 4933
1 7040
0 62
0 7
1 3590
2 8634 1260
1 5304
6 5665 1341 7345 3720 8060 7910
1 421
0 50
1 6251
1 2479
2 2569 7958
9 3805 4936 8071 5407 8721 9374 5605 3384 1094
0 12
1 4067
0 68
3 6292 6392 6968
3 6360 6256 5431
0 7
0 27
1 8622
4 9607 1933 2500 4913
2 3450 7138
3 3313 1207 8839
0 95
0 70
6 2367 9520 594 5525 4015 7545
2 5194 1508
3 2478 5195 3453
0 28
1 8339
0 21
0 96
1 7790
1 5792
0 21
1 9754
0 88
0 41
0 54
0 17
0 54
3 1247 2149 1551
0 25
5 7215 473 2065 5703 921
1 7740
0 23
0 12
2 3114 3235
0 7
1 9433
1 2346
0 63
0 96
1 8866
0 53
0 87
1 1523
0 6
0 49
0 56
1 1460
0 35
1 4200
2 6849 4969
1 1474
0 79
1 3341
2 826 3347
8 7311 530 8049 9389 5995 4479 2553 3506
0 62
0 46
1 6659
1 7430
2 9343 3257
0 57
0 87
2 8015 3422
2 2528 5988
1 7903
1 7591
1 3913
0 30
0 29
0 11
0 59
3 9512 1588 2097
2 9281 4000
1 1286
1 2424
0 34
1 4587
1 6997
0 5
0 46
0 34
0 66
1 9228
0 32
2 4127 4247
2 8905 5429
1 7023
0 10
5 4336 5737 7286 8755 3693
1 7932
1 3081
0 29
0 7
1 7765
0 69
0 1
3 3708 6342 1691
1 5410
1 2894
2 3872 6081
2 9221 5757
0 9
2 7275 8398
1 6913
3 302 4486 5638
0 11
2 7973 697
0 38
6 8574 8082 8401 9978 6620 3405
0 59
1 6746
0 20
0 23
0 78
1 3430
2 6165 6022
1 2004
0 85
0 58
1 8258
0 28
0 30
0 27
0 21
5 5523 4095 5986 6278 5976
0 25
1 2209
0 55
0 11
0 1
0 12
4 6764 3296 7543 5977
3 2749 4535 5770
0 70
0 87
1 423
2 6511 1995
0 33
1 1661
1 2548
0 92
0 7
0 26
0 86
0 37
0 50
4 2702 3707 8221 8928
2 5962 2269
3 3117 8670 4766
2 5992 8736
3 6285 5666 5278
0 75
2 6972 6103
5 6243 9621 9405 6914 948
2 4235 1652
1 5353
3 8486 2777 342
1 493
0 2
0 25
0 26
1 3027
2 4893 1188
0 92
1 4495
0 67
0 40
0 72
1 901
0 53
2 4533 4264
2 443 7593
0 41
0 90
0 23
3 580 7461 1111
1 1081
4 1031 7798 9138 9651
0 20
2 4728 7501
0 22
1 8985
0 9
3 6474 7714 4628
0 14
1 1490
1 372
0 15
1 8439
0 72
2 9950 4799
0 20
0 94
0 21
0 54
0 9
0 88
0 29
1 4345
0 97
0 17
0 51
0 30
1 4182
0 12
0 42
0 43
0 70
0 36
0 43
1 5890
0 24
2 6164 9771
0 16
2 8220 6485
0 52
0 74
1 6479
1 9254
0 16
0 63
0 94
0 73
0 21
0 9
0 41
0 67
1 1205
3 585 1345 7032
0 42
1 1838
0 73
0 37
1 6001
0 54
1 6137
0 26
0 2
2 8349 4275
4 1797 4515 3467 8065
0 58
1 4865
3 5164 6075 8408
2 7824 852
2 7458 9422
1 3832
0 94
2 4325 5539
0 81
0 36
0 1
2 2821 5101
1 3209
0 24
0 13
1 1553
0 96
0 12
0 25
0 82
2 2513 700
2 9118 2335
1 4483
0 41
0 59
0 9
1 6455
0 96
0 48
3 4337 9553 3583
0 27
0 22
4 550 9579 8588 4511
0 30
1 4023
1 8251
1 1473
0 61
0 85
2 5724 1671
0 85
2 4797 8213
1 5440
4 9022 8173 1955 1947
1 4602
0 74
0 77
2 3507 4145
1 3593
0 67
1 3948
0 93
1 9667
1 5722
1 6419
2 7983 5832
1 5660
0 30
1 3887
2 8036 5157
0 39
0 96
0 56
3 1200 2113 7876
0 47
4 5127 6028 2041 5788
0 54
0 92
0 56
1 6947
0 21
1 4770
0 9
2 5610 6461
0 98
2 8555 9531
0 13
1 4771
1 1055
0 15
0 81
0 80
2 9352 9270
3 9623 6637 7156
1 2175
0 35
0 18
1 719
0 77
1 4184
1 3800
0 34
5 2948 807 5551 244 7894
1 4575
4 9457 5645 5508 3721
1 6899
0 32
1 6238
0 41
0 53
0 62
0 44
0 60
1 6674
0 100
0 28
1 7572
0 75
0 27
0 66
3 9244 7090 3808
0 60
0 72
0 93
0 97
0 16
3 1489 7449 3610
4 4781 4318 8846 6728
2 8935 9372
0 73
0 12
0 4
0 97
1 7553
0 11
2 4584 2644
0 89
3 8715 2591 3521
1 8554
1 2935
0 45
0 31
0 47
3 511 8600 1781
1 3202
0 93
0 2
1 7493
3 2759 7414 6788
0 82
1 7394
1 6611
4 3301 835 4870 6574
1 3731
1 1512
1 8854
0 87
0 78
8 7397 8796 3983 7642 9363 653 1494 2856
0 35
2 5140 1376
1 6883
1 1123
0 8
0 46
1 2912
0 43
0 34
0 22
2 9330 3745
0 54
0 61
0 41
1 8217
0 20
2 6826 3889
2 9335 4394
8 3934 7373 3379 4116 7212 3369 2661 2910
1 5219
0 25
0 64
0 3
0 60
0 72
0 6
0 40
0 46
0 70
2 6963 9286
5 813 4006 9108 7838 9129
2 9981 1954
0 70
0 72
0 62
0 32
0 2
2 6274 5054
1 2974
0 62
3 3726 2573 4820
2 412 1521
3 6281 1822 7076
0 53
0 93
1 1370
0 66
0 66
0 95
1 2675
1 7068
0 51
5 5828 7873 925 5926 667
0 62
1 13
1 9676
1 8604
1 2470
0 88
1 4639
0 44
0 24
2 31 9755
0 42
3 5853 9336 7263
0 16
0 29
0 14
2 5951 6358
0 13
2 253 9544
0 35
0 75
0 62
2 4868 5535
0 71
0 17
2 3944 4068
0 21
1 5773
0 13
1 896
0 43
0 40
0 60
1 720
3 9842 3215 1732
1 4001
0 53
0 93
3 2713 8647 7534
0 49
0 23
5 3456 7768 5490 7682 563
0 36
0 29
2 4313 7115
0 94
1 2554
2 5789 9187
0 31
0 44
0 88
1 5099
5 5587 4710 3362 7358 9913
0 55
0 29
4 4914 5177 1540 1627
0 52
0 41
0 57
1 4263
0 1
0 42
6 1668 2281 6700 4038 1898 9677
2 7797 7623
0 97
2 7423 6953
1 8434
3 8151 5482 4046
0 63
1 2771
2 8175 4958
0 84
2 5428 3056
3 2197 9360 3643
2 7506 9041
2 6982 7993
3 6040 35 3911
0 1
0 48
1 4945
1 544
1 5917
0 70
0 23
0 70
0 73
9 9515 6371 7811 8387 5393 5606 2819 5797 9262
0 94
2 9636 4420
1 153
2 1564 4072
2 6737 9533
2 707 8893
0 5
2 7755 9614
0 4
0 68
2 6288 8083
3 3690 3445 6388
0 95
2 2865 2351
0 83
0 43
1 2204
0 59
2 8199 5835
1 9787
0 8
2 5254 66
1 6025
0 50
0 3
1 1907
1 9021
0 77
0 95
1 3497
0 16
0 32
4 28 5862 3996 6229
3 2382 1029 5051
0 29
0 17
1 8815
0 18
0 55
0 26
0 30
0 2
1 2940
0 69
0 63
2 2862 142
2 6211 1135
1 7231
0 77
0 11
2 310 8086
2 5916 8683
3 9885 45 5932
1 9825
0 72
1 8876
0 33
0 56
2 7292 7356
1 764
0 55
0 92
3 6547 8750 4454
0 38
0 66
0 66
1 5943
0 80
0 71
0 91
0 65
0 20
2 3460 5464
1 736
0 30
2 6013 5334
1 579
0 89
1 7403
0 32
5 648 7995 3729 4377 6483
5 1640 2724 7655 4652 1291
1 3123
1 5583
1 2469
0 89
1 4733
0 20
0 31
2 6604 5292
1 6780
1 9076
1 4118
0 36
1 8834
4 4957 5281 3823 8819
2 1344 4786
2 5397 5259
0 85
0 61
0 80
1 6096
1 3898
0 71
0 55
0 93
0 19
0 82
0 57
0 3
0 84
0 19
6 9821 8974 525 4718 4844 174
2 7201 6795
0 11
0 29
0 28
4 6962 858 8383 3632
3 6743 9524 7525
0 56
0 100
0 23
1 6035
0 97
0 82
0 45
0 12
1 8558
0 30
0 49
0 91
0 78
1 1083
2 6458 2371
0 88
4 7541 5191 315 2989
0 26
0 95
0 57
0 16
1 6477
5 134 8141 8168 6750 2178
3 2800 5362 3981
0 41
0 76
0 39
1 7844
0 24
0 91
0 65
0 79
1 8594
0 11
0 59
4 5411 4326 6663 2002
0 26
1 3636
0 69
0 19
3 7427 3161 3755
1 3561
5 1633 9654 9398 837 5286
0 64
0 90
0 18
0 66
0 14
0 67
2 3554 7086
1 3307
0 12
8 115 786 8849 7568 1740 2170 3009 4815
2 8564 9458
0 31
0 25
0 76
1 5798
1 9641
0 12
4 5363 1877 8019 492
2 9829 2426
0 18
2 6399 271
0 15
0 68
0 11
4 4101 3656 4561 1937
1 6171
2 4274 1146
0 44
0 85
0 99
1 6321
0 2
1 2970
0 49
0 69
4 5358 8528 9849 8106
1 7308
0 2
0 81
2 8342 2354
0 19
1 9155
0 31
0 36
0 96
1 6118
0 83
1 9350
0 64
0 80
0 56
0 19
1 6128
1 4188
0 98
0 25
6 5858 1944 7377 6378 9098 6924
1 464
1 6532
0 32
4 7178 2148 9819 4041
1 8607
0 27
2 7195 7845
2 855 8809
0 45
4 8733 5868 6623 6300
2 1133 7465
2 4279 2441
0 99
0 69
0 66
1 1610
3 2620 6368 7436
2 2488 272
1 3072
1 6320
0 79
4 4134 4413 9081 1674
2 7733 8680
0 30
2 4506 6317
2 138 1587
1 6599
2 4408 5810
0 71
0 27
0 81
0 18
1 7512
1 9763
0 37
0 75
0 36
1 6359
1 1688
0 69
0 26
0 21
1 4402
1 181
0 18
1 2100
1 6079
2 7810 3943
0 42
1 9737
0 52
0 82
1 78
0 50
0 35
2 8951 1550
0 23
0 28
0 46
0 86
0 91
0 46
3 7030 8735 394
2 1939 856
4 6408 6948 8228 8035
3 1569 6732 9810
0 54
3 7612 491 6804
1 3602
0 69
4 1258 5791 5290 3953
0 25
1 5563
3 114 6159 3753
1 7055
2 21 4056
0 57
3 2145 8285 2326
0 96
1 9720
0 18
8 1715 5112 3106 7586 5909 7524 7147 3789
3 7249 685 3765
0 17
0 80
0 78
0 68
0 69
2 3461 3420
1 5537
0 86
2 3968 9809
0 36
0 44
0 53
4 3223 8396 5225 8695
1 3431
1 5524
4 3147 3844 7338 8053
1 932
1 6615
1 5554
0 77
0 59
0 1
1 2222
0 7
0 100
2 2691 5091
3 7188 1554 7418
0 47
2 7229 3977
1 6391
1 6530
2 6965 80
0 8
0 41
2 178 2914
1 4091
5 616 2489 8034 3229 9210
1 5324
0 4
0 16
0 49
0 21
2 5053 6952
0 86
0 40
0 79
1 6951
0 37
0 3
0 44
0 33
1 5762
3 6095 6422 4833
0 35
0 37
3 2904 4679 1642
0 71
0 32
0 63
1 5060
2 2006 351
2 1328 8565
1 323
2 252 428
1 7830
0 55
0 10
1 3986
1 4788
0 67
1 2882
2 3790 3226
0 99
3 3970 3783 870
6 4405 5106 742 9556 9308 6023
2 387 3017
0 73
0 89
1 6295
1 8284
1 9085
0 97
1 1636
0 53
0 88
3 5761 2311 2369
1 2104
1 2922
1 6112
0 77
0 51
0 69
1 2818
1 6470
1 2682
0 25
0 8
2 8696 4694
2 9207 4055
0 30
6 7340 5898 4528 7621 5071 6708
3 4734 2674 7440
6 8394 7702 2605 8897 3717 8042
0 44
0 4
0 12
0 100
0 34
0 69
0 7
1 9613
0 47
0 66
0 9
0 8
1 2245
4 4397 8518 2054 8572
0 47
4 6180 7052 9066 2725
0 29
3 570 7801 137
0 59
3 7304 8286 1994
4 7791 7859 5562 2831
3 2517 3570 3692
2 4850 666
2 8231 7441
0 7
5 2035 7633 5412 5978 5181
1 6923
1 8376
3 5349 205 9847
0 12
1 3332
1 1685
1 4926
1 5500
1 9382
6 3709 3549 4829 8477 5908 2877
0 15
2 1964 1201
2 6265 7170
1 2416
1 5532
2 2692 507
3 8108 6046 8817
1 4030
2 7386 6004
2 993 6149
0 84
0 43
0 53
0 30
0 45
0 18
2 3815 8660
1 1816
3 2566 4137 1219
0 75
0 36
1 5395
5 3234 9832 6938 4301 575
2 72 7773
1 2654
4 3748 6456 9202 5237
1 4385
0 70
0 27
0 28
1 4443
0 91
0 21
0 38
2 3848 8226
0 92
1 75
0 47
1 8289
3 6198 5959 783
4 7168 5786 1005 477
0 35
3 3371 5971 5345
0 64
1 9905
2 6853 3863
0 33
0 53
0 14
0 83
0 16
3 1634 6821 9977
0 59
0 57
1 8534
1 8344
6 3518 4404 7618 5902 819 8070
0 39
1 3079
0 72
0 99
0 38
2 3230 7605
1 5801
0 42
4 2853 3542 5876 9327
0 65
1 4990
1 7343
2 9391 7636
0 18
1 5795
0 17
2 8878 228
0 56
0 78
0 49
0 35
0 59
0 41
5 8005 3372 341 1870 7660
0 73
3 4410 9358 7220
3 8952 682 7007
4 9868 2117 2315 4689
0 49
1 1869
4 1011 301 2032 5437
1 5249
2 5628 9597
0 14
1 3820
0 21
1 4298
1 2224
0 51
3 1544 8631 9233
0 24
1 1385
2 8449 8691
0 4
2 5483 5037
0 100
0 25
3 6058 7085 868
4 4540 3071 4545 1791
0 61
1 5852
0 84
1 5341
2 8345 4386
0 35
1 2525
0 64
2 2501 7761
0 68
2 6759 3697
1 7295
6 4428 2804 5137 757 325 1614
0 53
2 9931 596
1 7823
0 82
2 5100 3990
2 4282 2391
0 58
2 6218 734
1 6448
0 6
2 2696 9074
1 5501
1 5215
0 26
1 3957
0 51
1 1156
1 5679
1 3548
0 88
0 44
1 6442
0 8
0 68
1 2012
0 49
0 5
3 7186 5911 3993
0 92
2 1281 6253
1 6560
1 1038
0 89
0 28
6 1929 9186 4202 4257 4132 5182
0 63
1 8206
0 36
0 39
1 1093
1 1375
0 20
0 73
0 49
10 8642 9535 9115 7734 9887 8428 9248 6141 4007 2954
3 4938 5199 5465
1 5036
0 93
2 9827 5221
0 54
0 76
0 7
0 81
1 7119
3 1810 565 592
0 15
0 43
0 22
0 89
0 96
0 72
4 8493 6870 958 2560
1 6062
0 13
1 345
1 7526
2 9671 5879
2 7600 8873
0 18
6 2598 3055 4124 5368 3999 519
1 2076
0 93
0 62
0 14
0 30
0 12
1 5034
0 85
0 68
3 6738 5340 1798
1 5855
1 2672
1 2095
2 3617 7826
1 7785
1 4970
2 7057 2822
1 384
0 42
1 2400
1 1931
0 29
1 4785
0 55
1 8502
1 6992
1 4979
2 3572 7299
0 86
0 97
0 43
1 6347
0 71
7 2564 6607 6384 2048 5657 1999 8147
1 8311
3 1016 5473 81
1 6829
2 2778 324
0 92
0 76
1 7378
0 88
1 4792
1 7705
1 5658
0 4
1 8255
0 3
0 89
1 3682
0 22
1 6330
0 34
2 4481 765
0 12
4 7639 8144 2990 469
0 11
1 9295
0 33
1 8406
0 81
2 8021 5487
0 9
1 209
0 90
1 3389
1 8140
0 22
3 6887 2981 202
0 42
1 3678
2 6230 2223
0 22
0 72
0 2
0 46
1 8092
0 9
0 2
3 6144 1647 6736
0 94
2 4157 9061
1 1511
1 3661
0 70
1 3290
1 8321
0 19
0 38
4 2428 9145 9429 8195
0 94
1 6593
1 1793
0 16
2 1041 554
1 5076
2 1464 9213
0 57
0 10
1 4600
2 194 1049
1 7592
1 9635
1 955
0 91
0 1
0 68
0 28
0 41
0 51
2 6036 3455
1 5969
0 99
0 80
0 4
0 56
0 88
0 86
0 1
1 3510
0 63
3 7208 3625 872
2 5430 8519
1 8056
0 93
0 26
0 89
1 913
2 6566 4618
1 105
0 33
1 7782
0 27
1 1567
1 9474
1 7814
0 69
1 6555
0 41
0 62
2 1499 3219
0 52
1 7563
5 7278 806 9816 2411 6897
0 37
4 8299 1577 7324 1399
0 80
2 1561 3998
1 5162
1 7114
1 8305
0 49
2 3220 7597
0 1
5 4373 7940 5944 6828 8911
4 1780 5884 9070 2221
1 96
1 8404
2 9815 6986
2 444 47
0 87
1 1851
3 1549 7796 2236
1 2356
0 32
0 44
0 25
1 2727
0 48
2 3679 8158
1 3305
0 57
3 4158 8885 5296
2 9331 2966
1 2833
0 18
1 6393
1 7498
0 93
0 56
1 227
0 3
1 7509
1 5973
3 4004 5079 9915
0 26
0 79
1 8676
0 76
1 1987
0 91
7 2481 1843 7950 5359 7539 1355 3903
0 76
0 31
0 89
0 94
2 5928 2168
2 3587 3092
0 82
0 25
5 4594 7056 9601 7266 3849
0 25
0 94
0 2
2 7121 2508
1 6143
6 3481 9762 8009 9099 6661 8621
2 3604 5381
2 3908 2829
0 11
0 34
1 6374
1 5950
0 69
0 77
1 1819
1 9997
6 5741 226 1172 5105 1332 1698
0 98
0 98
1 1364
0 23
0 53
0 98
1 1537
0 35
1 623
2 7010 864
0 40
1 1743
0 12
1 6296
4 3750 5821 7196 2333
0 77
1 2788
1 4496
0 6
0 37
1 7466
0 95
0 22
1 3776
0 77
1 9811
1 8714
0 9
1 8480
0 34
1 4383
1 5625
0 71
2 7105 3483
0 36
7 732 5016 3404 7335 7372 9684 1408
0 32
0 64
1 4881
7 5753 1728 1289 489 1729 1010 288
0 55
0 14
1 14
0 79
1 6525
1 6217
4 3984 1579 6590 737
4 1858 3952 2487 9881
1 2305
0 9
0 24
0 28
0 87
0 78
0 81
1 4651
0 46
0 10
1 3015
2 7429 107
2 9107 6150
1 4754
0 48
0 68
1 9893
0 16
2 7162 2773
0 89
0 9
2 9984 8090
2 2783 4566
0 18
4 1624 2316 2693 2694
0 5
0 30
2 1724 5504
0 5
0 94
0 92
1 7704
1 7479
1 6583
0 71
3 5502 6535 8811
0 34
0 47
0 25
2 9539 4009
1 3304
1 6774
0 57
0 11
0 99
0 32
1 6551
1 5481
4 2377 277 7487 8775
0 50
0 77
0 35
1 801
0 72
1 9371
2 504 3837
1 2646
2 6508 2130
0 76
1 8727
2 420 8892
0 19
1 7510
3 9833 4971 6266
2 369 5799
0 76
2 6664 2345
0 48
2 5731 6223
1 5588
1 4234
2 6476 1919
1 3007
2 4942 4646
0 2
0 55
1 7731
0 48
4 2673 257 6773 1779
1 3958
2 562 5171
0 34
2 6569 8492
0 34
2 9139 7098
3 7173 8767 1048
3 1663 6619 1061
0 15
0 24
1 4923
4 1607 7470 9606 5293
2 3997 6284
0 26
0 50
1 5257
1 6724
0 55
0 12
1 6309
3 7431 9178 4348
0 36
2 5543 7473
5 9899 2653 7909 1481 8864
2 4834 5421
1 1136
3 8738 7895 3164
1 4114
0 75
1 3268
1 6814
1 3248
0 12
0 14
0 46
1 1357
3 2932 4130 1655
0 73
0 40
3 1245 8179 3095
1 5364
2 7793 8708
0 11
3 9882 3020 4019
0 33
0 6
1 6665
2 5998 3829
3 7783 1243 1262
2 467 6993
0 42
1 6969
3 2609 7917 6351
2 1557 476
0 49
0 41
0 69
0 14
0 37
0 100
0 41
0 34
0 100
1 941
1 442
1 9841
0 87
0 79
0 76
0 75
1 816
0 85
0 6
0 13
0 12
0 97
3 307 9201 5069
0 77
1 6908
0 69
1 8509
0 1
3 2530 2908 2165
1 275
4 9542 5379 4974 4449
0 70
5 1792 6983 6846 8270 2429
1 3736
1 1649
0 52
6 895 431 5947 672 3880 8632
1 4729
0 95
0 47
1 5274
0 96
0 18
1 5609
3 3609 4585 9388
1 533
0 97
0 77
1 222
0 24
0 42
0 63
0 20
2 803 6018
0 10
2 619 5515
0 87
1 236
3 2410 4831 3335
0 65
1 5067
3 6673 3010 3557
1 991
0 65
2 3874 3306
4 8304 4891 486 123
0 76
0 3
0 94
0 43
3 2531 6411 2604
0 67
1 3414
0 41
1 1037
0 59
2 5864 4364
1 7102
0 71
0 82
1 6817
3 8296 810 4609
0 81
0 73
2 1073 8816
0 13
0 98
0 97
0 51
3 402 1444 2325
0 99
1 9932
0 62
0 19
0 31
0 71
1 2456
5 2042 5681 9793 9150 2278
1 3315
2 5207 4078
0 40
1 4878
0 40
0 66
0 45
1 356
3 1750 6124 480
2 696 677
5 9643 7359 4741 6989 3574
0 27
0 45
2 9858 7634
5 8593 1666 3768 9902 9946
2 4295 440
0 59
0 53
0 32
2 9993 9449
0 51
0 89
0 40
0 61
2 4677 3633
2 6543 2637
1 4211
1 2027
2 1378 5113
0 60
1 8456
0 72
1 4339
0 54
3 1442 5636 9877
1 2748
0 21
0 78
2 1887 2619
1 2797
0 69
1 2965
1 5050
0 27
2 4756 8890
4 5964 8040 8420 4270
0 82
1 2033
0 6
4 1538 3545 2737 1967
1 3951
1 4003
1 4472
0 54
3 7901 3655 1388
0 10
0 50
0 42
0 80
3 9198 2296 7779
1 8643
0 16
0 89
0 69
1 7674
2 1322 1882
0 97
4 4987 7072 7472 6245
3 9018 4403 3573
0 53
0 33
0 16
0 33
0 87
0 17
0 24
0 18
0 91
0 22
2 2799 5176
0 3
4 2746 971 7900 3173
1 1899
1 9704
0 36
0 64
0 72
0 76
2 6135 1085
0 18
0 37
2 5873 6729
0 94
1 5811
0 84
2 7953 5812
1 4980
0 59
0 1
4 8207 6244 9356 5426
0 85
3 8166 7048 4429
1 9271
1 8495
1 4417
1 6104
1 2960
1 4864
3 9200 2352 5226
5 6553 5267 6987 738 4623
1 650
3 463 5356 9521
0 37
2 4818 5240
0 35
0 38
0 60
1 4259
0 12
1 5521
0 11
1 7676
1 7750
0 92
0 34
0 10
2 6125 11
4 3809 9591 8551 5957
0 17
0 20
1 1044
4 7643 4780 930 6425
0 8
1 6559
2 1392 7813
2 4669 929
3 8210 4419 2023
0 8
0 93
1 2627
3 9740 2520 6686
0 100
2 3788 8505
0 53
1 1653
0 20
0 60
0 80
1 2309
0 87
2 8927 7707
0 67
7 877 1684 7087 4583 7481 5150 8782
1 3517
1 4856
2 7 4616
0 35
0 59
1 2250
5 8589 374 4455 6377 2593
0 93
0 9
1 6163
4 1363 3956 5288 3076
0 94
1 6698
1 6397
0 34
0 75
3 8851 8410 5238
0 9
1 3246
0 72
0 36
0 36
1 8512
0 4
2 8902 7709
0 11
0 6
0 76
3 6045 4532 861
0 64
1 5128
0 48
0 65
1 254
1 362
0 96
3 4368 6462 8189
3 8050 6401 6117
2 3115 2013
0 91
0 15
0 70
4 285 9878 2446 741
0 18
3 7406 1533 6517
1 828
1 6642
0 25
1 9156
0 71
1 2121
0 89
0 15
0 3
0 43
3 1746 4076 656
1 2174
2 9985 4973
0 16
0 87
0 25
0 5
0 79
1 9478
0 16
4 6838 409 7670 296
1 6704
0 16
4 6364 5155 2028 2026
0 56
1 1131
1 9807
2 6971 4098
0 100
0 99
2 5169 8160
1 2755
1 3075
0 54
1 298
1 6186
1 3242
9 3781 7522 4400 4347 3629 4698 3582 5265 7576
0 65
2 3454 7776
0 73
1 990
0 80
0 93
0 12
0 87
1 8253
1 2592
2 4262 2291
0 9
0 23
0 7
0 57
7 3408 1716 2366 5438 8008 3543 7840
1 3466
0 34
0 50
2 7565 1374
0 33
0 42
1 6209
1 8668
1 5372
1 2259
1 4570
0 71
0 97
0 24
0 62
0 63
2 1951 5139
2 6119 7193
3 6307 2184 7850
0 2
1 8309
0 73
5 7375 5721 5311 2276 5333
1 3862
0 92
2 8432 2786
1 7956
3 1982 5570 3728
1 5640
1 7455
0 22
0 5
0 54
1 3611
1 882
0 17
3 1705 9938 5206
0 49
1 4551
3 1466 3842 130
1 9856
0 98
0 69
0 10
2 5378 1582
0 2
3 7234 104 4090
3 1679 7703 3866
1 3630
1 1737
1 2188
4 7981 6726 2518 809
3 6800 8730 3927
1 5119
0 100
11 7021 7264 5284 2760 7886 8983 3670 89 1901 2451 8388
0 13
2 2280 7770
3 7536 7062 3910
3 2776 6922 2449
0 81
0 29
2 4547 1273
0 27
2 8193 9245
1 187
0 82
1 899
2 3244 9888
3 9610 4409 9283
2 1223 59
4 8969 265 4676 8022
2 942 8205
1 7199
4 6621 634 7046 9456
0 49
1 2656
1 3817
0 23
1 9446
0 9
0 81
0 2
3 7171 2657 2808
0 63
1 3205
3 6667 4626 2642
3 4069 9314 5974
1 2160
0 89
1 9822
5 3716 5086 5511 2242 2457
1 8194
0 32
0 33
0 76
0 73
1 472
2 4487 7777
0 74
0 16
3 243 9450 8728
2 9673 8080
4 4774 7383 3826 1767
0 5
0 49
2 4196 2891
0 38
0 33
5 4204 2745 3771 3236 9709
3 9088 6007 496
0 81
0 19
0 85
0 93
1 379
1 7908
3 1337 9368 9051
1 9148
1 2073
3 8303 6334 3733
2 9767 6592
1 2628
0 16
1 4760
0 3
0 35
0 45
0 68
1 9347
0 38
0 10
0 80
1 7837
2 8899 8573
0 26
1 180
1 7075
1 9462
1 4121
0 77
3 2576 6179 4468
9 4490 1226 7843 7361 9502 9551 1263 5936 5285
0 79
1 9235
4 8126 9251 7073 1645
0 91
2 5474 9498
1 2334
0 19
2 5784 9315
0 20
0 38
0 87
0 12
1 332
1 5102
0 24
3 9611 8121 4695
1 2025
1 7443
2 8760 5937
4 4608 848 2534 7269
1 578
4 3621 6670 3154 2430
2 9682 7161
0 74
1 9071
1 8586
0 31
1 101
1 8909
1 2010
0 95
1 8963
0 59
2 2849 6915
1 3648
0 98
0 38
2 3683 4898
3 5674 314 9328
2 9364 8879
2 3905 1288
0 55
1 2068
2 8617 6394
2 16 2867
0 35
1 4564
3 7744 5035 582
0 14
0 38
0 35
1 8291
0 83
2 6713 8777
2 3245 8646
2 5328 8374
0 18
0 98
0 78
0 27
0 5
1 2977
0 14
1 1124
0 70
2 1842 4392
0 39
2 1278 8503
0 62
0 1
1 2733
0 93
4 812 2355 3475 8932
0 95
0 70
1 8895
2 2828 8462
0 83
2 3068 7511
1 7870
0 44
1 5312
1 8177
1 1783
1 6876
1 3136
0 9
0 15
3 9627 4104 4739
2 8353 1675
1 749
0 11
0 8
0 85
4 793 7471 8154 7211
1 8716
3 3416 5038 5891
1 2824
0 98
1 1171
1 7598
2 8029 2237
0 57
0 30
3 5519 182 8079
0 35
0 46
0 38
7 4052 7480 2538 5422 7601 3059 7432
0 44
2 232 5394
0 26
0 78
0 40
4 715 8719 9596 164
1 7996
7 767 2453 8115 3260 4821 3013 5138
8 8752 9944 8776 9123 7753 5020 6929 211
1 6657
0 1
1 9906
0 12
0 3
0 91
1 4953
0 66
0 6
0 91
0 44
1 2708
3 6697 6068 9467
0 37
1 1368
1 6576
2 3705 3603
1 1244
1 2105
0 29
5 9211 1522 7130 3812 8789
1 339
0 64
0 55
1 6920
1 1264
0 17
0 35
3 3553 1472 509
0 85
2 1546 3288
0 45
5 7039 2509 6386 5672 7280
0 78
2 8636 8501
0 54
2 6679 3864
0 43
0 23
1 3845
1 117
1 4776
3 8732 9492 3181
3 3254 4163 368
0 37
1 7164
3 637 7737 2975
2 6579 6975
3 9002 6403 9930
1 3128
1 5142
0 3
1 1868
2 8615 984
0 69
1 5915
0 25
1 8489
0 22
0 71
2 9852 5627
0 55
0 14
0 2
0 44
5 3902 9867 3645 4509 5220
0 34
0 57
2 415 9953
4 3365 8772 70 950
0 97
1 5309
1 905
1 7384
0 92
0 55
1 9839
2 8419 5933
2 1643 9083
0 76
2 8347 2329
0 21
1 640
1 6595
2 4627 8973
0 62
0 20
2 1513 383
2 6841 9659
3 8483 392 1949
1 9
0 29
0 86
1 9455
0 6
0 49
0 80
0 14
0 83
0 88
0 86
3 1047 9710 4100
2 6147 9777
0 63
0 95
6 9989 7924 2968 5366 8883 9306
0 40
0 67
1 7433
1 8838
0 36
0 95
0 47
0 74
2 7718 8229
0 68
0 25
0 52
0 14
0 94
2 1825 1611
2 5766 6932
1 4189
0 83
0 77
0 52
2 4197 8459
0 51
1 755
2 2368 5701
2 3005 3030
0 91
3 5782 1945 608
1 8794
0 74
0 2
0 84
0 74
0 34
1 3651
0 68
0 38
0 12
1 5912
0 67
1 9895
0 99
0 56
1 3217
1 2393
2 7354 4648
0 54
0 73
0 71
5 6085 4768 2927 5042 6506
1 4205
3 6073 8867 5347
1 1520
0 91
0 7
0 28
2 3283 3894
1 8753
0 93
1 3390
0 27
0 47
0 8
0 36
2 4024 7585
1 9949
0 21
0 7
0 86
0 48
4 7360 4288 56 9289
0 86
1 902
1 5567
0 65
0 71
0 29
0 58
1 3340
0 59
0 4
0 42
0 99
0 5
1 6925
3 6859 3947 7896
0 10
0 45
0 15
0 4
6 3058 3541 2583 4612 8619 1530
0 85
1 2758
1 8184
1 9595
4 933 3218 2268 9942
0 29
3 2793 1284 8198
0 20
7 9103 4882 618 7303 2941 329 7494
1 1808
0 88
0 73
0 60
2 9077 4296
0 21
0 62
5 8550 5136 6755 7413 1149
1 9412
1 2435
2 462 281
0 67
2 2753 2851
3 2385 541 1920
1 2709
2 1764 4966
3 2071 4025 9008
0 69
2 3324 7497
0 88
2 9010 6703
0 73
0 26
0 67
2 4398 4536
0 82
2 2087 664
0 54
1 2086
5 5467 7699 4193 890 7693
3 6771 219 2588
0 97
2 2246 9237
0 53
0 41
3 4060 894 9788
3 8237 322 2527
0 70
0 82
1 1812
2 6812 9147
3 9105 5966 316
0 76
0 13
0 61
1 572
4 1609 6856 6919 2843
0 50
0 50
1 4993
3 1493 5769 3224
0 50
1 7353
0 84
1 1560
2 3238 7613
1 3126
0 55
1 7556
2 9227 7684
0 6
1 1175
1 8701
1 4657
3 1300 1748 6931
3 6638 3883 6037
0 95
1 7708
0 19
1 5889
2 8411 2228
0 19
1 1962
0 83
0 23
0 56
0 89
4 8709 3356 9151 7097
1 1396
1 7496
2 2803 2159
0 16
0 3
0 85
0 8
1 4750
2 7446 9724
2 5256 2545
4 6216 4862 636 3657
0 98
1 7551
0 50
4 2841 3980 7738 1237
1 4435
0 66
1 5247
4 9291 9380 9191 7319
0 16
3 2511 3739 9079
2 5818 3861
0 13
0 62
0 53
1 2284
1 3777
0 20
1 6252
7 5003 7948 9679 9267 9965 7971 5767
2 4451 1753
0 100
0 9
0 2
1 1163
1 5768
0 85
1 3375
1 7200
2 4984 4941
3 3528 1436 4691
2 6488 1008
0 4
1 87
0 52
0 76
0 11
2 2490 4149
0 21
4 626 6379 827 157
1 2350
0 86
0 70
1 2618
0 75
0 78
1 7648
2 6207 3333
0 86
0 23
0 23
0 61
2 910 1129
0 15
0 84
0 85
0 40
0 9
1 2102
1 5693
2 7884 5689
1 336
0 23
0 49
0 8
0 97
3 3791 8920 1359
0 56
1 5650
0 90
0 45
1 1426
0 28
0 43
1 8865
0 48
0 69
3 4440 4442 9843
1 6748
0 42
3 8120 9195 8076
1 5415
0 56
1 358
2 5425 6277
0 42
1 478
1 2057
0 90
0 55
0 27
5 3407 9387 1158 8870 8075
0 40
1 5881
0 89
3 9745 1953 1020
0 94
2 2987 6767
0 52
3 4482 498 7411
0 8
0 98
1 3334
0 80
0 71
1 2444
1 4841
0 49
2 3393 8174
1 6827
5 3869 6436 6232 8805 8329
2 2192 4126
1 4445
0 15
0 64
0 69
3 2711 8541 1814
1 5827
0 14
2 3337 7437
0 53
1 4867
1 6806
1 6880
0 49
0 41
0 33
6 5210 9351 2465 7881 3686 9714
0 52
1 4053
1 4476
0 11
0 72
0 16
2 6834 5299
5 9300 6718 7878 8950 5246
2 3370 2131
1 7126
0 4
0 52
0 30
1 6070
4 5461 240 944 1323
0 38
0 62
0 63
1 9042
6 3723 3987 4991 4946 9189 5193
0 89
0 75
2 2127 9672
0 37
1 4949
0 69
0 56
1 7216
1 5061
0 48
1 6851
0 88
0 84
0 83
0 32
3 8720 9355 1916
2 3065 8540
0 56
0 43
0 57
0 89
1 9749
1 7842
0 92
0 22
1 2728
1 4191
0 14
1 3924
3 9909 5913 699
1 8263
2 3195 4809
1 5880
1 5662
1 5272
0 87
2 900 705
1 2873
0 17
1 3103
0 30
0 8
1 9299
3 4084 8389 8754
6 1138 6995 2570 9592 1526 3100
0 31
0 41
4 1287 4329 8435 5027
0 29
0 99
4 6946 3589 7376 2703
0 50
1 9774
0 55
0 27
2 7005 7344
0 93
1 8125
3 3712 9921 8606
1 9303
0 26
3 5217 5557 706
2 1638 5714
1 588
0 19
1 8627
0 81
0 7
4 731 6480 7154 4783
1 3151
0 3
2 5723 7877
6 2297 4595 76 436 2700 5143
0 37
1 8763
0 49
0 49
0 76
0 27
0 64
3 206 4555 1238
0 47
7 8454 8443 5655 8494 4742 7476 5850
1 780
1 7326
1 2401
0 47
2 3738 1450
2 2980 1563
0 23
2 5040 3035
1 8188
0 30
0 62
1 600
6 2440 5735 4745 9031 9824 9622
0 93
1 3606
2 1424 6063
0 97
0 11
2 7240 7151
5 4662 5882 9436 9620 2418
0 26
0 17
1 7763
0 67
2 940 5983
1 1320
0 35
0 82
0 21
3 143 7330 2555
1 7665
4 9325 4438 6005 1664
0 38
2 1710 4824
4 3851 632 7131 1092
0 92
1 9487
0 6
0 48
3 6631 8385 2337
0 79
0 62
0 28
1 9577
1 1159
3 1906 7540 8211
0 32
1 4017
0 8
1 9801
0 16
1 6120
4 9960 5383 822 2181
3 4418 2172 739
4 95 8274 1227 7726
1 3090
2 5495 7252
5 3581 2622 7104 2710 6901
0 50
1 6269
0 89
3 4153 6094 2726
1 4297
3 4195 878 4516
2 1251 3252
0 54
0 26
0 17
0 11
3 9836 7241 7400
0 2
1 3190
1 987
0 35
1 8159
0 35
0 8
1 6976
1 3094
3 2504 9980 5063
1 8561
0 29
0 13
0 18
1 3801
0 4
1 4081
2 8282 5673
0 88
1 8958
0 31
0 28
0 28
0 52
0 87
0 2
0 100
1 4303
0 35
4 4598 7626 3492 401
0 26
1 9970
0 92
1 5509
0 20
1 9311
1 7616
0 71
0 3
0 31
2 3691 7786
0 67
0 3
0 38
1 6115
0 33
0 24
0 29
0 13
0 20
0 24
2 4542 4484
2 5010 4154
0 91
0 53
1 8976
1 6843
0 56
0 85
0 17
3 2253 2201 3110
0 69
0 10
2 1477 7518
0 58
1 8234
0 15
0 20
6 4753 1734 5822 9219 3827 6639
0 70
1 3792
0 76
0 7
1 3089
1 203
1 3724
0 44
0 94
0 76
3 3097 5277 9683
0 78
1 7880
1 5837
1 7746
0 55
4 9929 8840 9479 4286
2 7982 3478
0 2
1 3719
0 81
1 6514
2 514 1853
0 83
1 43
2 1996 9726
0 29
0 66
1 6684
0 97
2 2420 2122
1 1961
2 7239 3049
0 22
1 949
0 51
2 5643 8136
2 9026 6100
1 4629
2 7106 5958
0 79
1 770
0 61
0 33
6 8381 5227 4331 1023 4343 2133
0 94
1 9540
0 11
0 87
3 6459 9702 4399
1 8260
1 9612
0 73
0 49
0 48
0 77
0 5
1 6097
2 6671 4956
1 4674
1 135
1 7929
3 7659 2784 9014
0 44
0 67
0 44
1 1775
0 47
2 5807 1053
1 5765
0 17
1 1211
1 2723
0 61
4 7313 3018 1185 4554
0 13
0 96
0 20
3 7081 53 7277
1 4722
1 3931
1 7468
2 7310 1101
1 2476
1 4179
0 3
2 7559 3563
1 2814
0 14
2 7271 3354
1 6469
0 70
0 83
0 62
0 35
0 37
2 3794 1615
0 14
0 42
3 7689 8463 6730
0 49
1 9844
0 79
0 23
1 8371
0 69
4 9696 7818 9128 9003
0 35
1 5982
0 73
0 39
3 9320 8612 7489
4 4573 8139 5385 3675
0 11
0 51
1 276
6 1030 8038 7611 7442 571 7632
1 2514
0 12
1 4035
1 1398
0 91
0 14
1 6798
0 22
1 5399
2 9855 3134
0 30
0 53
1 9666
0 8
0 75
0 6
1 5710
1 923
5 2088 8257 6111 128 4968
2 9114 2739
2 2780 2092
2 5168 1295
0 38
3 2421 5869 317
0 34
2 4229 3626
1 7767
1 1423
0 96
1 9448
0 88
3 1971 7417 3925
1 1147
0 84
0 18
0 68
0 21
0 50
2 5289 9911
0 68
0 36
4 8799 9608 4306 3203
0 22
3 8277 7134 1283
1 6116
0 93
6 390 9033 4814 6550 6 3221
0 74
1 6956
1 9054
2 8233 849
0 48
2 8644 8203
0 97
0 35
1 8743
1 3860
1 41
2 7997 8094
0 63
1 2775
1 9134
0 74
0 20
1 5923
0 30
0 57
0 19
2 6155 1566
0 76
0 24
0 53
5 52 3575 2003 2572 6072
0 95
2 6570 3439
1 2879
0 43
0 75
0 99
1 4002
0 94
3 2687 9870 4909
0 38
0 37
2 3006 8164
0 82
3 2830 2754 9528
0 85
0 62
5 9695 1632 7368 7555 1411
3 3044 2610 5384
4 9038 8409 5006 1004
0 60
6 8268 6681 9160 4314 9783 9394
0 25
1 4944
2 7808 1304
1 9647
3 9537 9194 9764
0 75
0 64
1 2383
0 37
4 9918 8533 4645 5188
1 4796
0 14
0 82
1 9927
1 2782
0 13
1 8170
0 81
2 6558 9760
1 5002
3 6114 4800 9172
0 46
1 8577
1 3350
0 75
0 18
1 6383
0 45
0 65
8 784 8774 8192 674 376 2686 4578 3512
0 87
0 55
0 18
2 6785 8051
1 8749
0 97
5 9377 7316 1602 9536 9605
2 1293 975
1 9418
0 12
1 1
1 6499
0 80
0 90
0 23
1 9861
1 692
0 29
1 7580
1 6030
2 8395 3754
0 19
0 94
1 9089
0 45
0 84
1 6306
2 8096 2929
0 94
0 91
5 3336 1547 9164 5120 7495
2 156 5771
0 82
1 7179
3 5115 2742 5342
1 8426
0 67
3 9729 3 2070
4 1865 8559 7122 422
2 2064 1531
0 11
1 7582
1 6222
0 44
1 5234
0 50
0 80
0 31
1 1565
1 4668
4 7306 559 9140 3840
4 9304 8384 6242 3149
0 95
0 89
0 69
2 9225 5004
0 36
0 83
2 1161 1310
2 1926 5759
0 90
0 25
2 1318 5743
2 475 6896
0 98
0 19
0 85
5 6627 8937 1024 4181 1707
0 65
0 2
3 8430 6498 576
0 26
0 28
0 49
0 55
0 18
0 66
1 8578
2 1327 641
0 71
2 4503 8543
3 4911 4527 5806
0 4
0 17
0 78
1 7695
1 2915
1 6649
6 6996 6121 2094 4859 8525 1394
0 70
1 9573
0 67
0 65
0 94
0 96
1 7451
0 96
0 80
0 77
1 8122
4 241 1726 6666 1204
0 41
0 69
0 80
1 9383
0 12
0 45
0 36
1 9064
0 29
0 11
0 65
1 2918
2 6335 2695
2 4591 3937
0 92
0 66
1 8043
1 2720
0 89
0 24
0 48
2 2671 1254
0 99
0 84
1 6240
0 75
0 29
2 7891 969
3 7260 9700 3576
8 7456 4778 6839 4494 3763 5507 1455 4351
0 66
0 98
0 87
0 99
3 5896 8930 7274
2 9869 5189
1 3536
0 72
0 68
1 5418
1 5624
2 9500 5315
4 8004 9052 7256 8860
0 3
3 6591 5814 1595
0 44
1 2951
2 7919 9290
1 6554
0 78
0 30
0 27
0 81
4 5860 8241 7802 2648
1 1386
2 7596 914
1 176
2 9353 5790
1 4886
3 8575 3258 250
2 3264 4624
0 56
0 26
3 7949 2114 7237
5 7713 3529 7028 9837 9940
0 12
1 9952
0 8
2 605 389
0 45
2 9804 1315
4 7054 1051 1589 1778
1 4333
4 3377 8485 8225 7914
1 6101
1 3701
0 61
1 775
0 69
1 6959
0 57
0 93
0 23
2 6016 1992
1 2328
0 66
3 9923 1731 1741
0 36
1 558
3 4356 5475 8922
2 6323 8003
0 25
0 55
1 2485
0 50
2 9919 721
0 94
0 13
1 8915
0 16
0 27
0 14
4 7897 6192 3272 7833
1 4057
0 39
1 6302
0 61
6 1483 3225 3900 4422 8331 9795
0 93
2 7757 3319
1 7116
2 2407 6370
0 81
1 83
0 76
0 71
2 9193 1580
0 34
0 15
1 7273
0 39
0 71
3 7875 2084 7038
1 4332
0 68
0 3
0 15
0 60
0 69
1 3240
0 80
0 53
0 79
0 51
0 36
0 83
1 3618
1 3451
0 33
2 5586 1590
0 19
0 32
2 5163 5874
0 10
0 47
0 5
0 50
0 15
0 96
1 4910
2 7329 1644
0 76
0 20
1 9959
1 5156
1 4522
1 3037
1 1249
0 57
0 29
0 56
2 3171 1722
1 1366
1 7868
0 32
3 470 6696 289
1 7739
4 4446 873 2493 3401
0 38
3 2272 4254 6751
0 28
0 48
0 63
0 11
0 62
0 76
0 4
3 6650 9298 5760
1 3039
1 2697
2 1708 9125
0 16
0 43
0 66
6 6027 2342 6960 5103 9936 6231
4 8230 7013 9770 3797
1 531
1 2854
0 38
1 4131
0 84
0 46
1 6356
1 3831
1 8427
2 7317 7363
2 3166 2063
0 10
1 2313
3 3646 4952 6770
3 714 5594 2477
0 51
2 4765 3600
1 3496
0 91
1 8946
3 2690 9541 3309
8 7412 4112 3138 8232 8265 9892 6518 269
1 1384
0 50
0 67
2 9452 879
0 94
1 8283
0 81
1 6088
2 1425 3267
2 6781 2544
5 717 2301 5283 5941 2547
0 58
2 1960 5491
0 2
0 72
1 6424
0 71
1 2290
0 93
1 8717
3 7300 3133 574
1 9424
0 94
0 11
1 6077
0 19
0 76
2 6416 6020
0 36
0 5
0 69
1 6158
2 3357 2419
0 43
0 17
0 60
0 30
5 8102 8862 2294 6699 7764
1 1935
5 3032 2931 4008 4586 3804
0 83
5 5351 1319 859 2040 3104
0 19
2 6235 7391
0 54
1 4635
0 87
0 38
1 4321
1 8169
0 3
2 6006 9604
0 77
0 47
3 1431 6336 9507
0 3
3 2455 2200 3298
0 72
1 2655
0 17
0 7
1 4133
1 8048
3 3382 9687 4519
1 1027
2 8343 3216
2 804 2884
0 58
0 34
0 63
0 55
0 14
0 21
1 158
1 8273
0 90
0 51
0 12
0 2
0 95
0 80
0 53
0 90
0 34
0 85
0 53
0 58
1 166
1 7916
0 24
4 6290 6053 4305 9404
0 22
0 98
1 3140
0 71
1 2051
1 5413
3 9015 5233 7741
0 67
2 3201 8016
0 93
0 62
0 65
1 1089
3 5842 4830 2339
1 4380
0 5
1 9545
1 4412
0 80
1 3868
2 4077 2552
1 7447
2 1840 874
1 1763
0 75
0 99
3 7049 7388 6467
1 5458
3 8204 103 8516
1 3895
0 68
0 60
0 24
2 3480 1848
0 6
2 6439 2030
0 26
2 6791 5914
1 7780
0 44
0 74
0 79
0 10
1 2018
0 90
2 8761 7938
0 6
1 8413
3 5269 8785 3627
0 42
5 7367 5273 6695 2698 617
0 99
0 75
1 1619
1 9332
1 212
1 8511
0 69
3 6926 9924 4360
0 12
0 82
0 70
0 5
1 7692
0 36
0 69
0 70
0 24
6 5614 3992 5772 2043 12 7803
1 8317
2 4252 3061
0 44
1 761
0 89
1 1280
0 79
1 2757
0 75
0 57
0 65
0 38
1 6891
1 8479
4 1639 9862 3616 5377
7 4802 8751 3282 9280 3671 2542 260
0 10
0 2
0 45
0 5
3 3107 548 7053
1 4848
3 8391 5904 5698
0 3
2 4366 8074
2 1420 1676
1 2376
0 75
2 9896 3176
1 2155
0 41
0 88
1 5654
0 46
1 989
1 8500
1 995
3 7775 3914 8537
0 76
9 352 892 5725 9056 170 4568 9663 8375 820
1 1941
0 38
1 6701
0 77
0 68
1 8745
0 56
0 49
0 53
7 5114 2625 8031 5530 7890 3385 8315
0 95
0 65
2 7009 8186
0 28
0 77
2 7567 1612
1 9894
5 1365 9557 1581 6279 4082
0 43
0 50
5 4508 5607 2813 5423 449
5 8095 4155 1834 2790 5123
0 99
2 4363 5015
0 70
0 14
0 1
1 2467
0 12
0 51
0 31
1 3787
2 981 9376
0 50
1 638
0 74
0 41
1 3046
0 46
0 2
0 53
2 9686 7607
0 19
0 29
0 42
2 2392 3098
4 3192 4529 2464 9028
0 100
1 1492
1 5145
1 3909
5 688 5339 8414 7533 4992
3 2285 5845 862
0 66
1 727
0 75
0 45
0 85
0 27
2 6161 1654
0 9
2 9154 3255
0 80
0 83
0 8
0 26
0 52
3 3472 3994 9438
2 2439 2568
1 7562
1 1033
0 36
0 65
1 5396
0 97
7 1824 1921 9216 2886 4686 6451 8116
0 92
1 1077
3 3875 3698 7628
0 98
0 49
2 2307 6636
0 31
1 7176
1 3041
1 6594
0 7
0 59
0 52
1 774
2 3495 8613
0 10
0 98
0 64
1 1098
1 8123
0 94
3 9196 7819 6596
1 6287
5 334 3858 4620 8181 6064
1 6761
2 2911 4751
8 537 417 7100 3160 3704 1977 6775 8215
1 7334
2 5646 6587
0 50
0 53
0 50
1 6519
4 1846 8131 3351 8939
4 2423 1454 4167 2721
0 2
1 9135
1 937
2 1866 6921
0 28
0 32
0 64
4 4548 4307 6060 7866
0 58
1 5261
0 97
1 8392
0 60
1 8165
0 57
0 60
0 72
3 5556 1151 7754
3 5480 3131 684
2 4338 2967
3 4467 4761 4827
2 5223 3577
1 3463
0 26
3 2317 1303 628
1 4406
0 72
2 8690 1127
0 42
0 74
0 21
1 1925
0 66
2 7369 5803
0 13
4 6656 7817 1628 8475
1 5329
1 9444
0 12
0 50
0 5
1 6478
0 67
0 32
0 53
0 12
0 55
0 44
0 59
1 5639
0 44
0 47
1 6568
0 85
3 7599 3473 5940
0 28
0 91
1 2055
2 5675 1183
0 71
1 3233
0 33
3 3085 7404 5144
0 40
1 6609
1 805
0 46
2 3991 8336
2 7337 224
1 1340
1 1539
0 47
1 8517
7 3200 8087 657 1680 1525 7422 6961
0 53
0 40
3 3316 9169 4912
0 67
3 9307 9045 9428
3 1234 8818 3116
1 6809
0 13
0 46
1 8931
1 8694
0 7
1 6890
1 1017
0 36
0 73
0 43
0 100
5 9317 8118 1804 9891 2287
2 6549 5198
2 551 4922
2 3433 9395
1 5322
1 9063
0 96
0 58
0 99
0 26
2 885 3399
1 8941
4 9658 340 2462 3088
1 3784
1 6395
1 6400
0 68
2 3273 2870
0 54
0 43
0 14
0 28
1 1754
0 21
1 1776
0 35
3 2872 8933 7566
0 91
1 8240
1 5077
4 5979 4743 9483 3028
0 78
1 1059
0 28
1 8242
0 15
1 2220
1 1586
1 4705
0 57
7 457 2767 1187 9381 8663 9808 7209
3 6612 9722 8438
1 924
2 3293 1418
1 1930
0 25
0 78
1 5460
5 3194 8134 3870 7535 7898
0 91
0 65
0 24
0 51
3 2129 4166 2741
1 6428
0 61
1 8549
0 5
5 5871 5330 8 4605 5752
3 2336 9775 9879
2 3816 729
0 24
1 9480
0 71
0 80
0 10
2 4465 7630
0 50
6 4018 811 7851 8522 6041 7355
0 70
1 649
0 56
1 3938
0 58
1 528
2 2202 6855
1 2406
0 38
2 5993 6454
4 5122 6994 8824 3418
0 95
0 44
0 93
2 6057 8377
0 97
1 2606
0 61
0 39
0 22
1 584
2 5135 6852
0 3
1 1476
1 4543
0 41
1 6331
0 22
1 4335
1 6340
5 331 3175 9933 4458 5794
0 20
3 9590 9104 9648
1 6271
1 7265
0 11
0 7
3 1326 3946 2138
3 1144 5209 9102
1 1003
1 8962
2 3486 9013
0 97
7 907 7004 500 3214 3703 6526 7869
2 8741 5201
1 1598
0 38
0 97
0 73
2 7641 5649
0 82
0 37
0 9
3 5877 2532 9048
0 94
0 9
2 6864 3053
2 4289 818
0 34
0 98
0 97
1 1667
1 1404
0 95
4 1801 4505 781 5925
0 30
1 3959
0 68
1 1934
0 96
0 84
1 9463
2 4488 4194
1 6964
2 7936 1973
1 4876
0 21
0 66
0 86
1 1739
1 3689
0 40
3 2050 9183 3535
4 1447 9349 7947 6905
0 40
5 1361 4477 4711 7614 5463
6 7588 6716 9284 280 7190 111
0 84
0 10
0 38
1 8073
1 3412
0 71
0 82
0 71
0 50
0 8
4 9019 9222 60 4471
2 1054 752
2 7650 4185
2 3057 1190
1 6934
0 8
0 18
1 8679
0 90
3 1860 3945 6784
1 4044
0 5
0 51
0 41
0 45
0 96
0 9
2 728 9230
0 64
2 5028 1449
1 3485
0 37
1 3314
2 3537 7610
0 82
0 98
4 8874 1631 6450 1196
2 5921 67
1 8548
0 92
0 93
0 80
0 9
0 21
0 98
0 7
5 456 7893 7017 5706 4218
0 68
0 18
2 4755 5116
0 98
2 857 5804
0 43
1 4977
0 37
1 8001
0 8
0 79
1 8666
0 34
1 1952
0 9
0 99
2 9279 1087
0 10
1 1478
0 95
4 7711 7989 1571 7094
2 7827 4749
1 3144
0 46
2 7180 673
0 89
2 3639 779
1 7438
2 3434 9532
3 3674 7944 7828
0 100
0 14
0 82
2 6055 1170
0 67
0 36
6 5211 1210 8532 3279 8026 9000
1 7934
1 847
0 22
0 3
0 63
0 15
0 2
1 583
2 9012 6443
1 3078
0 80
0 19
0 20
0 1
2 5043 4769
2 695 2089
2 7871 3470
0 88
1 4803
0 86
0 24
0 9
0 49
0 51
1 9132
0 34
1 454
0 10
1 2826
2 909 4681
0 5
2 8801 5148
2 2823 510
1 748
2 6050 8773
0 24
1 606
1 3256
1 7822
4 9674 7985 8027 6955
0 36
2 5165 4692
0 64
1 8900
1 2431
2 4391 7930
0 48
0 39
0 37
1 9649
0 12
1 9685
1 4988
0 51
0 15
1 3531
0 43
2 4887 3073
1 5306
1 5250
0 16
0 73
1 2718
0 47
1 7820
1 5669
0 97
3 5819 3939 8582
1 5617
0 44
0 39
13 1484 8143 5816 6304 5305 3321 7724 2232 9926 9638 3641 8981 5518
2 8943 4701
0 56
1 448
0 23
1 843
1 1206
5 5055 7657 928 8746 9851
0 88
2 1622 2641
0 61
0 84
1 20
0 36
2 62 9133
0 86
0 45
1 3539
2 4250 9171
0 72
0 36
0 74
2 6215 647
5 6727 5863 7988 1235 4172
1 9409
0 42
6 1058 9268 4759 9080 9257 2811
4 9236 5503 659 2539
5 7078 1380 1689 7399 6521
7 6438 367 1702 5375 1735 1307 7728
6 9329 5560 5172 1970 17 886
3 7124 5527 2458
1 8033
0 36
0 13
0 93
1 1826
2 7513 5892
0 72
0 90
0 78
2 1012 9986
0 30
0 15
2 8970 5945
0 21
0 61
1 8322
0 72
0 77
0 54
1 303
0 49
2 6752 8202
3 7294 3540 5787
6 5620 5972 7537 4706 1917 4983
1 7975
0 69
1 1592
0 45
0 68
0 18
0 51
2 7225 452
1 1904
1 4138
2 9454 1321
2 2132 2926
1 3879
2 3798 6927
1 1339
0 79
0 10
0 11
0 80
0 54
0 10
0 67
1 947
0 76
1 5510
0 61
0 100
2 9497 9561
0 77
0 88
0 13
0 25
0 3
0 37
0 72
1 2660
2 5719 7603
3 6316 1452 7716
0 51
0 1
4 1770 694 4747 6909
0 92
0 81
4 5720 8252 6188 9916
2 808 2770
0 55
5 8556 216 4817 2885 6213
1 5536
0 71
0 75
0 48
2 4372 4975
1 8318
3 8599 2704 8731
1 795
1 5963
0 22
0 60
1 8002
3 9406 4097 3642
1 1597
2 5616 3624
1 957
2 2715 4737
0 53
0 78
0 14
0 76
1 7667
1 7994
0 16
0 93
2 3211 3881
1 4113
4 7756 3515 2898 2015
0 52
2 5298 5068
0 16
0 96
0 63
0 22
2 2957 321
0 86
1 6138
2 4178 4266
0 71
2 2599 5793
0 60
0 41
0 34
0 29
3 4565 125 5049
0 43
0 72
1 8239
0 36
0 35
0 86
0 60
0 7
0 7
0 31
0 37
1 693
3 4932 6682 5450
2 2466 7789
0 10
0 21
1 7865
0 61
0 77
2 4653 8466
1 359
0 98
0 100
0 54
0 29
0 63
0 10
1 8583
0 27
0 66
1 7722
1 6489
1 9857
4 2623 9152 1440 9258
0 97
2 7970 9199
0 56
1 968
2 7719 782
1 4354
0 25
1 2324
1 5990
0 99
0 73
1 3077
0 97
0 60
1 2887
0 82
1 3464
1 2596
0 40
3 9817 1914 3048
4 5062 6706 3622 175
0 64
0 90
2 9958 1040
1 4005
2 5245 2409
1 3444
2 6329 2994
7 2631 5149 9806 1277 7425 5203 5242
0 63
0 83
2 1298 614
0 8
0 84
1 2585
2 9731 3559
1 8488
1 4448
1 361
1 403
0 64
1 353
0 12
1 4387
1 1443
0 21
2 5361 1057
0 68
3 6294 1389 1292
0 3
2 4875 5839
0 38
1 3186
1 3884
2 1794 4901
2 5728 5626
4 4362 4241 7532 3421
2 4625 6322
3 5987 2277 4569
1 5088
1 129
0 2
1 4601
0 5
0 90
0 95
3 654 8470 154
1 5576
0 10
5 844 7144 2190 4726 9036
0 94
4 9670 3364 9218 3519
1 675
0 98
0 72
1 992
3 6437 9255 9534
2 2942 2370
1 521
1 1176
0 14
0 9
0 19
0 14
0 5
0 88
2 7364 8023
0 70
0 25
6 7026 5894 1706 1222 2949 1736
0 24
1 9110
2 1958 7258
0 40
1 3818
1 8369
2 6787 6206
0 36
2 1790 8546
2 295 2953
0 11
0 58
0 38
1 8298
1 3491
5 5471 9326 7991 8338 6557
0 40
0 92
0 12
2 8072 2972
1 9493
0 97
1 9400
2 3857 396
1 5129
1 3183
0 76
1 4369
1 5946
1 1695
0 47
0 59
0 100
2 7140 1193
1 3796
0 56
3 2888 9964 1486
0 86
1 1957
0 26
4 5685 2616 7270 6778
0 23
1 5147
1 4220
1 4466
8 4663 4576 2038 6136 2762 5295 9782 4725
3 152 3012 1966
6 8596 1162 976 4475 6134 863
0 32
1 3865
1 9190
1 6221
1 1626
1 3592
0 78
1 8697
0 82
0 14
8 9285 5727 7298 4772 6586 1911 4558 512
0 87
0 50
0 18
0 17
0 72
0 23
4 840 5494 4615 5598
1 4110
1 2986
0 85
1 5452
0 49
0 100
0 14
6 2946 2176 549 1909 7809 7935
0 37
1 9644
1 8918
1 1927
1 4562
1 2482
0 18
0 21
0 2
4 7058 8630 7070 2649
0 78
0 47
1 9694
0 43
0 67
1 30
0 23
1 9482
1 9616
0 3
0 86
0 96
1 8712
2 9407 8830
0 20
0 65
4 3979 1693 3995 8366
0 97
1 6447
0 29
1 6967
3 3762 1529 2300
1 8248
0 65
1 7907
2 4485 7569
0 97
1 5813
0 80
0 89
0 15
1 2022
1 4390
0 83
1 1535
3 3524 7635 1063
0 69
1 5712
0 97
3 3734 3764 3571
2 7357 598
2 450 140
0 21
0 86
1 8224
0 93
0 14
0 77
2 4518 1109
0 87
1 6047
0 80
0 90
0 11
0 8
0 3
1 3555
0 36
0 100
0 80
0 8
1 6220
0 34
0 33
2 3525 471
1 2840
4 6373 6685 3973 2973
2 4159 5167
2 2984 3180
0 44
1 4916
1 7729
0 20
0 96
2 50 1043
0 23
3 6160 4319 1104
1 7889
1 9901
4 3297 5549 92 1625
3 7165 5466 2902
1 9526
1 3680
0 70
0 97
0 92
0 48
0 47
0 36
1 8552
3 1629 7034 267
3 7832 5208 7467
1 6582
0 53
0 17
3 1427 8223 9149
0 17
0 8
1 4175
0 49
0 82
0 82
0 78
1 1324
0 23
0 52
1 1195
0 61
2 8024 9828
0 49
0 67
0 49
3 4365 4142 9180
1 612
0 78
3 6805 2880 7035
0 94
1 503
1 973
5 3394 6257 6936 4083 1534
2 1510 2516
1 7987
0 95
1 3447
0 54
0 33
1 1213
2 5903 4715
5 881 8132 6258 9736 9633
0 85
0 19
0 37
2 4712 3772
0 86
0 20
0 98
0 23
5 5403 4251 9204 1872 6363
0 19
1 3725
1 6396
1 8654
1 6405
3 1062 8390 5287
0 70
2 9626 9632
1 3302
3 3569 1128 4020
3 116 5924 82
0 52
1 7800
2 7390 6310
0 83
0 58
2 9730 7302
0 90
0 80
1 6182
0 73
0 10
1 2769
0 35
2 4140 5999
0 25
2 3031 4176
0 15
1 173
1 416
1 9600
2 1382 2386
1 1352
1 1585
0 4
0 17
1 179
0 13
2 1000 8591
2 8949 4889
0 93
2 7001 2353
1 6201
1 723
2 5751 3411
1 2864
0 11
0 58
0 97
0 88
0 23
0 48
1 4853
1 1347
0 45
0 9
1 3102
2 189 3177
1 5740
0 14
1 3527
10 5736 3546 751 644 337 891 2594 3564 5486 3664
0 63
0 77
1 8281
1 3320
6 2876 1978 2139 2118 3550 1432
3 2505 7749 5534
3 7887 3742 6021
1 3695
0 42
1 4723
3 2844 4267 5996
0 97
1 2093
2 9735 9956
2 4546 733
3 5670 4582 3197
0 47
1 9712
1 8869
1 2037
0 35
1 5308
0 7
0 51
0 96
1 7696
0 42
5 1545 7542 5800 2141 6635
0 15
1 2663
0 68
3 8562 797 4240
1 4115
2 1299 2058
4 8729 292 5008 3830
1 853
0 37
1 4080
1 1881
0 84
2 8910 3780
5 2971 1349 430 4047 6906
2 6900 6597
0 41
1 9176
1 5949
5 7921 8465 4943 349 6548
0 20
0 87
1 3111
0 83
1 8423
0 37
1 343
0 62
0 64
3 920 8914 1116
0 80
1 5705
0 56
1 1912
0 19
0 58
4 8514 1519 9954 300
2 7647 4285
0 71
1 1305
2 1558 2903
0 73
0 15
0 6
0 93
0 1
0 1
0 51
1 9681
3 4642 936 1723
0 40
0 84
1 5600
0 27
6 4683 6531 1086 9863 8442 7625
1 2639
1 1113
0 51
1 7732
0 65
0 37
3 839 6950 2432
3 6445 4917 6845
4 4996 4224 9563 4649
0 67
0 82
1 9005
3 6327 7379 2679
3 3562 191 9337
2 4604 6538
1 7197
0 37
0 36
0 24
0 12
6 4685 6608 7515 5090 8836 1613
1 8871
3 6652 9146 9484
0 34
3 5066 8063 102
1 7474
4 4180 1787 6418 9838
0 17
0 34
0 97
1 8989
0 16
1 9594
0 84
2 7074 7107
0 43
0 66
0 28
3 7959 3930 3317
1 183
1 6354
0 43
0 11
0 7
0 12
0 85
0 26
0 27
2 9287 9491
0 7
2 7227 4924
2 7117 2535
1 1583
0 23
0 3
0 48
0 67
0 6
0 39
1 6515
1 6365
0 29
0 46
1 6255
0 91
0 92
0 77
0 65
0 71
0 19
0 60
0 12
1 7293
2 3897 4730
1 8994
0 94
3 658 2928 7314
0 73
0 62
1 7829
2 8960 3101
1 4371
0 35
1 8101
0 56
0 34
0 59
3 6768 8704 1507
0 77
0 77
0 29
0 21
1 1886
1 4947
1 3620
2 2388 5661
0 66
2 9131 2254
0 37
2 2992 7700
2 8448 2580
3 1475 5033 77
0 62
0 59
2 3253 1884
1 1239
0 74
0 93
0 82
6 4592 9260 2523 238 8333 9678
0 66
1 5301
1 1516
3 7725 4242 9231
1 9517
1 4393
1 9560
4 7834 22 4962 9860
0 68
3 4434 1400 2461
0 31
1 7583
0 6
4 8117 518 6802 1333
2 2227 2546
2 6146 5754
1 3373
1 3856
1 1823
2 1343 2109
1 4287
0 23
0 35
3 7409 5984 7685
2 1119 5550
0 32
0 56
1 9876
2 2629 2402
2 5214 6496
1 3932
0 36
1 8584
0 2
0 78
0 34
1 1915
0 21
0 73
0 62
1 9437
0 85
0 24
1 5232
0 12
1 6725
3 5231 6504 6792
0 5
0 13
0 88
0 29
0 8
0 10
0 37
0 83
0 71
3 2806 2380 8645
0 53
4 1416 5934 1670 5522
0 74
0 63
1 7577
3 7059 2302 2341
0 57
2 6293 1182
2 2347 6446
1 9617
1 8650
0 22
1 3526
0 55
0 1
3 4427 7289 9069
1 3985
0 17
0 45
0 22
0 1
0 74
0 56
2 3045 5468
1 3091
1 7712
0 6
0 41
2 3093 8100
0 96
1 850
0 60
2 6820 8482
0 86
3 8061 455 1857
1 8980
0 95
0 15
1 4713
0 39
1 9121
0 54
0 68
1 7029
0 19
0 70
0 19
0 14
0 37
0 19
1 8614
0 13
0 76
0 40
2 960 7928
0 21
1 678
0 37
0 93
2 2425 6692
2 1106 3962
0 63
2 7393 4249
0 11
6 2521 3178 5011 4232 2706 2256
1 6835
0 91
2 1711 335
8 4748 215 6869 3239 6227 7548 5690 7942
0 69
0 93
0 28
3 5320 7163 8365
0 23
3 8163 6871 1371
0 68
3 1876 3822 7006
1 8947
0 43
1 7491
4 9772 5938 1241 7339
0 24
1 766
1 586
0 33
0 45
0 3
0 61
0 22
0 89
2 7963 7584
0 55
1 3004
1 836
1 4940
0 72
1 6786
1 946
1 484
0 45
1 4838
0 56
0 12
0 30
2 9445 9668
2 2332 4230
4 5064 945 7290 9718
1 9057
0 6
0 85
0 19
0 17
0 82
0 41
0 98
0 48
2 8707 8979
2 3207 8341
2 9039 5130
1 4589
0 67
1 3299
1 4312
0 43
0 65
1 5533
0 89
1 347
2 5954 912
1 3893
5 6617 1821 9728 7854 5216
1 5887
2 3121 4905
0 38
0 65
0 69
1 7174
0 10
4 860 8887 8421 4709
0 3
0 52
0 17
0 77
1 2815
0 47
3 9246 3965 7839
0 13
0 92
0 59
5 1809 4883 3658 8845 8682
1 9661
0 37
0 31
0 8
0 21
0 16
0 93
0 20
0 53
0 83
0 91
0 54
0 6
0 56
1 5815
1 5131
0 25
0 82
2 1297 9113
6 171 6753 4690 5688 7679 5960
0 56
1 1692
1 8052
3 5664 3274 6776
0 93
2 6546 5078
0 10
2 703 6087
0 49
1 3348
0 47
0 38
0 75
1 5125
4 5994 5651 2785 8327
3 4537 9120 6687
1 1827
0 16
2 7108 4782
1 2796
2 5389 1548
0 99
0 80
0 12
0 1
0 12
1 2871
1 9758
4 7238 9646 4414 7079
1 6816
1 2363
0 16
1 9475
0 98
3 6939 4173 3213
0 15
0 2
0 2
5 3426 5459 365 7848 6259
0 38
3 832 1252 3452
1 249
0 93
3 8787 7182 3737
1 5512
0 30
3 5085 7787 5117
0 32
1 4170
6 2961 3326 6369 1701 3597 2206
5 2194 1259 5118 3687 9935
0 69
0 73
0 26
1 6501
1 5574
0 30
0 89
0 67
2 712 9354
0 25
0 70
0 66
5 8881 3929 9256 4049 7043
0 40
6 9261 5436 538 1900 3323 2474
0 74
1 547
1 9485
2 9662 5678
0 80
1 8153
2 8114 7952
1 7794
1 6248
3 127 9126 5742
1 2587
0 58
2 6714 2310
0 80
1 6176
0 12
0 8
1 2289
1 7529
0 48
1 7516
1 8832
0 27
0 23
1 6038
1 4213
0 80
1 2196
0 89
0 84
0 40
4 8292 8295 2226 2016
0 97
2 8705 4873
3 2039 1469 2845
0 91
1 1046
1 7581
3 3231 6420 8367
0 72
0 74
5 4986 1799 4293 7816 6427
3 5023 880 7109
0 26
0 66
4 2567 3585 6707 2468
3 5637 1604 6912
1 4258
2 4021 6196
0 72
0 6
0 43
0 73
0 86
1 3050
3 6492 2357 9378
1 6749
1 3083
1 3001
2 9593 524
0 95
2 5360 2225
1 3964
0 7
0 94
0 62
0 94
1 313
0 38
0 68
1 6387
1 9243
0 49
0 92
1 6842
0 64
0 52
1 9034
0 27
1 1412
0 73
2 1225 2240
2 5134 5573
0 37
5 9566 2658 2789 4908 5865
2 5826 9253
0 12
0 82
1 7615
0 57
0 7
0 47
0 67
2 3560 2034
0 97
0 78
0 12
0 83
0 24
0 3
0 8
0 75
0 36
0 91
1 2374
2 6540 9415
0 9
0 100
3 4065 7772 5354
0 72
0 66
0 20
4 9529 7189 8054 505
2 3699 7352
1 1871
0 11
0 74
0 72
0 28
0 8
0 98
2 5808 6539
0 57
0 55
1 1646
3 4125 6942 7370
0 28
1 3263
1 3459
0 12
0 4
0 51
0 94
0 5
0 73
1 6487
3 520 2153 373
3 7505 1979 1458
2 2817 1026
1 246
1 4978
1 631
1 2510
5 5455 9344 1410 5111 5613
0 47
0 38
0 77
2 8936 8455
2 5602 4239
1 3170
1 2331
2 2536 5332
1 5980
0 26
1 6537
1 8326
3 4846 7230 4700
0 78
0 38
0 15
0 85
0 6
1 6225
1 258
1 8971
0 23
1 6720
0 63
3 8579 6907 4811
0 46
0 76
1 3339
2 5836 980
0 66
0 89
0 67
0 16
0 53
0 7
0 5
1 5558
1 6632
1 148
0 76
0 16
1 9505
2 1696 1018
0 48
0 37
2 2162 4892
1 3744
1 7677
0 4
2 1862 4696
0 36
4 9571 9425 6090 207
2 5409 7654
2 4842 9848
9 3174 7906 2832 6629 6824 5370 1097 4433 6757
1 4045
3 8624 7558 4381
0 64
2 1830 6819
1 9238
0 6
2 6409 6580
0 67
2 754 3839
0 27
1 7680
0 74
2 5141 501
0 98
1 8250
0 17
0 71
0 6
1 4415
2 5376 5187
4 1217 4272 6109 5779
1 4643
3 6113 2959 3448
2 7066 3269
2 4925 911
3 7219 2764 4619
0 85
1 318
0 99
0 77
1 3427
1 1725
1 5346
0 27
1 927
3 1712 2615 7769
0 2
2 5885 3852
0 22
0 77
1 6998
1 7247
1 481
0 4
2 4146 1788
3 3547 6847 1189
5 8628 2861 2107 986 2179
1 9914
1 2491
0 98
6 9159 564 9011 3919 6341 6985
0 93
1 1413
0 30
1 516
0 11
2 3270 2550
1 121
1 8266
3 7248 633 5935
2 1212 9273
0 47
1 8595
0 92
0 58
0 45
2 7187 4714
0 65
4 1448 4074 2150 7957
1 5905
1 2962
0 30
1 3696
2 9259 3513
1 3685
2 8328 5582
7 2668 398 5981 4062 526 8513 1942
1 5778
0 88
1 9794
1 4959
0 2
9 4538 9738 2011 966 6326 7523 8446 2938 3251
1 1968
0 50
2 5386 6825
0 14
0 31
0 31
6 9092 4396 3544 4129 7905 8669
2 7570 7150
1 1022
1 1986
0 1
0 16
1 6282
0 26
0 45
3 4641 2558 2459
0 85
3 3672 3243 983
4 788 9345 5668 7112
0 99
0 12
0 97
0 53
0 67
0 96
0 53
0 25
4 4459 3941 6813 1847
2 5276 768
1 8581
8 898 1718 3438 2090 8196 2729 4571 6357
1 4225
0 77
0 32
2 9093 1946
0 80
0 27
0 79
1 7123
2 8212 5443
2 6601 4904
0 67
0 1
0 62
0 19
0 9
1 3878
0 90
0 31
0 91
3 151 2614 7223
0 40
6 4073 1482 6003 2857 6210 7939
0 25
0 22
4 6233 5166 395 3966
0 93
1 6866
0 10
0 36
0 70
0 1
1 5847
0 97
5 9554 5744 1621 1555 5809
0 14
0 41
2 1115 4793
0 19
0 22
4 6154 9511 1873 7807
1 7812
0 49
5 8444 6605 7089 5045 4168
0 3
4 866 9743 5538 2859
2 1233 3086
2 3950 9922
1 3070
1 2158
0 30
0 98
2 680 9292
1 1072
1 9785
5 4869 589 8429 7371 1687
3 7781 5564 8768
3 3954 7490 8726
0 29
0 5
0 71
0 4
2 2667 9546
0 69
0 21
4 7385 8997 7365 2850
0 95
0 50
0 68
0 45
2 7664 7129
1 7002
0 6
0 55
1 8130
1 4375
0 97
0 72
0 3
2 94 4302
1 6202
7 2611 9708 2343 1309 9750 1165 4426
0 54
3 6298 6966 523
2 2241 8779
0 18
0 54
0 40
1 7609
1 2503
0 55
1 534
2 9796 7153
1 8127
0 38
0 44
1 3358
1 5830
0 43
1 1818
0 22
3 7980 4807 8605
1 8841
0 3
0 43
0 31
0 37
4 2143 621 7091 239
2 979 5895
1 3662
0 12
2 7434 4693
0 43
0 23
3 5585 29 4999
2 1117 1991
2 2750 9874
0 26
1 5152
0 2
4 4597 1270 4491 6745
0 72
0 4
3 9707 7459 789
0 46
0 41
2 3435 9278
0 71
0 77
0 49
4 3442 8275 6286 4355
0 65
0 70
0 86
3 2956 3918 165
2 8848 4835
0 70
0 49
0 57
1 5229
1 1202
0 2
1 6981
0 75
1 1889
1 2151
0 26
0 32
4 7233 1377 6646 1001
0 28
0 73
1 4544
2 438 1709
1 4823
2 884 1683
0 17
1 9510
0 67
0 95
0 76
2 8913 4678
0 41
0 71
2 3432 1605
0 59
2 8784 1275
2 627 1829
1 9181
1 3366
0 64
0 37
0 21
0 66
0 55
0 10
1 3566
0 65
0 39
4 4855 9732 4322 2486
1 1071
0 25
3 7968 9490 9630
1 344
1 9629
0 30
2 4016 4048
0 57
0 61
1 2900
0 49
2 7250 1532
1 9466
1 3833
0 21
1 8693
1 3187
0 91
0 96
0 77
1 1470
2 8178 7405
0 66
0 10
2 3440 4470
0 50
3 6848 5367 5326
2 6541 762
0 27
0 36
1 9185
2 4014 2719
1 274
1 6647
3 1268 6930 8620
3 5734 3502 1406
0 19
3 3193 9441 2577
0 18
2 7322 1134
0 91
0 92
0 89
1 3634
1 8433
1 5644
0 97
1 3406
0 9
0 30
0 31
1 7267
0 23
1 4989
2 7207 6430
2 6705 4920
0 64
1 3118
2 7557 1346
3 6444 8877 5124
0 65
1 7681
2 6888 6484
6 5074 3619 3449 8737 9049 9786
0 85
0 80
2 800 4268
1 3668
2 6110 2834
0 83
0 6
0 25
1 5041
0 99
1 6289
0 73
1 9803
1 9046
1 458
0 93
1 2358
1 6367
0 96
0 27
2 4292 305
1 8967
2 8625 4837
1 7955
0 30
0 55
3 5514 5859 6874
0 71
5 91 150 8677 5611 9983
3 5400 1828 6152
0 85
1 7224
4 9945 4123 4613 4174
2 6754 6283
2 5133 7992
3 9040 3877 4903
0 86
1 3250
2 1841 3967
0 28
1 1488
1 3532
0 10
1 8807
2 6254 691
5 7244 186 9549 7315 8249
0 95
2 8472 5058
3 1082 7573 7096
0 11
0 28
1 9756
0 70
3 8544 6200 4791
3 702 6126 3172
4 8906 5956 5096 7528
1 5684
0 88
1 5872
0 11
0 84
1 508
0 54
0 62
0 58
0 87
0 52
4 7236 6799 7014 9179
0 57
0 5
1 408
0 20
1 1070
4 5449 5174 6742 6502
4 9565 6940 4334 8903
0 16
0 50
0 32
1 2193
2 4861 9572
1 248
1 2140
2 3019 624
0 47
0 33
0 98
1 1140
0 43
3 3417 1541 2286
5 2211 6735 4720 5857 1407
2 8783 1075
1 8297
2 5098 9982
3 201 790 8788
0 47
0 93
2 9645 2976
0 31
1 366
0 43
0 19
0 6
0 43
1 9805
0 20
2 6491 7748
0 63
0 96
0 70
1 6783
1 2125
2 1861 8176
0 32
0 81
1 6988
0 82
1 1759
5 8765 33 5314 961 5777
2 6979 8064
1 6482
0 14
0 31
3 4382 5559 7504
0 57
0 79
0 60
0 98
1 7245
1 1617
1 2730
4 4357 4976 8044 9706
0 91
0 91
1 8355
2 8335 6314
4 4059 2379 2208 6362
0 75
0 77
2 8182 3741
3 9570 1855 6412
1 3047
7 6689 5593 482 68 3391 7099 9390
5 9509 5774 2191 8568 7342
0 71
2 7561 3743
1 2924
1 6453
1 542
8 9252 8084 2157 7460 9883 1417 4221 7042
1 1850
0 66
0 16
1 9275
1 1506
1 7103
0 55
0 30
0 13
1 10000
0 63
2 2279 2952
0 50
0 58
0 6
0 79
0 82
0 99
2 4735 6463
0 80
0 81
0 15
4 5824 4572 3285 9562
2 8498 8912
1 2863
1 7037
2 7022 3841
5 3915 4762 8007 7715 9660
2 7531 1745
6 846 2537 4231 328 2183 7464
0 74
2 8279 4744
0 51
5 7296 4758 2643 3710 577
1 4801
0 2
0 19
3 8959 8287 3294
0 59
1 5263
3 8977 37 1105
1 6534
7 3567 4 8171 5270 1192 6850 1465
1 210
0 84
0 42
1 1505
0 42
0 89
0 72
1 8354
0 48
0 25
2 4273 4151
3 413 7727 5275
0 78
0 72
0 25
0 89
2 1616 903
1 9082
0 48
0 33
0 35
0 68
1 6355
3 8598 2408 6660
1 3112
2 2017 4902
2 4510 218
2 2717 495
2 7867 9552
0 34
1 4934
4 5239 6571 6858 6711
0 39
0 21
0 91
3 2997 5694 7268
2 3599 6350
0 40
0 50
1 3713
1 821
0 48
0 58
1 9212
1 1095
0 14
1 195
1 7477
0 22
0 82
0 40
0 41
0 32
0 36
1 4716
0 41
5 2234 2626 2684 2866 2602
0 30
0 69
1 9470
0 52
0 93
3 8246 7181 7658
0 55
1 8471
5 3189 4539 5756 3749 1993
2 7644 4810
0 82
0 49
0 7
0 50
3 4260 1178 4299
0 100
0 8
0 23
0 2
1 5590
5 2103 2998 8826 5252 8006
0 26
0 1
0 98
0 54
2 1495 6168
2 4960 4656
0 53
1 8711
1 445
0 14
2 9976 290
0 47
0 75
1 6214
0 39
2 5575 7024
0 6
0 80
3 1403 1246 6140
2 326 97
0 2
1 8800
0 22
0 95
1 2842
1 9399
0 50
2 5961 8539
1 3346
0 11
0 62
1 3029
1 6618
0 22
3 7687 2434 7946
0 61
0 32
0 3
0 48
0 20
0 44
0 93
2 9410 6086
6 6892 7831 5059 8256 9361 4192
2 2559 9481
1 5180
0 98
0 21
0 92
0 25
2 8039 7226
0 54
1 2995
3 2890 122 7751
1 1677
0 54
0 86
0 48
2 7858 7419
2 9263 6630
0 9
0 16
4 8111 9957 7214 397
1 7815
1 6688
0 76
0 58
6 4622 2116 9713 9137 7145 1414
0 60
0 49
0 65
0 76
3 7954 55 8431
5 3530 9999 5439 6495 792
0 27
0 35
0 100
4 2883 1697 5212 725
1 8103
0 45
1 7146
2 2895 6863
0 29
0 76
1 5886
0 6
2 4636 1817
0 71
1 5316
1 5596
1 9961
0 98
0 18
1 7016
0 54
1 4217
1 9971
0 79
1 7454
0 92
0 88
0 45
2 1603 204
4 5544 9516 6937 139
1 27
0 47
1 3441
0 77
0 64
1 9282
1 3702
0 100
3 802 6178 6390
1 487
0 11
1 9506
0 58
0 16
0 31
0 60
1 9784
0 43
1 4738
0 60
0 25
0 54
0 37
2 3479 1112
0 97
0 58
0 96
1 8267
0 92
0 45
0 25
1 3859
0 99
2 3465 172
0 4
0 100
1 3782
2 6156 1257
2 6854 320
0 79
2 5479 3105
0 88
3 3926 8656 3613
0 99
6 1194 7288 5699 2978 7065 6318
2 2171 7478
0 26
0 73
2 655 4327
3 120 3565 5110
2 1329 131
5 1084 7283 4550 5319 1845
0 51
1 1139
0 14
1 9859
0 84
2 6276 3199
2 6598 4621
0 10
0 77
1 1272
0 32
1 6056
0 93
2 6765 6345
0 50
1 1975
0 58
0 75
0 81
0 84
4 9501 9826 6575 2166
3 8119 1888 9414
0 94
0 74
0 100
0 89
0 43
3 8880 6167 9812
1 6190
1 6616
0 42
0 87
0 64
2 2526 904
2 7008 2308
0 94
0 53
0 69
0 4
1 2847
1 7990
1 4560
3 7080 9969 3344
5 8025 9988 8107 2417 7204
0 61
4 2676 7683 7462 6249
0 36
2 2495 6048
1 3311
1 1067
0 23
1 1203
1 888
0 47
1 4581
1 2198
2 2075 333
2 4473 8924
0 90
1 5213
2 9333 5317
0 23
0 39
0 80
0 66
0 39
0 8
1 4431
2 3799 4779
2 9472 3168
0 16
0 84
0 8
0 4
1 2678
0 89
0 100
3 5075 5222 8671
0 89
5 5325 5321 6153 965 8172
0 17
1 6049
3 9550 3972 4580
2 7167 9232
1 1719
1 865
0 98
2 4280 4775
0 2
1 15
0 72
0 63
0 32
3 7113 3803 8018
0 81
2 7806 465
5 8416 8740 2964 230 977
0 44
0 93
2 517 5160
1 3667
0 49
0 18
3 546 2557 8261
0 77
0 45
0 92
1 915
3 3974 964 5805
1 490
0 67
7 7448 1456 1383 6600 136 7284 6410
1 6151
0 53
0 33
1 6744
0 32
1 6509
1 3821
1 7453
5 1215 4107 4746 5056 6069
0 94
0 76
0 25
6 1785 3158 7805 2945 4152 1972
1 763
2 743 3378
0 24
2 4666 4634
0 20
0 21
4 2716 2795 3978 9443
0 69
1 5089
1 7825
0 20
0 69
0 22
2 9823 8904
0 96
1 5955
1 2394
0 79
0 50
0 66
1 426
0 80
0 67
1 3153
1 6142
2 587 9249
0 73
0 88
0 14
1 3142
0 100
0 47
2 2260 6561
0 75
0 41
1 9514
0 10
1 2624
1 4203
0 25
2 2515 8046
3 286 4164 2177
0 19
5 3084 8993 2892 1514 2359
1 6366
0 30
1 3487
0 35
0 56
1 8262
2 7033 3615
6 6034 4143 2231 9569 3468 8109
0 3
0 22
2 144 6881
0 14
0 23
0 77
4 7945 661 9264 2009
2 4673 9987
3 3469 1601 7617
5 4731 8685 1751 297 3982
0 38
0 72
0 81
0 33
0 56
0 94
0 88
2 9296 5021
2 4852 3612
2 8623 9489
0 89
6 6877 4165 1584 7148 4108 2475
1 1883
1 9095
0 88
0 46
2 1573 435
3 5505 5485 4088
1 4985
1 2858
0 89
0 36
1 1294
0 50
1 7967
0 66
1 6769
0 18
3 8837 7864 197
0 34
1 5631
0 53
0 75
3 9513 2210 769
1 5159
0 55
2 7025 9096
0 78
1 4214
2 6977 4670
0 39
0 68
2 2608 3150
0 98
0 40
0 28
3 735 4637 5241
2 9725 2816
0 79
1 996
0 20
4 4851 1330 4187 8713
2 1974 7469
0 50
2 199 2779
0 36
1 192
0 16
0 98
2 6634 8934
0 26
0 53
0 36
1 4309
4 9348 4757 8334 3596
4 4521 1985 1438 3836
0 39
2 407 5132
4 9471 4162 9116 4436
1 3834
1 7041
1 1983
0 87
1 985
0 81
0 54
0 7
2 9587 3437
0 64
1 1950
1 9840
0 57
0 16
0 92
1 8901
1 1749
0 35
0 25
4 9025 8358 9589 2835
0 27
0 27
2 1285 9301
0 26
2 4352 5336
2 6433 9519
0 98
0 83
0 16
3 242 3923 7856
0 80
1 85
4 160 5781 6747 4721
0 28
0 33
0 43
1 1122
0 5
2 3933 6074
1 4880
0 25
0 75
0 47
1 1922
2 1125 381
1 3353
2 3146 7272
1 9653
1 9575
0 72
3 4702 3623 2266
0 32
0 95
0 61
0 14
0 74
0 39
1 4328
5 3500 5820 1019 405 9979
0 9
0 38
1 6822
0 30
0 52
0 14
0 36
0 67
0 51
0 99
4 7602 141 9362 3359
2 6268 8382
1 8820
2 1756 270
0 66
0 32
0 75
0 31
0 55
0 49
1 9790
3 9975 6794 7093
6 6740 7213 6457 5266 871 354
0 37
0 1
0 90
1 2110
3 9853 8798 1137
2 9495 208
0 79
0 59
1 5338
0 85
0 17
0 35
0 88
0 89
5 5052 4109 7125 876 1678
1 4324
2 7530 6837
0 54
4 3899 2062 4353 6490
1 4050
0 24
1 2848
1 4111
4 2262 4707 2161 5764
1 7638
1 8067
0 5
3 5391 9411 9584
0 44
0 7
0 46
0 83
1 9393
0 97
1 5652
0 75
0 88
0 63
1 1963
0 33
1 6801
2 1302 9473
0 38
0 47
1 1153
0 46
4 6520 1556 196 9435
1 8585
0 15
2 9499 6536
1 3400
0 50
0 38
0 22
2 756 573
0 67
1 5615
3 690 1157 2128
1 9639
1 3509
1 1836
1 8360
2 7398 5258
0 56
1 8013
0 54
0 75
0 38
2 597 919
0 89
0 95
2 1395 854
1 6208
0 65
1 6573
3 279 48 8219
0 59
2 1240 4374
1 1209
0 49
0 17
3 8602 2635 4937
0 11
1 8710
1 1250
1 8077
0 22
0 48
0 4
2 2982 8948
5 2925 6273 4051 7672 2399
3 3665 7077 1028
0 33
1 8425
0 17
3 823 6655 6108
0 91
0 34
0 86
1 2747
2 9459 522
0 71
3 4144 1672 5264
0 82
0 94
0 66
2 466 3179
1 601
0 56
1 2146
1 1080
2 7766 4261
1 4998
2 1805 4857
0 38
2 3074 529
0 89
2 1009 6503
1 1875
0 41
0 84
1 5802
1 5732
1 3355
0 76
0 88
1 4117
1 2274
2 1446 5717
1 4066
0 96
1 3971
3 2126 453 9124
1 2497
1 308
1 6010
2 9866 3119
2 967 4557
1 4290
0 88
0 50
0 12
2 1936 3631
0 5
0 27
1 9890
0 74
5 4432 7321 6911 9122 6172
0 24
3 1527 348 6361
1 2247
1 1515
2 9239 1236
1 6898
0 20
1 3647
4 7000 2443 3490 9097
0 64
0 12
0 76
1 3814
0 16
0 24
0 98
0 41
4 7503 3921 485 3694
0 28
3 7951 8400 4384
0 11
0 22
0 8
2 9276 6542
0 14
0 14
0 34
1 9170
1 7333
2 8835 5516
0 86
3 4563 2582 2774
1 3289
0 15
3 8702 6042 709
2 7631 8524
1 662
0 4
2 2304 8858
0 7
3 2685 5424 3578
0 14
2 7520 6067
8 4736 8907 1402 1369 1948 5369 8316 3940
5 7979 2072 6893 404 1342
1 5942
0 15
0 90
2 214 5875
0 35
0 69
2 5184 1007
1 4787
0 12
0 55
2 4461 8945
0 88
0 4
0 72
0 59
1 3786
1 8797
0 1
2 6529 959
1 2137
0 76
1 9664
2 595 2595
8 8563 917 9130 3584 8850 7061 5953 6191
0 65
1 4271
0 9
2 7259 6793
0 74
2 1387 1034
2 6668 581
3 8185 2387 7297
0 27
1 2905
0 37
0 50
0 84
0 60
0 73
0 12
0 51
0 80
0 77
0 73
1 4894
2 2496 7486
1 5496
0 31
0 34
0 100
1 2630
1 7645
3 6524 5408 7415
0 91
0 46
0 87
2 2650 6731
0 76
1 3162
2 9272 1771
2 1835 9127
1 3885
2 7157 5647
5 1528 377 8352 9072 5939
1 9889
0 53
3 4341 8527 8306
3 6516 3828 869
0 21
1 9703
0 77
0 80
0 99
0 42
1 7552
1 4906
1 9266
0 87
0 49
0 57
2 4106 9723
0 22
3 4972 8399 1852
0 45
2 6000 6181
1 2666
0 35
0 59
0 15
1 6473
1 1184
3 5545 2 8238
0 36
2 1485 5343
1 3920
0 17
0 40
0 44
0 13
1 8781
0 15
1 6678
0 29
2 7697 73
2 1265 9716
0 48
0 19
6 8254 5348 7879 794 9111 791
0 50
0 22
1 5513
0 79
1 3022
0 77
2 938 7933
2 5186 8490
0 4
1 8037
2 8379 8340
0 49
2 9419 4452
0 33
1 611
0 40
0 32
0 78
0 86
3 8278 916 3036
0 72
0 29
0 20
0 38
2 4617 1314
0 51
0 13
0 15
2 8247 9375
1 4512
0 87
2 9112 9309
0 48
2 687 2180
0 24
0 78
2 5758 798
1 4278
1 1256
0 43
2 4994 8346
0 99
0 18
0 83
0 66
0 17
2 4037 2448
1 2364
1 5331
0 86
1 9188
2 3380 461
1 2958
1 9864
0 40
1 9167
0 82
0 81
1 8093
1 2809
0 81
0 39
6 6572 8280 2677 6712 2652 9813
0 96
1 1784
0 75
1 3476
1 629
0 2
1 2798
1 7421
0 10
2 1536 9917
0 92
0 50
0 90
1 5566
3 9814 2529 2812
0 15
0 32
1 124
2 6139 9741
1 4596
3 4567 3853 9518
2 2837 9017
0 11
0 22
1 5817
0 95
0 95
0 12
1 4530
0 65
1 7210
3 2584 1348 8362
2 8089 8908
2 3681 118
0 40
0 13
1 2106
1 5548
0 100
1 8138
1 2494
0 14
0 3
0 89
1 1699
0 71
1 4526
0 22
0 13
0 2
0 10
0 50
4 7863 6241 8821 1471
3 7872 8699 5093
2 410 8302
1 8152
0 49
0 58
1 9504
0 13
0 51
1 3652
0 90
0 36
2 7389 4767
0 32
1 2636
2 841 7012
4 1704 7508 5153 9831
3 8978 4453 9582
0 61
0 18
1 9759
2 9522 8078
0 12
3 1988 2732 2207
10 4128 8855 1166 5484 4896 5785 5580 6376 7255 8190
1 8833
2 9288 9247
1 9631
1 3810
0 60
5 8629 6935 5477 6872 2019
0 47
0 11
1 4664
0 43
3 2752 146 1500
0 28
0 87
2 9431 3156
1 1924
5 7408 660 9625 6763 5398
0 26
1 3295
1 4210
0 49
0 39
0 55
0 83
1 8872
0 77
6 2722 8917 4248 2047 8393 7904
2 8450 2361
0 31
0 66
0 8
0 93
0 80
1 9370
1 9834
1 5357
1 3054
0 64
2 7177 9007
1 4063
1 8269
0 82
2 8648 7544
1 8162
2 2471 6500
3 3756 3033 5683
0 50
3 1353 1517 6563
2 3688 7149
1 350
0 83
0 43
1 4907
0 61
0 99
0 91
0 86
2 113 906
0 5
1 4039
1 434
1 556
3 2108 3586 7688
0 35
0 96
0 36
1 6895
3 4828 4031 7020
0 5
4 2590 5840 935 4395
3 4300 5680 9665
2 3508 6402
0 3
1 9691
0 94
0 43
0 4
0 30
2 3228 6407
1 4523
2 4226 9746
0 22
0 70
0 15
2 6260 6588
0 15
0 35
4 1839 319 9461 5823
0 84
0 12
7 3413 2846 7396 642 2939 1391 5577
0 89
0 42
0 43
0 58
0 25
1 602
2 7482 9486
2 5080 8058
2 6173 9773
0 14
2 5849 1373
0 33
1 23
0 59
2 8829 5568
0 62
0 36
1 5704
2 5975 7710
0 99
0 16
2 708 3843
0 5
1 4631
1 3124
0 26
0 19
5 2919 4703 6565 2203 8293
2 7351 213
1 4661
0 22
0 63
1 4845
0 17
1 4951
1 7860
2 830 6352
1 8478
2 6324 1065
0 40
6 1152 7620 5623 2766 7262 418
1 8312
1 3262
2 304 5414
0 49
2 433 6522
1 1789
0 75
0 95
0 70
0 25
2 867 9001
1 8222
0 15
1 1576
3 722 7653 1542
0 10
5 1559 3988 3349 3767 8560
1 5427
0 5
0 39
0 16
1 3038
4 8884 7554 8825 370
0 83
1 568
1 4854
0 17
1 1325
6 4682 3807 3673 3322 7550 6472
1 4517
2 8386 5897
1 9334
0 34
0 67
1 8649
0 35
0 51
0 32
1 7730
1 9023
2 6348 1069
3 1006 6014 5604
0 100
2 6585 6840
0 75
2 4839 6417
1 6832
0 52
4 5866 2985 3148 4087
1 6715
1 713
2 419 9574
2 2993 1635
1 6917
5 9669 9318 9585 6606 159
0 94
0 17
0 28
2 7669 8998
0 77
0 12
0 94
0 75
0 61
0 63
0 64
1 7760
2 3141 4376
0 48
2 6452 4423
0 72
0 5
1 2045
1 8803
0 26
1 99
6 6505 9599 8145 9733 2950 9439
0 16
0 60
1 543
0 36
0 13
0 29
3 7484 6633 652
0 71
1 1657
0 73
2 7257 4407
1 4680
0 7
1 2735
0 15
3 6918 8610 3522
0 41
0 14
0 2
0 71
1 5541
0 59
2 2255 4764
2 7166 5228
0 17
1 1191
0 59
0 6
0 55
0 42
0 7
0 62
4 220 7135 6733 7998
0 16
0 80
1 8441
0 95
0 36
0 47
0 46
0 30
0 11
0 60
1 2167
1 2398
0 48
0 40
4 5082 5236 9408 2187
0 72
0 81
0 68
0 99
2 5671 8700
0 79
2 7673 4430
0 39
2 2943 535
0 67
1 3139
0 89
4 4029 6739 8859 9224
3 5380 8597 7142
0 52
3 7426 2372 2101
0 32
1 414
0 70
0 78
1 3761
0 98
0 91
0 75
0 28
1 5900
2 4310 1651
1 9119
0 83
0 16
0 78
3 7861 2860 4064
0 25
2 5856 4836
4 2395 2738 2292 8923
1 9947
2 9117 287
1 7217
0 62
0 45
0 57
0 48
0 26
0 4
0 69
1 1177
1 704
0 39
2 7401 6132
2 2098 8529
1 6280
4 7671 1121 7892 9937
0 51
1 7637
4 963 2556 1253 4304
2 3424 7852
1 7407
1 5595
0 85
0 40
1 5235
1 1173
1 474
0 77
2 3023 2320
0 99
1 3740
2 4501 8271
0 52
1 5709
0 95
2 5478 5065
0 73
3 8014 7656 5729
1 1218
1 2878
0 24
0 71
0 14
2 24 9090
1 61
0 27
1 8314
0 22
0 89
0 27
0 60
1 2802
2 1575 747
2 3850 8861
0 35
1 9062
2 2099 7235
0 81
0 92
0 98
2 5985 9656
2 188 2681
0 30
0 34
6 502 7051 2096 8609 8990 1228
2 4965 5253
1 6423
1 3477
1 5552
0 31
3 2267 7923 400
1 1279
0 14
1 9538
0 89
0 83
2 8771 5441
0 42
2 2275 4246
0 30
3 1429 9642 5591
2 2312 3398
0 9
2 9144 5190
2 2634 7136
4 607 8688 9872 9652
0 43
1 7282
0 84
3 5170 817 9628
1 2452
0 68
1 4233
1 9109
0 79
0 42
2 5755 74
3 2621 609 9217
0 79
0 76
0 8
2 3806 3922
1 2154
0 71
1 2327
1 7666
2 7198 4171
0 71
2 2947 740
0 21
1 1896
0 86
1 3182
0 69
0 77
2 8397 5700
2 2082 2597
0 84
1 4877
1 8142
0 58
0 23
0 53
0 1
1 1168
0 62
1 1878
2 9153 6513
0 76
0 81
0 18
1 2578
0 99
1 4577
0 62
0 84
0 64
0 24
1 5224
2 4253 6857
2 4499 1362
3 7428 8499 2321
5 262 4411 2563 8520 378
2 8553 5641
0 7
0 21
1 8359
1 6203
1 393
1 7285
1 1068
0 1
0 56
0 92
1 6624
1 8868
1 8069
0 19
1 3025
0 68
2 6054 4534
0 43
3 1786 1145 6130
4 8723 1509 5726 951
1 3423
2 1351 8734
0 16
0 61
1 8626
0 78
0 33
3 2450 6311 5179
2 1186 9586
2 8703 6830
0 27
0 13
1 4147
1 7627
0 63
0 8
0 66
1 6958
2 4549 2078
1 6432
1 9701
0 36
3 8325 8603 4806
0 27
1 2001
0 90
0 73
1 8161
0 4
0 97
0 1
0 72
3 3024 6465 5498
0 7
0 1
