100 10000 0 0
6980 2235 1118 7026 4663 6270 6709 5608 4576 1484 390 1824 264 7021 7264 3360 8143 5284 2038 4504 9033 8447 1921 5858 5685 309 5851 5816 8496 8842 5736 5952 2322 3002 6497 7306 6136 4871 784 7448 3567 4 331 4464 285 470 2611 2971 3805 3237 5217 8827 7713 7397 5094 4236 3529 2066 2937 6169 9509 1456 282 3546 2762 3222 555 4781 163 3146 3746 648 9778 9059 7762 8394 6297 3781 9708 5295 6304 4814 299 7054 1813 4490 2343 4029 2564 9216 6550 9206 8483 3141 7522 7791 4957 7039 8774 7346 
0 7
0 89
2 2793 7844
3 282 7644 6278
2 3611 1552
2 5376 332
3 6831 2704 6155
1 4823
0 71
3 9151 8036 6387
0 13
1 3939
0 51
1 7237
0 63
0 99
3 7111 6055 8235
4 5756 6968 8693 4406
1 5957
1 2057
0 63
2 9726 4975
0 66
0 28
4 3328 2108 7836 5742
0 36
1 3811
2 3608 3702
3 1405 4914 6419
0 41
3 3519 5237 1759
0 16
1 7797
0 81
0 75
1 9313
0 57
2 6726 7141
1 6066
0 58
0 43
2 1119 8355
0 23
0 23
1 3722
0 25
0 1
0 43
1 6526
0 5
0 14
5 1569 7824 4306 6374 6159
1 5805
0 6
2 458 975
5 987 5115 3516 691 8667
0 15
1 2055
0 47
2 1002 4841
1 8689
1 3895
2 5856 4770
0 63
0 63
0 58
0 19
1 1071
0 6
3 4208 6263 7048
8 3117 6371 8894 8478 1168 7180 7997 7647
0 66
1 9958
0 65
1 1300
1 9812
1 2085
1 4425
0 22
0 28
2 8682 2692
0 43
0 1
1 5187
0 100
1 6071
1 2078
2 607 5749
2 1764 3007
4 1442 860 9862 3015
4 2112 1214 7923 7092
0 49
0 97
0 8
2 2258 1679
0 63
0 78
1 7413
1 3511
0 89
0 26
0 24
2 6895 7152
0 65
2 9257 4457
2 3647 515
0 12
0 74
2 7754 8676
0 91
1 1788
0 5
0 97
0 68
1 5002
3 5436 1729 281
0 62
0 22
1 5496
1 2581
0 73
1 1444
0 3
1 5053
3 9872 3549 7864
5 9520 8396 52 431 9928
0 89
0 26
0 59
0 50
0 84
1 7094
4 2602 1316 9301 4628
3 1294 5836 7867
0 45
3 6392 7476 4726
0 54
0 1
0 77
0 33
2 6140 5666
0 18
1 7479
2 7977 3052
1 5582
4 4277 7787 871 4317
0 46
0 74
1 1806
7 8905 6963 4409 9794 9294 3092 6133
3 5017 4742 1035
0 31
0 36
0 73
0 89
1 9327
1 3041
1 2808
0 11
2 2197 4211
1 6954
3 5560 2387 3101
5 9059 8629 265 2116 8014
0 28
0 9
2 8590 3508
0 86
0 94
2 6595 1170
0 17
2 7625 7065
0 36
1 2187
0 23
0 84
0 81
1 5775
0 52
0 87
0 67
0 52
0 5
1 1617
2 8572 6161
0 60
0 3
0 76
1 4701
0 93
2 781 5732
4 4555 6846 5116 3444
1 8611
0 8
2 2542 6730
0 66
0 64
0 70
2 9871 4596
0 1
2 7284 700
2 5445 4870
2 9361 8892
0 35
0 44
2 1137 720
2 3657 4673
0 24
1 2726
0 98
0 70
1 5394
0 52
0 52
0 50
2 2036 7145
3 7186 6047 5537
0 6
0 98
1 8195
1 7108
0 48
0 48
0 28
0 9
0 26
2 4682 201
1 5669
1 627
0 43
3 7193 375 7741
3 7199 6893 1076
0 95
0 90
0 5
0 67
1 2260
0 9
3 8928 8739 900
0 85
2 7196 54
1 6506
0 90
1 5713
0 84
1 4861
0 80
2 5223 9116
0 73
1 3773
0 8
0 48
1 4836
3 1126 4553 3964
0 24
1 4449
1 404
2 3504 2388
0 36
1 2419
0 28
2 755 3817
6 6808 2970 1382 4106 1262 9390
1 4242
7 7791 2590 5529 9434 9994 7283 8148
4 800 8664 5118 1973
1 9537
0 77
2 5679 3753
0 88
5 9465 5502 7369 9523 4678
0 18
0 58
3 6015 8452 1323
0 11
0 90
2 5419 2482
1 7735
0 86
0 39
2 8551 384
2 9802 3955
6 8774 371 8360 1152 5681 2292
2 5277 3072
0 17
4 1861 1712 5985 7587
1 6503
0 100
1 2001
1 9838
0 82
1 7720
1 4826
1 9963
1 879
1 1709
0 74
0 51
0 45
5 1528 1538 9402 5520 2101
0 33
3 5230 7244 7363
2 3341 2834
0 88
1 2021
0 91
1 9207
3 2205 5191 8817
1 6678
5 5267 7537 2106 3633 3887
0 9
0 43
0 98
0 22
1 2255
1 2873
1 471
1 2768
0 61
1 6348
0 79
0 33
1 9180
1 1741
0 76
0 68
2 1320 7356
0 83
4 6352 354 5903 5601
0 57
1 8750
3 1639 2279 6916
0 91
0 77
0 98
0 51
0 61
3 9025 8569 4689
0 84
0 13
2 4046 7994
4 3613 4832 3381 9916
0 1
0 70
0 60
1 8710
1 1213
0 53
0 9
1 9512
0 75
1 6668
1 377
0 34
1 737
3 8010 5174 1515
3 8737 597 9632
0 15
1 5342
0 69
0 12
0 28
0 36
2 747 2730
0 87
2 2406 2966
1 5224
5 6627 8687 485 6549 954
1 9969
0 42
0 91
6 5967 9161 9087 7821 7513 2259
0 15
0 45
1 8638
0 68
2 5486 9813
1 1311
2 8029 8956
1 4603
0 27
0 63
2 5949 8043
2 2161 1934
0 18
1 4011
0 89
1 4039
0 17
0 6
9 264 7713 5748 6466 7650 465 5457 6896 7436
2 9903 7109
4 2251 689 978 9828
1 5855
1 2830
1 7614
1 7785
1 9270
4 730 6818 9184 2706
1 8616
0 35
0 62
0 100
0 27
2 4171 158
2 7508 5826
0 3
1 7998
2 2321 7096
0 1
1 1334
0 45
0 5
3 6107 5478 6277
0 86
0 23
1 9997
8 2883 1150 646 5725 3481 3232 6565 3543
1 3262
1 651
0 17
0 33
0 68
0 96
0 55
0 51
0 55
0 62
0 56
0 50
0 8
3 1508 8052 1298
0 92
0 67
0 69
0 27
1 4467
4 4446 2826 2639 6557
0 34
1 5347
1 3971
2 6030 2940
0 32
7 5062 7671 1876 9770 6864 9888 2959
2 5428 1122
0 93
1 882
0 61
1 2541
0 41
0 39
0 63
1 8314
0 58
1 5448
2 4931 8679
1 835
2 2328 3242
0 28
3 7210 5371 6589
1 1994
1 9132
0 45
0 65
0 18
2 924 9724
0 86
2 2436 3465
0 44
0 56
8 9509 6297 1756 6607 1798 8476 2774 3820
0 51
0 82
0 5
1 329
0 22
0 51
0 57
1 3626
0 74
0 50
0 54
0 37
0 13
1 8621
0 81
5 7474 9906 7389 5460 8591
3 2576 8361 1866
1 6770
6 182 4580 1564 1919 1817 5973
0 35
1 3912
1 9665
0 92
0 57
1 647
0 95
0 55
0 21
0 69
3 8846 7307 9299
3 6039 3617 4668
2 5517 5538
0 13
3 2997 7573 40
0 77
0 53
1 1218
0 48
0 4
0 36
3 8154 7447 4059
1 6209
0 79
1 9914
0 28
0 94
0 73
2 4557 3910
0 29
1 3217
0 47
0 54
2 3005 3577
1 7496
0 67
2 1433 4158
0 5
2 9278 9001
0 64
5 7893 1809 813 1629 5791
1 7281
0 87
0 71
1 5382
0 15
0 71
1 7725
1 2177
0 57
1 4169
2 5370 8500
0 35
1 9583
0 57
0 68
0 8
0 95
1 820
3 8594 6647 3532
1 31
0 22
0 92
2 6603 1440
0 38
2 6304 7553
0 51
0 98
0 23
3 8740 8513 993
6 5079 1179 6054 4111 6504 2956
0 75
0 58
0 59
3 124 9613 5838
0 43
1 7189
0 81
2 4967 9787
1 5614
1 996
2 5430 1414
0 55
0 55
0 45
0 12
0 66
1 2879
0 92
0 62
1 9874
0 9
0 4
0 10
0 59
2 8173 7079
1 6650
3 5173 349 1904
0 68
2 7626 1499
0 31
0 64
0 74
3 6216 3239 8782
0 61
1 6330
0 20
1 6268
1 5935
0 34
0 94
0 73
1 878
0 7
0 66
1 9392
0 36
2 8292 908
0 66
0 53
3 8172 1339 2229
1 1521
0 19
1 5368
0 73
0 82
3 928 239 6346
0 73
0 1
1 7291
1 2004
2 112 4259
3 7655 5019 4386
0 7
1 3054
0 68
5 9535 216 8436 5812 8056
0 90
0 40
0 98
5 6583 3704 8170 8095 3597
0 41
2 8487 133
0 89
2 8256 9895
1 2002
0 85
1 7282
1 8582
1 9816
1 9709
1 5639
2 9947 5338
0 36
5 28 9817 7286 6945 9340
0 76
2 8735 6158
0 22
10 7367 1363 367 1591 3518 3750 8020 6249 6002 2815
1 3649
0 88
0 4
0 80
4 7911 7570 8461 9622
1 7095
0 55
0 47
2 8603 8441
2 6193 521
1 1517
1 2661
1 1232
0 91
0 65
1 5556
0 17
0 27
1 506
1 7708
0 54
2 9239 7583
2 6296 8234
0 42
0 82
6 2668 3605 4152 4139 2894 2132
0 37
1 7943
0 77
0 54
0 80
1 9007
0 8
1 8144
0 45
0 61
0 85
0 27
0 100
4 6385 3733 8822 1749
1 5663
0 86
1 7382
0 10
1 692
2 1147 9039
0 19
0 15
1 7603
0 31
0 47
0 63
0 95
3 948 2557 2263
0 11
0 40
1 1149
2 5346 6958
1 4942
1 7780
0 68
0 71
1 1941
0 93
0 63
3 3812 2143 1703
2 8934 8002
3 5956 8196 362
2 6292 7398
0 91
3 6329 6816 4964
1 9063
0 14
0 87
0 20
0 26
0 97
0 68
0 70
0 81
1 5501
2 438 5761
2 1680 1961
2 1602 5844
1 6185
0 1
1 4672
0 48
0 49
2 3888 4426
0 3
0 51
5 9804 4016 5151 6742 7693
4 5776 6687 6944 3164
1 1251
1 5832
0 56
1 148
0 33
1 4775
1 2369
2 6909 2560
7 5642 8497 1832 4739 8040 3134 6448
0 33
0 25
0 25
0 97
2 2510 7605
0 70
2 3835 7868
5 1996 4018 2417 1807 7789
1 7336
0 7
2 3295 3053
0 77
1 360
0 7
1 3921
1 5584
0 54
0 48
0 65
1 5289
2 6187 6228
1 2228
0 95
0 20
0 53
1 4947
0 82
3 9964 2405 6347
0 37
0 67
0 82
1 3216
3 6212 549 5241
0 9
6 8118 7582 8280 5796 3356 8191
0 32
1 853
0 24
2 5405 9424
0 12
0 66
3 5879 3149 9069
0 22
1 4661
0 93
1 8890
0 59
0 17
1 9631
0 23
4 3361 6539 9394 335
1 3187
0 29
3 6699 7606 3203
0 10
3 6119 7960 3434
0 70
0 66
1 8573
1 1377
5 8176 4251 2626 5530 9909
0 2
0 97
2 6129 7895
0 51
1 5418
1 4626
3 2127 2181 7478
0 39
0 61
0 78
1 5195
1 5240
0 4
0 43
2 8524 9438
0 74
2 5499 886
2 7845 4120
1 9006
1 2573
1 1711
2 6176 1590
0 33
1 2867
2 2944 164
1 7040
0 68
4 680 1448 2765 6796
1 7317
2 352 2005
2 2342 5618
0 83
3 7299 8533 1723
0 9
0 44
6 846 1706 9140 2094 7161 3794
0 77
0 70
1 2993
3 5397 5380 7293
1 8903
0 2
1 9120
0 31
0 44
0 57
0 66
1 9952
0 78
0 45
1 6130
0 51
0 63
5 4411 8607 9106 3132 8368
0 68
1 8123
2 8948 9051
0 78
0 85
0 28
2 6248 8713
0 65
1 7589
0 54
2 6520 7316
0 92
1 2975
1 1489
1 9357
4 8316 7405 3859 5077
0 72
1 5715
3 7813 8058 5609
1 5395
0 34
0 75
0 68
2 547 4442
3 4268 2553 5863
3 2365 1989 9742
0 66
2 4586 4990
2 9985 3731
0 8
0 47
3 7747 7302 3432
0 1
0 48
1 7402
0 19
0 18
2 5194 8290
0 91
0 42
5 8633 8514 8133 2246 7692
2 8780 2978
1 1531
1 2719
0 85
0 31
0 17
1 2438
0 39
1 4118
3 3284 2099 358
0 43
1 7457
8 7752 5655 4984 3585 6586 9355 3717 2169
0 58
1 4644
1 7743
2 7623 7846
2 5876 1683
0 61
1 2049
2 9824 4654
1 6749
0 33
0 32
0 80
0 62
1 9580
4 1964 7157 6208 8219
2 127 3322
0 1
0 87
1 489
6 6937 6059 4899 5739 8882 5253
0 40
0 29
2 5039 9579
3 1195 1750 631
0 75
1 2723
0 61
1 15
0 79
0 63
1 8037
2 2402 3100
1 5900
0 73
0 74
1 4815
0 63
0 88
0 4
0 65
1 9823
1 1520
1 9942
0 46
1 8549
1 1589
0 24
0 79
2 5286 5700
1 7352
1 8816
1 498
0 4
1 495
0 59
0 41
1 8435
1 4223
1 9893
0 70
2 9677 4854
0 88
1 8694
0 7
2 8711 1507
1 3743
2 6273 7619
4 4528 1326 6113 2992
0 16
0 58
1 7956
1 3172
0 58
2 9236 9410
2 6978 1992
0 6
2 5483 6090
0 65
0 90
3 3891 6353 8128
2 7342 8125
2 3950 8924
2 4262 2019
0 37
0 43
1 47
1 4556
0 12
1 7167
1 6934
3 8050 9566 1751
0 81
0 62
1 8301
0 100
2 6966 5708
0 64
0 75
1 7324
0 49
1 9388
0 41
0 55
0 57
0 68
1 2174
0 97
1 4090
4 2696 7255 382 2753
1 4607
1 8011
2 1554 4214
0 61
0 94
0 42
0 87
0 47
0 53
0 67
0 4
0 5
2 7466 3877
0 88
0 85
0 42
0 36
1 3258
0 28
0 59
2 274 4388
3 4997 9306 4928
0 20
0 60
1 3298
0 30
2 9875 5563
0 10
2 8522 5433
0 38
0 89
0 27
3 4202 4829 8122
0 18
0 35
2 3274 2840
0 53
1 3966
0 61
0 70
0 34
1 6527
0 18
1 8138
0 61
0 30
1 7403
1 6579
1 2051
1 6162
0 25
1 2319
0 20
0 60
2 1143 4015
0 30
3 3073 6458 6014
8 402 1447 3490 4071 141 1193 3627 9795
0 55
3 7755 6264 6722
0 28
0 91
2 9544 2193
2 3207 6303
0 40
0 22
0 30
0 82
1 1783
0 47
0 58
0 48
1 6585
0 9
0 45
0 87
1 9758
2 8346 6434
3 7259 9662 7133
0 33
0 94
0 4
0 49
0 89
0 39
0 95
1 839
1 2672
8 8496 3805 6911 8030 6281 5611 7330 2585
0 66
0 53
3 2077 7659 6969
1 1754
2 6867 1737
1 9849
0 53
0 14
0 26
0 17
1 5063
4 966 1888 4310 2781
2 6832 5510
1 399
2 2812 4212
0 12
0 58
1 6393
0 25
2 8004 2298
1 6238
0 59
0 58
0 64
1 9283
4 270 3435 1963 4516
0 28
0 92
1 4105
0 78
0 9
2 7749 2702
0 41
4 9966 1355 8404 3766
0 99
0 8
0 77
0 67
1 8068
1 183
0 42
0 3
3 2888 5417 5292
0 15
0 89
1 4000
2 6088 3777
2 1933 794
1 234
4 8923 8295 7767 8432
3 8422 6454 7268
0 62
1 9582
4 5484 1726 8671 9172
0 91
0 87
1 2772
1 137
0 65
0 92
1 3991
1 5686
2 105 1650
0 100
0 22
0 18
0 20
0 72
5 779 4215 660 4669 5690
0 13
0 97
0 85
3 1976 741 5567
1 2647
0 81
1 4805
1 3338
0 94
0 9
0 48
0 18
1 507
0 70
0 97
0 12
0 96
1 9651
0 7
5 6451 2234 3334 990 7393
0 49
0 22
2 1917 9931
0 96
0 46
1 2636
1 1905
1 5818
2 7016 4481
0 11
0 41
2 989 9070
3 827 4565 1929
1 2295
1 9685
0 11
2 8636 6932
0 30
2 6853 7608
0 40
1 8962
0 25
0 21
3 8229 9938 649
1 5101
0 100
0 7
0 86
1 6147
0 55
0 52
0 13
0 50
0 82
1 39
2 7126 2121
0 58
4 9009 6965 797 6489
2 7684 357
0 73
3 4458 5357 4684
0 59
0 78
0 30
0 89
3 6708 7159 7654
1 8658
1 4357
0 26
1 4237
0 71
2 5648 912
1 7075
2 7 9684
1 5733
0 52
0 62
1 3530
0 100
2 98 6095
0 15
3 5255 4773 5088
3 9811 9581 5140
3 1332 7304 2
1 2173
2 6920 483
1 8996
0 88
1 2370
2 6558 5837
3 6452 7552 1782
0 40
0 84
2 7567 1567
0 2
0 79
0 43
1 393
1 828
2 8847 969
0 59
1 6904
0 63
0 38
0 1
1 6950
1 6244
1 8475
1 7915
3 3699 7660 531
0 62
5 2794 9668 8505 6061 3760
0 41
3 7888 9945 8393
0 58
1 9472
0 8
0 15
5 9607 6750 5695 1717 959
1 599
0 68
2 8843 7089
5 9234 7633 4218 2828 5777
0 82
3 5287 3570 687
0 15
0 65
2 8512 5131
2 6482 7636
0 2
2 8525 9290
3 2976 7459 9079
0 1
0 92
0 85
0 30
0 89
0 43
2 9477 7018
1 7750
0 31
0 76
3 4839 6166 2597
0 88
1 2448
2 3827 439
0 38
0 21
0 67
1 7505
1 5759
0 49
2 4302 9476
1 5709
1 7965
0 36
1 4289
0 78
0 40
0 43
0 14
3 8652 1369 2354
0 52
1 6045
0 14
1 4514
1 6744
1 4083
0 87
0 46
1 3056
0 31
1 3688
5 8327 766 7192 1162 2821
1 7037
4 2537 63 7924 6332
1 1938
6 1682 7360 7730 9379 8990 9751
0 61
0 94
0 84
3 7642 2666 5440
0 96
0 16
0 72
0 24
0 28
0 56
0 51
1 8545
1 598
0 23
2 3443 7090
2 3865 4692
0 95
4 9205 9800 3815 69
0 99
0 81
0 68
0 4
1 7662
0 71
4 6243 706 1276 5867
0 28
1 1397
1 339
0 48
1 6631
0 57
1 2914
0 3
0 58
3 9310 956 7804
0 11
5 7858 9314 9717 3758 1408
3 1835 2742 1114
0 33
1 4441
0 64
0 8
0 8
0 31
0 70
1 5350
0 90
0 93
0 90
2 1738 679
1 3686
0 87
1 4500
0 60
1 1524
0 4
0 68
0 39
0 13
2 1042 5853
0 25
1 4712
1 1479
0 25
0 71
0 26
0 94
8 657 3855 4613 8677 7523 1308 5933 1714
1 1000
1 9027
0 26
1 749
0 69
0 10
0 57
1 9905
2 6319 6199
1 3822
1 3022
1 1925
3 8153 1477 1830
2 8555 8605
0 45
0 69
0 13
0 17
0 14
0 78
1 3818
2 2117 2476
5 8163 1603 9304 6635 1645
0 26
0 74
1 3323
0 7
0 71
2 3429 7088
1 9752
1 725
1 9226
0 41
0 13
0 86
1 8092
0 55
0 49
1 8895
0 76
0 59
8 5248 7811 8299 1087 7543 6771 3842 2789
0 18
0 100
1 968
1 3157
0 33
0 4
1 4860
0 72
6 390 8842 1728 9382 569 8088
1 6016
0 8
4 1752 4309 3800 4647
0 58
0 25
1 4234
0 27
1 1988
0 33
1 9882
2 6131 4524
2 7239 8468
1 6759
0 12
1 4857
0 50
3 2749 5150 6734
1 7509
1 2426
1 6634
0 28
0 83
0 12
1 3980
1 4429
1 3387
0 3
0 97
3 5990 6757 4264
0 65
0 5
0 11
0 59
0 66
0 78
0 65
0 75
3 4896 3641 894
1 8045
1 5997
1 3831
0 21
0 37
1 210
1 8821
0 96
1 6255
1 6747
0 74
0 42
0 3
2 8157 7566
0 87
4 2267 479 1495 1165
0 52
0 49
0 90
0 55
0 73
0 94
2 1694 9158
0 25
2 4393 876
1 3013
1 5924
0 12
0 50
0 26
2 3350 1472
0 22
1 6842
2 6693 5834
0 55
1 8647
3 3972 3614 2213
0 96
0 74
1 1388
0 42
5 8094 4734 5367 5875 8819
0 77
0 93
0 22
1 1203
0 80
0 13
0 23
3 412 6358 836
0 19
0 39
0 8
0 42
1 4444
4 3872 2788 4159 4474
1 7992
0 39
3 4638 9374 2183
3 6082 8208 251
1 73
1 3494
0 74
0 78
0 89
0 33
0 47
0 46
2 6386 405
0 71
3 997 104 4509
1 8672
0 7
1 4624
0 37
0 73
0 32
1 136
1 6288
3 466 9792 5192
2 9570 557
0 50
0 97
0 89
4 8325 1677 1210 7979
1 7174
3 1856 3371 5519
0 42
0 75
0 29
0 95
0 87
0 16
3 3550 1924 718
1 8976
1 2974
0 87
1 2074
4 8602 5848 1641 9228
2 3678 6754
0 16
1 9568
0 55
0 60
0 7
1 8939
1 9308
0 9
3 8722 2709 9128
0 14
2 1134 5261
0 13
1 8747
0 82
0 14
0 86
2 5551 334
1 5675
0 58
1 585
3 5355 951 9193
2 4724 7842
0 56
0 43
6 8760 5940 241 1378 5323 8260
0 98
0 54
4 3902 7083 9497 9910
1 7779
1 9700
2 9720 4737
0 2
0 94
0 51
1 8794
1 9194
0 79
1 1826
0 26
0 59
4 5800 758 9183 9877
0 88
0 93
1 9551
0 53
3 2622 3080 7877
1 6787
0 53
1 8407
0 79
0 95
0 59
2 8600 9541
0 6
2 6654 7249
0 47
1 3006
4 1770 6099 4257 9448
0 55
1 2714
0 27
5 5238 5840 5210 2358 6322
0 10
0 61
2 8580 3852
1 9614
3 3468 5673 6037
1 6165
0 96
0 45
2 9466 6674
5 5831 2520 8351 1465 2669
0 52
0 1
1 7278
0 100
0 60
0 45
0 45
1 5110
0 65
0 78
1 1662
2 8530 8289
0 56
4 4278 2451 9229 9484
0 22
2 1245 8165
1 614
3 8484 9329 3243
7 4376 7792 385 89 3324 9300 3899
0 64
4 4025 5303 2090 8016
1 3999
0 32
3 3045 6983 2897
0 41
0 59
1 2478
0 20
2 1 4894
0 73
0 66
1 1024
0 28
2 4404 120
3 1838 1364 5117
3 8596 4972 8864
0 55
2 3185 5930
2 4513 8507
4 9735 8977 788 9343
1 7595
1 2330
1 316
0 65
0 33
1 6051
0 13
1 4837
0 57
2 9545 3669
0 71
0 13
0 67
0 68
0 46
0 41
1 4651
0 4
0 72
1 8889
0 94
2 8612 2394
0 68
0 61
0 31
0 70
1 8464
0 62
1 1409
1 5297
1 7138
1 9788
0 36
2 5377 1612
1 789
2 2994 4472
0 99
4 3499 1865 379 8792
0 4
8 5337 7643 6441 3442 7604 7124 4466 7077
0 49
0 94
0 60
1 6906
2 4224 2711
0 13
1 6486
1 3962
0 77
0 32
5 8556 9652 9197 7688 2149
1 1745
0 89
0 59
0 85
2 7860 874
1 3824
0 82
0 41
2 9332 7624
1 9688
0 26
0 6
1 7392
3 4422 653 2979
0 5
0 84
0 37
2 5165 8604
2 7280 266
0 29
0 29
2 3461 6104
1 4758
1 9135
1 7983
1 6807
0 5
3 8730 6044 6285
0 3
0 61
1 208
0 8
1 3285
0 98
0 73
0 57
0 87
0 59
8 9033 5685 2066 4802 4347 1115 3215 6507
0 76
0 54
0 29
1 7260
0 47
0 3
0 59
3 7951 5974 9831
2 4761 2299
1 153
1 8915
1 2203
0 95
0 98
1 289
0 35
1 2242
0 55
4 3310 7247 9199 8913
1 2757
0 81
5 2996 4318 9929 6621 4101
1 5006
2 7212 5993
1 3395
2 2516 4838
1 333
0 89
1 3315
0 88
1 8578
2 378 36
2 3421 6665
1 6021
2 520 5612
4 8779 9975 4064 3342
4 337 8282 552 8287
1 1794
0 31
1 4536
0 2
1 671
4 3351 1785 171 4108
0 62
0 3
2 475 4114
1 8348
0 50
1 7031
0 44
0 9
1 1094
1 5310
2 1797 7451
0 69
1 9973
0 14
0 98
0 67
0 47
2 2605 891
2 9084 2717
1 190
3 6049 4153 6743
0 46
0 75
0 22
3 7703 4132 369
0 29
5 8813 5075 2534 4598 9420
2 9725 1164
0 91
0 41
1 3076
0 19
0 79
0 80
1 257
0 75
0 97
0 14
0 99
0 16
3 612 203 6849
1 2395
0 14
1 212
0 93
0 88
2 2958 6148
0 60
0 59
2 2460 7677
0 20
0 7
3 6183 9615 7164
6 537 6175 5022 9707 9696 923
0 26
2 4927 7558
0 39
1 2811
1 1111
0 74
2 829 2150
6 6085 2081 960 6568 221 3037
0 81
0 86
0 1
0 60
0 88
0 42
1 1595
0 3
0 53
2 4956 7710
1 5917
0 71
2 1901 1045
1 3571
0 88
0 71
0 50
0 96
1 7132
0 4
0 20
0 92
1 2533
1 869
0 47
1 5807
0 4
0 83
0 69
2 1975 3445
1 6492
0 23
2 2452 1966
0 33
2 8878 756
0 38
0 13
0 45
0 77
5 2583 6003 4459 3579 363
1 9879
1 5928
1 8877
1 9560
1 6859
0 82
1 7489
1 2863
1 2433
0 14
0 29
0 55
0 81
1 2754
0 52
0 86
2 2140 4024
0 15
4 6153 3666 2660 8701
1 3109
3 4450 2859 1598
0 49
0 61
0 24
0 94
0 59
2 8544 723
0 12
0 49
0 62
0 38
1 3990
2 9847 1037
4 3084 1333 1158 7069
0 59
1 5045
1 1375
0 7
0 98
0 44
1 4874
1 8902
1 9961
0 79
2 4161 791
2 1491 2469
0 68
1 2967
1 2683
1 3211
2 8141 6795
0 92
1 8336
0 44
1 3894
0 58
2 8334 1083
0 26
1 9321
0 77
4 9127 4620 8060 8354
0 60
1 7379
0 67
3 5674 5481 9698
3 8284 9241 6570
0 96
0 47
2 2616 511
1 3779
0 38
0 47
3 988 5842 9148
0 83
1 6517
1 1486
2 9755 8160
5 3121 5603 3457 8283 435
3 3415 3018 5336
0 54
1 973
1 8708
1 6928
0 46
1 3866
0 22
1 2076
0 57
0 19
0 40
0 41
0 37
1 8438
2 1840 8042
0 67
2 4864 8116
4 4622 3225 6227 6648
0 31
0 93
3 805 3210 177
1 3333
3 5987 8678 1250
2 1411 493
1 2289
0 53
0 7
1 770
1 2288
1 3561
0 20
0 22
1 8985
1 7598
0 40
0 72
1 5095
2 510 7675
0 12
1 2274
0 57
4 8267 947 6013 4333
1 4499
0 71
1 3813
3 6892 9196 5871
0 55
0 1
0 66
0 88
0 6
1 5015
0 52
0 77
0 93
1 2216
0 8
2 9526 4564
1 4526
4 3684 7331 6445 290
0 11
0 31
2 3606 4693
4 1194 1537 8981 5182
1 2547
1 8844
1 541
4 500 7328 2991 6464
1 5960
1 2747
1 8984
1 4848
0 80
0 35
2 8874 2456
1 9157
0 20
1 1302
3 4810 3651 1356
0 71
2 6408 9469
0 32
0 100
0 27
0 38
2 9323 7927
2 8623 8365
1 2596
1 2572
0 99
0 4
0 33
0 80
2 7898 972
2 4830 7204
0 84
2 4369 5146
1 6886
1 3008
1 4909
0 90
2 9801 23
0 84
1 119
0 12
2 792 7002
2 8714 1476
0 32
2 2851 9901
0 64
1 6611
0 83
1 2839
1 9214
0 70
1 4609
0 66
0 52
0 26
0 16
1 8113
0 96
0 45
0 24
0 49
0 27
3 6768 6402 2158
4 3541 7219 4329 4546
1 4040
0 86
0 32
0 11
1 7830
2 6774 6335
4 501 8391 4711 7154
0 68
0 58
1 8473
0 100
0 1
1 7810
1 92
3 5023 4878 6351
3 5734 5670 8104
0 7
1 3296
3 1539 2309 1175
0 60
2 1931 8958
1 2217
2 278 7667
2 217 5683
3 9833 3527 2551
1 9814
0 34
1 195
2 9511 1032
0 95
1 8624
0 11
0 58
1 5915
2 3058 2421
0 12
0 23
0 18
1 822
0 20
2 4783 139
1 872
0 92
0 82
0 35
0 22
0 38
2 2644 4993
2 9473 6203
0 81
1 3764
0 64
0 34
0 6
3 6561 1331 1505
3 3099 3897 4068
0 13
4 7267 2610 3179 364
8 6270 1484 4504 5736 4029 866 2265 6102
0 91
2 6860 8968
0 17
1 4385
0 57
1 8872
0 3
1 7793
0 85
0 65
0 86
0 31
0 29
0 5
1 3710
3 8387 8268 8898
0 47
0 86
1 8967
0 76
0 53
0 21
1 6876
0 56
2 7440 5054
2 3292 6432
2 5270 306
0 46
0 44
1 67
2 4571 2148
0 91
1 2990
0 21
0 69
0 44
0 58
1 6955
2 6484 173
0 27
0 13
0 32
1 7416
2 5724 4740
0 95
1 6713
2 2718 3968
0 30
0 100
1 6103
0 99
2 370 604
1 6025
0 98
0 8
2 410 8691
4 4477 8916 3396 347
0 52
3 1525 4342 415
0 5
0 43
5 1867 6246 1839 3021 8136
1 2739
0 36
1 9759
3 3228 6366 6372
0 60
2 8308 1566
0 4
0 75
2 3555 7591
1 1247
1 8868
0 35
2 7477 7758
0 3
0 48
0 91
1 4908
0 98
2 8469 8161
1 8400
2 9860 9986
0 1
0 14
0 11
3 3237 8333 6930
2 1626 7761
0 90
0 85
0 56
0 35
0 15
0 4
0 18
0 96
0 79
1 889
0 6
0 24
2 6882 9953
0 33
1 2139
0 94
0 44
0 66
1 523
6 9211 1349 7311 9585 7287 8159
0 39
0 14
1 3000
10 6194 4004 7827 5744 3019 566 7341 53 821 1543
0 63
0 31
1 8980
0 80
2 926 4695
0 62
1 3780
5 3701 2949 6714 6666 2941
0 36
0 78
0 14
0 46
0 2
0 22
2 7248 5694
0 85
1 8620
0 74
3 6127 7616 1367
2 6057 4716
0 35
0 59
0 83
0 62
1 3864
2 5542 4216
0 51
1 4190
0 29
1 2029
2 6792 1258
0 1
1 1592
0 84
5 3480 2931 422 4125 21
4 8177 1688 3017 269
0 32
4 1108 1733 654 7041
1 1229
3 9441 6417 3060
2 8134 9834
0 48
3 6834 2848 690
2 1269 5575
0 29
0 62
2 4813 9957
2 7202 4540
1 5920
0 29
1 4041
1 539
0 87
1 6396
0 95
1 8026
1 1066
3 8879 6638 373
2 1038 7294
1 9096
2 9369 9319
0 6
3 3249 8893 4562
1 6752
0 22
0 41
0 1
1 7490
3 3858 5035 9923
1 5113
0 65
0 46
0 79
2 5623 8999
2 8543 3961
1 6469
1 3869
0 94
3 411 4200 5344
0 91
2 1345 7920
0 36
1 6865
1 2756
0 56
0 55
0 88
0 88
0 77
0 20
0 83
1 683
2 149 6551
1 6062
0 22
2 3424 9385
0 49
1 496
2 8463 6704
0 48
1 5468
0 50
0 8
2 3946 1145
0 68
1 7982
0 17
0 61
0 3
0 24
0 96
0 12
0 50
0 98
1 8425
2 6899 5864
2 2638 4764
1 2727
0 95
2 780 2614
0 50
0 97
0 24
1 6592
1 637
0 26
1 8726
0 53
1 9452
1 1154
1 6981
1 2483
2 1454 6338
1 4397
0 84
0 89
0 66
0 77
0 82
0 33
0 5
0 44
1 34
0 62
3 5908 1078 6594
1 7116
0 44
0 10
2 4182 9628
0 37
4 2427 6922 6433 7719
0 7
1 9004
0 7
0 34
1 4222
0 91
4 6697 8798 9436 1681
0 78
0 7
1 3430
7 9130 8071 5862 4641 9878 9416 8207
2 308 6345
2 9798 9521
2 7578 5480
0 27
0 32
2 1766 4081
1 2779
1 3319
0 48
1 7517
0 97
1 2657
2 8319 3667
5 8131 9608 936 818 7005
0 93
0 42
1 9618
0 32
1 3513
0 86
0 35
0 21
2 8100 3682
0 3
3 3726 3787 9201
0 31
0 59
4 4095 7348 8736 5955
1 8437
0 36
0 85
1 6023
1 4771
0 99
0 58
1 6291
0 51
0 40
0 25
0 68
0 17
0 91
0 61
0 10
2 3850 4266
0 7
1 9894
0 94
1 64
0 41
0 17
0 51
1 3213
2 74 7163
5 2598 8451 7851 3929 9227
0 3
1 7303
1 9458
1 5740
0 4
1 7143
2 7017 180
2 9150 5880
1 8986
1 2628
3 7106 7689 1653
2 4493 7391
2 5768 9719
0 61
2 7059 4791
2 667 1347
0 16
2 8266 4577
5 1710 635 1576 6989 1820
0 17
0 72
1 5198
0 33
1 1177
0 14
4 8352 8557 2218 6852
3 2663 7114 3079
0 94
0 53
1 8245
2 1910 3358
0 91
1 6918
3 7859 2699 1786
0 44
0 25
0 69
0 30
4 5455 6723 3940 7076
0 15
1 162
0 5
0 19
0 41
3 2917 5723 676
0 18
13 2946 4736 812 8102 7100 9556 8728 4478 5941 8240 6258 655 7814
0 82
1 1847
0 1
4 3589 4710 1446 5145
4 3621 9887 9225 6660
0 33
1 283
0 3
2 9002 1123
3 7969 1962 5111
5 3625 9793 3326 9543 3795
2 1896 258
0 54
4 8328 3679 9826 8858
1 7600
1 6429
0 11
1 3698
1 3390
2 1843 6282
3 1001 5524 985
0 7
0 55
0 15
0 22
0 54
1 2535
0 31
1 7454
0 77
0 88
1 4360
1 5795
0 61
0 7
1 2777
0 19
0 77
1 6406
2 4374 4845
0 57
0 86
1 4287
0 25
0 48
2 4498 4387
2 9152 2033
0 77
1 1189
3 6838 1597 1406
1 4646
0 38
1 9590
1 4227
1 5030
0 25
2 2382 5902
0 56
0 48
4 3547 8090 7162 9749
0 86
0 5
0 86
0 81
1 1395
2 6915 8317
0 92
4 7262 9053 3401 8542
1 9907
0 43
0 51
0 5
1 8946
1 2721
2 7590 9146
2 2761 6206
0 73
0 4
1 3261
0 13
1 2435
0 19
0 96
0 67
2 18 3206
0 99
2 1704 6628
4 1561 6700 5008 9020
0 16
0 84
2 9341 2084
1 9036
0 83
1 6698
0 69
0 48
0 91
1 4205
2 2098 8067
1 3725
2 4559 5881
0 70
1 2687
0 21
3 2603 7385 7502
0 91
2 1464 272
0 62
2 991 5069
0 99
2 9019 2570
2 2014 677
2 5135 3189
0 19
0 50
0 55
2 3260 4723
0 95
1 2803
1 1063
2 5398 7491
0 1
0 77
0 10
1 1965
0 55
4 7211 903 7175 3738
0 51
0 83
0 52
1 6078
0 59
1 2461
4 3963 5620 9836 8230
0 16
1 3113
0 6
0 49
1 6791
0 89
3 6468 3250 9767
1 724
1 7487
0 37
1 3061
0 89
0 46
0 75
8 5340 8810 1365 6926 1643 3924 6046 4045
0 94
4 1713 530 8696 5246
4 7536 6567 6390 4131
4 4784 9125 242 2360
1 3202
0 13
3 3639 3145 1222
0 14
0 96
0 37
0 67
0 14
0 22
1 2555
1 4372
3 9173 5868 6234
0 23
0 91
0 17
0 45
0 45
2 3098 8586
0 37
0 68
3 6856 5896 4543
0 76
0 33
1 9076
0 86
1 863
2 7691 7645
0 50
5 1558 2170 7989 1075 232
0 48
5 4303 8575 2118 9705 4290
0 33
0 69
1 2530
2 5309 3761
1 4243
0 13
0 41
0 19
0 16
0 83
1 3906
0 76
0 84
0 28
1 578
0 22
0 86
1 8873
0 85
1 8053
1 7082
2 1009 9367
0 42
1 2529
1 1833
1 6618
0 52
0 79
0 65
2 1124 6191
0 24
0 35
0 90
0 46
1 4904
0 24
4 3275 8609 9339 8357
0 9
0 9
0 48
0 5
1 1432
0 79
0 19
1 2178
1 592
2 6767 7129
1 1081
4 9820 8634 454 1404
1 6710
0 46
0 12
1 6806
1 6416
0 50
2 2871 2648
3 4636 1939 144
1 4954
2 804 6788
0 57
4 7225 9192 574 9356
1 4415
4 772 2982 4944 4868
1 536
1 3965
3 6988 2700 5453
0 60
2 2968 9660
0 19
1 4497
4 3689 7690 8920 6782
0 20
0 28
2 1928 5239
0 9
0 18
2 6407 9404
0 1
1 209
2 8467 4953
4 1217 5912 9162 9414
0 30
0 69
0 93
2 318 5401
0 55
0 48
6 4143 9781 9553 5513 3749 3538
0 2
0 74
2 7948 409
0 74
1 4635
1 157
3 2650 5600 8863
0 49
0 19
1 8358
0 94
1 8944
0 81
0 95
0 5
0 92
0 35
0 93
0 83
0 80
3 2909 2519 2933
0 11
0 27
1 3159
1 4138
1 1046
1 7027
0 3
0 61
4 3934 5288 7961 9293
0 29
1 1146
0 86
1 424
0 63
1 5531
1 719
0 19
0 62
1 4717
0 4
2 1010 1775
1 8949
2 1348 7554
0 12
1 6356
0 31
0 97
2 4945 2053
0 27
0 31
0 43
2 5164 6267
5 4400 2760 8983 8752 2162
3 2579 2816 6680
1 4721
0 100
1 2953
0 29
1 6132
0 26
6 4006 8359 1663 6732 9464 4471
5 5994 6800 4982 1104 6798
0 5
4 3969 9502 5873 2054
6 9351 301 8831 407 6574 9754
0 81
2 611 9776
0 98
0 36
0 50
0 54
1 2740
0 69
0 58
0 71
1 964
1 6885
0 67
0 56
5 8237 7060 9141 5730 8226
0 38
1 7985
0 2
1 5260
0 24
0 38
3 7208 6360 658
0 2
0 100
0 80
0 5
3 4561 8871 1074
0 49
1 9673
0 10
0 57
1 887
1 4665
1 3085
0 89
2 8904 5136
0 28
5 4252 7086 5645 9739 921
3 2861 2983 5754
0 29
0 49
2 5588 2633
0 81
0 8
0 61
1 4220
3 430 5104 3303
1 5720
2 198 1336
0 30
1 8650
0 31
5 4630 7925 1596 4273 5885
0 8
0 32
0 91
0 13
0 15
1 2400
0 15
0 24
3 7376 5859 6794
1 3819
1 8110
0 33
0 26
1 5664
0 70
1 8324
4 9854 77 7482 6488
0 3
1 93
0 27
0 39
0 21
0 29
0 39
0 87
0 95
4 5159 75 3618 5167
0 65
0 85
0 21
1 2656
2 5926 7024
0 31
0 97
0 31
2 9215 8825
0 13
1 6423
0 13
1 5658
1 4014
2 6777 970
1 5794
0 26
0 35
2 7023 5845
1 4191
0 26
2 7976 9612
0 37
0 23
0 99
3 9933 8041 5160
0 99
2 3751 2801
7 8670 7663 3707 6245 6139 2802 6280
1 4722
0 69
0 17
1 3784
0 78
0 56
2 3147 830
0 39
2 2007 434
2 6872 5372
2 8511 6974
2 5065 7011
1 3643
0 8
0 1
0 16
0 97
0 67
0 14
0 94
1 861
5 29 9178 9533 1651 8091
0 21
0 94
0 61
4 1341 4664 7112 7705
0 68
1 2470
0 9
0 25
1 3948
1 7123
2 400 3311
0 93
2 5285 9983
2 5148 5942
0 63
5 8096 2745 8719 7025 8826
2 7494 9081
0 35
1 4980
0 64
0 72
1 2707
0 52
0 10
1 1061
2 4094 5891
0 39
0 92
0 29
2 2107 748
0 27
1 4767
0 92
0 98
0 86
2 7365 3320
2 7177 8261
3 8433 3548 2083
0 3
2 2783 754
5 610 9675 1428 6018 1993
2 9839 5092
1 2954
1 5522
1 2207
1 9282
3 9529 5214 1818
0 62
0 40
2 5893 2353
1 6534
0 28
2 8840 7658
0 40
2 1878 2135
0 25
0 85
1 7861
0 29
0 50
2 8416 4048
0 58
2 9870 1604
0 76
3 4763 5316 8734
3 5782 6701 8585
2 4533 5271
0 63
4 7066 5041 8193 1184
0 49
0 31
1 6614
1 9303
0 31
2 795 1571
0 51
0 31
3 5378 2060 6075
2 9786 3287
2 8812 6682
1 6146
0 16
4 7753 341 7165 8823
0 24
0 72
1 7926
0 38
1 6626
0 15
0 20
0 44
0 71
0 46
5 3736 8481 7371 1526 1630
4 2145 2225 8460 9768
0 37
0 71
0 16
1 9073
0 93
0 16
0 49
0 29
0 82
1 3400
0 70
1 6633
3 8167 633 7891
2 6960 6784
0 5
0 58
0 62
1 2892
1 4884
1 4789
0 46
0 50
0 60
1 8654
2 9349 1509
1 3148
0 40
1 7224
0 70
1 5442
1 915
1 5409
0 50
0 11
0 40
0 25
0 6
0 24
1 4480
0 48
0 27
0 12
4 5553 881 5918 5154
0 62
0 59
0 78
7 2343 917 6438 7058 6373 3044 5441
5 9899 9948 4804 5707 9149
0 97
4 7995 9627 5036 1014
0 95
2 9272 2593
0 29
0 38
0 47
0 43
1 4121
0 72
0 55
0 87
1 2532
4 967 6398 161 5979
2 1646 7577
2 7444 1660
2 8386 4544
0 37
0 58
2 4915 2130
1 8909
0 84
0 30
0 39
1 8370
1 9098
1 2256
0 85
0 72
0 27
5 7727 7539 7881 8051 7101
2 7990 3257
3 9188 6636 6975
0 25
1 8156
3 4595 3470 971
0 93
0 47
0 89
0 71
0 31
0 100
1 4919
2 9375 4316
0 19
1 4621
2 5351 100
0 71
1 8203
1 673
0 96
1 6516
0 71
4 5972 7635 5888 6336
1 1768
1 1506
1 7712
0 79
0 85
2 6656 9182
2 9621 7580
0 95
0 17
0 94
1 9474
0 41
0 83
0 88
0 35
3 6587 4675 4929
0 59
1 8993
2 8145 7473
2 7882 8147
0 73
0 27
0 45
6 7698 5561 2785 1380 1257 7218
0 30
2 3600 6455
0 34
0 44
0 30
0 41
1 582
0 36
1 9217
0 82
0 62
4 3033 5528 1282 3638
0 39
0 69
1 8789
0 56
2 2584 5770
0 34
0 4
4 2297 4828 6413 8306
3 1658 7179 8680
0 52
3 2039 7771 4033
0 43
0 16
0 78
2 1572 2950
7 6091 6995 6601 4688 8085 6951 3299
1 9342
0 86
0 87
1 3165
0 12
1 5137
2 7897 7738
0 51
1 7344
1 4756
4 1700 3476 8659 5913
1 3115
0 18
0 41
0 61
4 6391 976 5298 1132
0 67
0 4
0 85
1 2490
1 2741
2 661 2326
1 2275
0 72
0 7
2 7941 8271
2 7461 8194
0 78
0 66
0 67
11 5816 7306 4871 2971 4490 2211 5389 4368 7934 4353 1829
3 5040 6874 2624
1 1667
1 6173
0 30
4 7631 2481 630 9603
1 3362
1 3896
2 3709 7721
2 3024 2847
2 2876 6022
0 17
2 3976 3003
0 32
0 10
0 81
0 10
0 34
1 9468
3 462 3205 5047
0 62
0 73
3 6229 9017 6923
2 4468 5830
1 2908
1 2984
1 5051
0 36
1 351
1 9089
0 85
0 50
0 28
0 49
1 9516
0 31
2 445 7205
1 450
0 75
1 6060
0 39
0 59
1 9443
2 4797 551
2 3155 6803
0 81
0 27
1 1005
3 1047 3654 6616
0 74
0 75
0 88
0 31
2 2065 7238
0 68
2 8888 4714
3 3573 1623 3557
0 78
0 74
0 72
1 2780
0 26
0 40
2 7970 2521
1 7629
2 2047 6781
2 3089 4437
0 56
1 9147
0 18
0 13
0 38
0 17
1 9134
1 1816
0 72
0 57
0 45
2 1546 6613
0 21
1 9949
1 746
3 2367 8087 9377
3 9154 6083 361
0 24
0 18
1 3836
0 38
0 94
2 1628 6247
0 18
1 740
1 5089
0 14
0 82
1 5684
3 3989 848 9869
2 4569 6992
4 1324 4648 9712 7676
1 8213
0 67
0 8
0 21
0 32
0 78
0 78
3 9401 3138 2651
1 3696
3 1991 2769 6223
1 826
2 3234 2009
0 11
1 9598
2 849 6465
0 4
0 46
1 7880
0 16
0 10
0 11
5 5141 2907 8770 3937 8181
3 4074 929 9528
1 7080
0 84
0 3
1 617
0 77
0 76
0 26
0 85
3 8259 2835 8971
1 1691
0 97
1 5293
0 3
2 3123 6217
1 8492
0 22
0 97
0 43
1 9642
0 46
0 80
0 68
0 44
0 91
2 694 5029
0 28
0 63
0 73
2 9532 1980
0 96
1 3288
1 2524
0 90
1 9463
0 19
1 8597
2 4855 8335
2 4241 9447
1 6776
3 2748 3878 1103
0 85
1 6368
3 9450 6696 4537
1 1314
0 50
1 6317
3 3168 888 2924
3 1361 5544 7910
0 95
1 9104
0 19
0 37
0 31
0 98
0 29
3 7973 5953 3536
2 8079 8174
0 24
0 29
5 1187 738 8017 1730 3553
2 1510 8162
0 8
1 6947
4 9842 3554 5009 911
3 6170 1475 1221
1 1971
0 78
1 3106
1 7483
2 6773 9333
0 72
1 9419
2 6825 2784
0 21
0 88
0 41
1 5625
1 3484
2 3741 7169
1 930
2 6552 345
0 12
1 2790
0 66
3 9548 7572 2327
8 470 8827 4851 6735 110 1887 2599 5082
1 7559
0 45
0 2
0 37
3 191 2035 4461
1 6729
1 8552
0 8
0 87
0 1
0 21
0 82
1 893
8 1301 7618 731 3853 9407 6198 5 4401
1 8218
0 6
2 4597 5865
2 9799 8074
1 7442
1 5482
0 16
2 1102 3642
0 48
0 66
0 12
0 64
2 9455 3266
1 3659
2 4833 3439
1 9996
1 3489
1 1185
0 32
4 6106 4916 6783 927
0 13
0 99
3 2208 7954 6450
2 1270 5752
1 7430
1 8538
3 7051 7963 678
1 2786
0 36
0 36
0 76
2 5491 2393
0 58
0 38
1 5629
1 5171
2 4456 8941
1 3227
0 48
1 7699
0 84
6 2152 1687 4413 1054 6715 9309
2 444 5226
1 7207
0 22
0 75
1 3792
1 2261
0 51
3 2314 2500 7852
1 5215
2 6110 5779
1 1773
0 11
0 20
2 3035 4534
0 93
4 4778 9445 8121 721
1 429
0 18
0 53
0 90
0 100
0 1
2 3681 5886
0 72
3 3382 7423 512
0 25
0 35
0 59
0 78
0 79
1 2445
0 87
0 10
0 14
0 2
0 9
0 73
3 8455 4969 9552
2 1236 497
4 2277 8838 5070 5180
0 83
1 7437
1 6936
1 7615
0 85
0 41
5 2936 3909 247 5126 9680
0 16
1 7907
1 2345
0 3
0 51
0 63
1 8321
3 2348 6430 2167
1 4587
0 85
1 114
2 2518 5662
1 97
2 2437 2340
0 81
0 45
2 6036 2147
2 3602 8856
1 5021
0 82
1 1995
0 55
2 6050 3086
1 3359
0 73
0 97
0 20
0 46
0 62
1 3407
1 1144
0 87
2 7296 3978
1 8783
2 6670 8374
3 8288 708 4235
2 8772 7253
0 47
1 840
0 54
0 63
5 5197 3130 811 5762 1112
2 1325 3973
0 3
0 14
2 3868 3233
0 13
0 46
3 7732 7550 7434
0 72
0 50
1 1586
4 3591 2673 9527 6087
0 75
1 2124
4 8681 4221 7593 3873
0 78
1 9633
6 7078 231 8974 8592 6624 3576
0 48
1 6163
0 59
0 1
1 1296
0 13
1 9389
0 30
0 81
1 859
0 78
0 43
0 92
0 85
0 62
0 77
8 9708 1804 2512 707 722 1171 3847 2040
1 2304
2 4099 4512
1 6237
2 9346 1287
1 3353
0 1
0 33
0 100
1 7931
4 6477 9654 2925 9495
0 46
0 46
0 64
0 77
0 38
0 6
1 7892
1 2163
4 2247 6135 3590 9946
0 80
0 37
0 23
0 49
1 5677
4 6935 9396 3941 8637
0 83
0 75
1 9538
1 2359
0 43
0 51
0 11
0 36
1 5356
7 4608 7270 8105 6226 717 7972 7918
6 5714 548 3136 5602 4013 1747
2 9723 2184
0 90
1 3791
0 13
0 78
1 650
0 13
3 2428 2250 9920
0 41
1 7418
1 8887
1 9687
0 49
0 9
3 2396 7958 5911
2 8706 6298
2 3644 7117
0 1
0 55
0 93
2 4147 6519
0 65
3 3174 5493 1875
1 3020
3 3615 9777 4305
4 1530 3373 5353 4359
3 6453 4164 7421
0 51
0 57
2 6262 9536
1 6901
1 8238
1 3167
2 3616 6673
0 51
0 66
0 65
0 78
0 82
1 6862
1 4414
0 62
0 64
1 9789
2 59 7648
1 701
0 66
1 6343
0 45
0 18
0 99
0 85
2 2474 9995
0 93
1 9518
0 2
0 43
4 688 6972 3047 2352
0 9
2 4747 6435
1 5516
0 12
3 1008 6069 5301
1 9395
0 77
2 957 3533
0 60
0 87
7 4882 6256 6990 1443 1693 8754 6547
3 8712 156 9275
1 4148
2 6495 1072
2 4994 2013
1 2044
2 76 33
1 3448
0 94
0 19
2 1246 5570
1 5691
0 8
1 9930
1 8332
0 42
0 66
2 1022 4483
2 5335 3778
1 1755
0 90
0 44
1 1615
0 23
0 65
0 42
0 6
0 92
1 1335
0 31
0 52
3 5489 5005 3176
0 23
0 35
0 31
0 68
0 19
0 47
0 42
0 3
2 9354 1458
4 9821 2556 6382 6630
4 8182 9710 4821 8626
2 2987 4715
0 74
2 130 7628
2 6253 6230
0 47
2 2589 9577
2 3188 293
2 6813 4907
1 3479
0 5
1 3954
1 1544
0 64
0 77
0 77
1 9287
0 83
0 14
0 71
0 2
0 66
2 2015 4348
0 67
5 9743 5262 2294 6797 6881
0 18
1 5026
0 93
2 3327 6878
0 24
0 22
1 1943
0 27
5 200 1219 1803 5189 2401
3 6272 1868 1828
1 7366
3 7848 9886 9003
0 94
0 87
1 3898
0 22
2 5056 8363
1 3745
4 1019 5616 78 6850
1 4917
1 6688
0 18
1 5613
0 34
0 100
2 1563 3252
3 4934 1959 6479
0 55
0 21
1 287
0 93
1 8931
0 41
1 3289
0 70
2 5693 4787
1 9331
1 8311
1 5910
1 5780
0 4
0 58
1 8135
0 85
0 84
4 1607 1030 659 6325
0 27
0 88
0 34
0 36
0 90
2 560 3623
2 5170 5359
0 8
0 68
1 6221
0 10
1 8190
2 9867 5388
4 3384 8836 4507 3558
2 6257 8835
0 49
1 3860
0 4
0 88
3 6737 5824 2131
1 8926
0 67
0 50
0 48
3 9716 2926 5743
4 9782 6379 456 3142
0 95
0 36
2 8066 9567
0 21
0 56
0 99
0 82
4 7746 4807 6480 9243
2 5668 8516
1 300
0 34
1 336
0 98
0 75
7 880 5211 9284 9762 4112 8448 942
0 53
1 9021
0 33
1 8527
0 90
0 46
2 8474 5705
0 86
0 57
0 16
3 5964 4364 2159
1 8490
0 2
4 5869 858 8978 1272
0 3
0 69
0 80
0 80
0 29
0 47
3 7120 2857 857
0 59
0 26
2 5543 9288
7 4986 9285 4128 3386 4759 9470 235
0 2
1 65
0 48
0 49
1 8757
1 5099
2 4981 1163
1 6942
1 8426
0 50
0 42
1 4338
0 34
0 61
0 36
1 8392
0 83
3 4612 7408 6718
0 33
1 8975
1 4296
1 2390
0 76
0 99
1 8309
0 36
0 12
0 89
0 66
1 9674
2 4903 7839
0 9
4 1169 7104 5013 4052
1 8421
2 2224 6149
1 4299
0 70
0 98
0 77
2 4308 3349
0 1
2 1139 225
0 50
5 3857 8132 9892 9937 2773
1 2734
1 4989
0 32
2 6498 3144
0 33
0 63
0 19
0 42
2 6220 1649
0 11
3 1268 3762 4542
5 9637 8146 6456 2670 2703
1 3077
0 68
0 37
0 19
0 49
0 93
0 82
4 467 9956 1153 5535
1 4482
1 5937
0 53
0 21
1 5365
0 60
1 8498
1 623
2 6470 440
1 5607
6 4193 5158 1466 5712 5710 4088
1 8571
2 6150 3245
3 1494 639 259
1 9426
1 5402
0 13
6 4847 3399 255 7433 2399 3201
2 3340 6350
0 44
0 57
1 1039
2 3984 1133
0 100
1 8200
0 26
1 2269
0 74
0 97
2 5641 3409
1 1455
2 4966 7694
0 93
0 93
6 8642 2913 1207 4050 1870 8559
1 9733
0 45
0 56
2 3417 9971
0 32
0 100
0 76
0 78
0 17
0 15
0 69
3 9405 4213 1854
2 5927 6494
3 5849 8684 3828
4 2964 3915 2988 3153
1 6137
0 78
0 70
0 96
2 5518 8972
0 67
0 16
0 3
3 8033 4133 7584
2 4554 7221
0 66
0 11
2 3277 3026
0 61
1 9970
0 32
0 53
1 4022
2 625 6251
0 46
0 82
0 41
0 42
0 93
1 4519
1 7542
0 80
0 18
0 46
1 5702
1 6837
0 31
1 8439
1 5722
0 18
0 85
2 3108 3278
0 99
1 8832
0 9
1 451
0 41
2 6274 2782
1 8788
1 4750
0 76
1 8675
0 92
0 4
1 3645
3 8313 8362 745
0 50
0 90
0 14
0 29
0 92
0 79
2 4503 4019
2 9265 1157
4 1387 3658 9444 3446
4 8099 3388 1106 20
0 61
0 27
4 4686 7984 8937 4604
1 1415
0 37
0 41
0 28
0 77
0 4
0 54
1 9269
0 8
1 7107
0 31
0 60
0 33
1 803
0 67
1 1719
0 27
1 2506
0 17
0 17
4 8668 5206 6828 5011
1 1548
0 60
3 38 8786 9932
0 62
0 29
0 81
0 25
5 3746 7762 7945 3670 6809
1 1315
1 8584
0 84
0 99
5 4545 5320 6518 6093 8064
1 7334
0 34
0 96
1 5410
0 38
1 9139
5 895 2563 6210 9398 8683
0 44
1 9683
2 4314 4398
0 83
0 81
0 8
0 37
0 76
3 1085 8086 7889
0 47
0 96
3 7611 5671 8232
0 89
0 74
0 72
1 4732
0 38
0 26
2 934 8935
2 2522 6294
2 2210 9238
1 2882
0 47
1 9979
4 1497 2659 9773 652
1 9277
1 2290
5 9056 3637 4292 2303 8403
1 8251
1 765
2 699 155
1 5207
0 81
1 7656
3 3586 4127 9775
3 1556 8648 9851
0 7
0 76
2 6640 2136
6 4250 514 2770 3497 4366 9232
0 72
0 10
2 2806 8790
0 80
4 4276 4093 7345 8479
1 5201
0 65
0 69
2 1099 4470
0 78
1 1173
0 92
2 4508 7429
1 2499
2 7335 774
0 19
0 95
2 8963 3300
0 93
0 21
1 3030
2 1284 6685
3 4377 4574 7450
0 27
1 219
1 9133
1 4643
0 68
4 8853 83 5959 4044
3 1609 6946 1362
0 19
0 66
1 9602
0 86
1 5494
0 52
0 3
2 8970 4774
0 59
1 575
0 78
1 3087
0 93
0 7
0 5
0 13
0 7
3 2257 5308 5199
2 223 8577
0 13
1 5825
0 30
1 841
0 52
0 37
1 3281
0 95
0 71
4 6553 5003 8221 9446
0 27
0 61
3 3158 634 4627
3 8184 2685 321
1 2934
0 72
1 1535
0 17
1 1460
0 33
0 27
0 46
2 7195 2037
0 98
1 7378
0 67
0 36
2 2569 2487
0 67
0 83
7 4579 1254 9625 2317 6112 2574 7455
0 52
0 1
0 68
0 24
3 45 1198 5640
1 1557
2 556 2306
4 807 4156 2746 6042
1 3255
6 7456 398 2923 7119 4950 5068
1 2376
0 9
0 41
2 6027 9200
1 7815
0 45
2 6128 6559
2 570 5133
0 65
1 2829
0 55
0 96
2 6602 2577
1 9630
0 7
0 19
0 52
1 8494
1 6474
0 51
0 94
4 7602 146 7687 6483
1 2320
0 2
4 5594 7358 7475 8382
5 4494 2686 2845 7246 5072
0 90
0 95
0 88
3 6824 2465 4297
1 6444
0 20
3 2366 3832 477
0 47
1 2380
0 37
0 18
0 22
1 4634
1 9347
2 697 8966
2 643 9124
1 1260
1 7146
3 3171 7015 1949
2 7806 1776
1 3675
1 2588
0 62
1 3734
0 98
3 3208 4469 423
0 65
6 9260 9679 8444 7485 5866 5968
0 26
0 100
0 41
0 47
0 26
4 5074 9944 7772 3267
2 7203 9927
1 4709
1 5593
1 7666
1 4089
2 5421 7469
0 9
1 9422
1 3212
0 77
0 13
3 5245 372 5638
0 17
0 17
1 3531
0 55
0 42
0 59
1 5296
0 70
3 2020 8695 7622
1 5078
0 67
0 3
0 17
7 6169 5033 7321 5363 3771 9037 7745
1 1902
2 5152 8076
0 91
2 5763 3640
0 60
0 27
1 1244
0 70
0 67
2 4978 5962
0 50
0 71
1 9855
0 53
3 3066 6422 6024
3 5153 6720 1426
0 79
0 6
0 58
0 4
0 33
0 10
1 5424
2 9320 4578
2 7964 2837
7 3175 5585 2115 7768 1914 5383 2630
4 824 4122 5572 8305
4 2056 8166 9647 2701
0 97
2 5408 4614
2 8224 8486
0 25
0 68
2 1043 4923
2 4502 9881
0 12
0 84
1 8519
0 19
4 6032 1402 2423 9740
1 8112
0 85
0 32
0 42
0 48
0 10
0 17
0 89
1 9703
0 29
1 7856
0 60
1 3886
0 51
0 94
4 8688 7340 9072 2775
2 9016 1480
0 90
0 27
0 91
0 3
1 233
2 4718 3982
5 2489 1116 7160 366 476
2 7988 5576
1 9189
5 202 6178 3354 8044 9358
0 40
1 8803
0 3
2 7855 3111
0 48
1 10000
3 391 3565 8397
3 2202 5280 3498
0 100
0 12
0 77
2 4650 3802
0 95
0 43
1 4889
0 25
2 4323 2398
0 85
0 50
0 19
0 43
0 6
0 47
2 8997 7399
0 2
3 5632 8366 6355
2 3306 3012
0 86
1 6181
2 5475 4358
0 52
2 7986 8865
1 7273
2 9525 6716
0 9
0 66
1 3721
1 7601
0 39
0 31
0 42
4 6364 3367 4572 6623
0 14
0 73
5 2611 8751 9713 9423 9242
0 45
0 95
2 4279 1401
3 1800 2027 1823
0 42
0 54
0 63
2 8257 6117
0 93
0 43
1 9041
1 3539
1 3610
3 6041 9659 3332
0 94
6 4936 3321 3223 5268 9095 3825
1 3936
3 3837 9626 4792
4 562 5312 7038 955
0 96
3 3821 9636 8965
1 4952
0 50
1 2434
2 3975 4885
2 5479 3114
0 89
3 1883 3036 8515
0 54
1 5943
1 2688
3 7921 1960 5701
0 8
1 5731
0 83
2 3027 1540
4 186 2791 7832 588
0 37
1 6514
1 8601
0 4
0 15
3 6073 2592 196
3 3191 2664 5413
0 31
6 4592 5114 616 3330 7657 4178
0 74
1 8657
0 9
0 76
0 95
0 40
0 54
3 3956 8907 1029
5 5659 2763 4126 4460 5751
0 2
2 9065 1366
0 4
0 99
2 7374 9012
1 5208
3 2566 979 5014
1 5129
0 76
2 9549 8951
0 15
1 2457
0 100
2 9254 6490
0 80
0 56
4 2222 2818 6447 4390
0 28
2 2849 885
1 6400
0 19
0 40
1 9437
2 376 3517
0 2
1 8187
2 8613 5624
1 6748
0 40
0 83
1 9650
6 2038 309 2322 299 7213 6171
0 73
0 93
1 5166
0 55
1 9298
0 17
1 1869
0 41
0 31
1 2404
0 89
0 16
2 4563 906
1 4971
0 76
2 3286 179
1 2658
0 27
1 935
4 3282 5420 3798 919
0 13
3 4288 8429 3803
3 898 1445 4610
0 83
0 56
0 59
2 288 8399
0 96
0 33
0 48
0 45
1 6214
0 9
1 1582
0 50
0 88
0 64
4 3854 6542 1890 4012
3 4107 8414 9312
4 6572 3716 4666 6004
1 4179
1 199
0 89
1 7171
0 93
0 45
1 5322
4 3747 5983 5392 7492
0 71
0 98
0 8
0 35
1 6467
1 3810
0 76
3 9160 3604 4602
3 5416 8419 9496
0 97
0 75
0 95
0 13
1 1204
0 88
3 9605 7406 554
1 229
0 28
0 19
2 4883 5706
0 14
0 21
2 6232 3378
2 8244 6684
9 877 6739 7072 5523 436 7200 3720 8449 1871
0 78
1 4335
0 36
2 7715 6306
0 32
1 7929
2 2375 9174
0 89
2 6031 9393
2 7046 662
1 2245
1 1873
0 8
0 74
0 27
2 5504 1654
2 4427 5803
0 54
0 27
1 6835
3 8910 6765 864
0 10
1 8347
1 312
1 771
1 5746
1 9350
0 24
1 2640
2 7468 1392
0 48
3 6905 4187 8957
1 6857
0 59
1 1368
3 8850 3357 8459
0 92
1 535
0 62
1 6596
0 85
1 5741
2 9231 1947
8 2191 5222 3433 4331 8003 3397 1672 8466
6 243 5461 25 6996 1278 446
1 8243
0 64
0 38
0 100
0 37
0 71
0 1
0 22
0 18
0 53
0 17
2 4670 121
1 2634
0 56
2 8535 8718
0 6
2 2282 8663
0 47
4 2846 1303 1725 7498
2 6956 9334
1 7818
2 4681 8567
1 7837
1 5802
0 41
2 8705 9904
0 37
0 81
2 268 3994
0 100
4 7319 7639 245 2549
0 57
2 2523 4047
0 42
0 28
1 3959
2 3713 2649
0 74
0 48
2 6727 5637
0 26
1 4281
1 344
2 8859 1403
0 23
0 32
2 17 8364
1 5120
1 2430
1 4455
1 9038
0 92
2 4489 9589
1 9604
0 19
0 43
0 68
2 2310 1608
1 4913
0 89
2 1261 4491
0 66
0 47
0 45
2 2804 9142
2 696 3737
0 25
0 29
0 49
8 2676 518 1536 7673 1533 7326 3474 950
1 3932
0 78
0 90
1 7501
0 89
0 13
2 3719 8253
2 1923 6555
3 9044 594 1091
0 99
4 4879 2713 1125 3449
0 7
2 2792 1069
1 6536
2 4031 1342
0 11
0 60
5 8152 9542 3559 292 7535
0 48
8 3222 555 3141 907 5407 5829 2333 5944
1 2965
1 6632
0 75
0 16
0 44
0 35
1 7777
0 32
0 16
0 86
3 3624 8375 3016
1 6225
2 8583 9715
0 96
0 95
5 5149 793 6513 7188 7261
3 6357 8409 7214
0 48
1 1588
4 3339 1742 6962 2528
1 1900
3 8183 3380 4649
0 36
0 80
1 8564
0 81
0 68
0 92
0 50
1 9212
1 8236
0 96
1 932
1 3337
0 9
0 64
0 31
0 77
1 8886
0 59
0 8
0 20
1 1041
2 2332 80
1 9796
0 67
0 10
0 73
1 8504
0 72
0 17
1 619
0 44
1 775
0 30
1 4933
0 46
0 59
3 189 1795 8103
0 8
3 2287 2351 9000
1 72
0 7
1 4525
10 2767 8454 8796 4685 2496 6900 2473 7664 168 5890
1 6528
1 5364
1 4541
1 2899
0 77
1 2146
1 5020
0 54
3 8777 4510 6751
2 9107 4343
1 5905
2 1067 1956
0 72
2 4656 3655
3 3125 8164 7556
1 8242
1 8420
1 5031
1 7216
0 92
2 5976 6786
0 39
0 44
0 39
1 3491
1 600
1 5946
0 24
0 47
0 70
0 43
0 42
0 99
2 3346 6861
1 7480
1 2503
0 56
1 713
0 65
2 3451 3088
7 6564 7064 3032 1310 1944 7087 7800
0 48
2 1529 4691
1 6991
0 99
5 6760 6299 5785 2154 7396
0 63
4 8028 1735 7347 5244
0 99
6 457 9143 1877 8381 355 9054
3 9993 4337 9080
0 84
0 20
1 1317
0 52
0 11
0 15
1 131
2 1893 5317
0 17
1 5172
0 22
5 3807 6115 8703 2109 9185
6 9094 2301 3542 9853 2562 1340
0 85
1 4549
7 1702 4702 150 7683 9166 3848 5264
0 23
1 5828
0 1
0 27
0 44
0 29
0 79
1 1049
0 20
1 7234
0 28
0 33
0 87
0 69
0 29
2 1502 4617
3 790 3196 4960
1 6562
0 86
0 54
1 974
0 80
1 142
1 620
1 237
1 8209
1 4532
1 9258
1 6952
2 2948 8539
1 1196
2 9202 3209
2 271 2680
0 15
0 43
1 9671
0 74
0 16
2 3981 2833
4 5311 6378 5492 2744
0 63
1 3199
1 8588
2 2977 9972
1 3690
0 61
0 65
1 3038
1 750
0 80
0 49
3 5254 1295 4486
2 4910 3884
0 52
1 2681
1 1313
0 18
0 69
2 7028 5605
0 28
6 4748 1309 6426 3843 5689 5025
0 95
0 91
1 5050
0 24
1 6692
2 8383 9841
1 6009
0 68
1 6388
2 5375 9926
5 3428 4284 1718 3379 8848
0 13
0 63
0 46
2 3916 2862
1 4249
0 48
0 79
4 2042 1462 3774 5300
0 74
2 2462 9190
2 7241 7521
0 83
0 77
0 27
0 91
0 22
2 3841 9208
0 81
5 6204 8307 6180 2096 7820
0 67
2 7191 6836
2 5352 9213
0 50
0 40
1 2674
1 5109
0 57
1 81
1 8744
0 96
3 3404 478 252
1 7043
0 27
0 44
0 95
1 5412
0 4
3 7511 5536 7394
6 9965 6323 5112 7890 2241 5992
0 86
2 7531 2230
0 59
2 8059 6138
1 5439
0 16
0 50
3 1778 7300 3238
0 93
0 68
0 27
1 1881
2 7271 7946
0 70
0 72
1 6921
0 17
1 9459
1 5758
0 34
2 9883 4568
0 11
1 5229
1 8732
1 8828
0 22
4 6389 6333 3486 565
0 64
0 82
0 64
0 24
0 7
0 90
0 96
3 5122 9246 9884
1 4452
1 7049
0 79
1 5179
0 51
1 508
0 35
0 7
0 29
0 93
1 8761
4 2045 3025 5156 6261
0 48
0 2
1 5290
1 995
1 3049
0 8
2 3671 7640
0 88
0 28
0 81
1 1579
2 6964 5698
2 3090 6197
2 4199 3023
0 58
0 53
0 100
0 80
2 1055 9764
0 79
0 14
0 29
0 13
2 8278 5808
3 3995 9829 4430
0 99
0 3
0 36
1 7254
0 43
1 4145
1 6986
1 1793
0 6
0 15
2 8442 8457
3 2878 1451 8258
2 2635 9121
3 7470 3524 5984
0 9
0 20
0 24
2 4177 3268
1 9176
1 1627
0 1
0 63
1 3603
1 8297
5 2844 1647 4968 516 8501
1 8415
0 48
0 43
0 80
1 380
4 1799 8107 6719 143
2 2623 4616
1 9819
0 1
0 26
1 5948
0 4
0 55
2 933 13
1 8270
2 9803 2813
0 54
0 29
1 6597
2 4535 5450
0 66
3 1449 8561 8781
0 78
1 1551
0 17
0 74
5 1811 4166 4435 9050 2735
4 8619 4134 7592 4113
0 47
0 82
0 22
2 2449 2952
1 4321
1 9830
0 87
0 12
5 8038 1780 5564 1307 6381
1 519
1 1979
3 1849 3588 3119
1 9478
0 96
0 70
0 93
4 7524 2980 8938 5656
0 6
0 45
0 7
0 46
0 12
4 3160 2853 5473 7182
2 7323 4827
0 66
3 6207 4117 6821
1 6664
4 1166 6637 6805 2075
2 5904 669
0 33
2 8005 6940
0 73
0 52
5 2048 8897 8384 1701 5130
0 86
0 28
0 39
1 7514
0 71
0 37
0 88
5 2886 5273 6236 7472 2237
0 14
2 6560 4324
8 5851 3002 331 8119 7105 4419 1429 5057
2 2912 3156
0 29
0 39
1 4809
0 26
1 3933
3 8120 672 4611
3 2384 9702 7737
1 9119
2 4999 8697
3 9606 8857 8685
1 3867
0 71
1 2172
1 2058
0 43
0 92
0 30
3 206 7884 7230
0 75
3 1383 9669 819
1 7110
2 388 1101
2 5362 4194
0 58
3 8493 3996 6301
3 6369 8263 5144
1 2031
2 7863 3128
0 70
0 9
2 1879 5451
1 1275
4 2157 1640 7903 250
1 9991
0 86
1 1346
0 11
1 8211
1 2412
1 4831
1 6134
0 96
3 4488 2494 6571
1 4811
0 59
0 26
0 25
0 35
0 25
1 4445
0 33
5 1051 8337 4085 4955 3162
0 84
2 2693 5766
6 4293 8410 9780 3051 7121 941
0 100
0 3
0 70
0 11
2 9766 3331
1 5595
1 899
0 22
3 910 5456 2868
0 88
1 3788
1 4017
0 71
1 7822
2 7073 4817
0 57
0 68
7 6957 9593 3905 4136 7947 1819 5249
1 311
2 5692 3425
0 52
1 4037
2 1006 5259
0 80
0 42
0 66
2 9010 785
1 1200
4 9858 3316 2026 2006
1 4800
0 97
1 44
0 65
2 6833 761
3 8139 2817 2286
0 91
0 58
1 2538
0 71
2 4776 2525
0 100
0 54
2 4380 8756
1 3010
4 5265 1790 6222 8876
2 7425 2921
0 24
1 4551
5 7156 4269 5630 7265 503
0 19
3 796 9397 3263
0 67
0 62
0 10
0 25
0 82
0 70
1 6043
1 41
1 7333
0 100
1 8326
1 62
0 37
0 58
2 1050 1431
5 4719 7756 5657 455 7560
1 3744
0 12
0 65
5 4231 1559 2698 6877 2195
1 4671
0 35
1 2963
0 27
1 9992
2 9639 7638
3 2502 9597 1321
0 40
2 4463 8875
0 89
0 87
0 71
0 30
0 2
0 67
0 26
1 7387
2 7359 8635
1 682
1 645
1 448
0 88
0 45
0 33
3 9806 5653 2515
1 856
0 13
0 34
0 25
1 3247
0 26
0 9
2 8126 3580
0 6
0 71
0 42
0 14
1 8472
1 2885
0 2
1 5250
1 3578
0 69
1 8830
0 96
1 3849
2 1882 9412
3 9663 3133 938
0 89
6 7795 2738 4679 2776 2820 3471
0 2
3 5508 3488 5447
0 74
0 37
1 3683
4 4731 3102 2662 7742
1 1845
1 6186
2 2507 6010
2 7329 6315
0 94
2 1240 5589
0 18
0 30
0 99
3 7607 3478 4119
1 9167
1 7917
1 8202
4 9281 5477 6509 1470
0 26
0 98
2 9508 4729
0 98
1 8006
0 47
0 41
2 9638 9564
1 768
2 2667 2125
0 87
0 25
1 3057
2 9428 9352
1 5738
1 5525
0 32
2 8272 9482
0 30
2 4361 7220
0 36
1 3398
3 5278 6314 7695
3 3829 4263 4552
0 82
3 2594 7322 7452
0 93
0 36
1 9460
0 37
0 18
0 12
2 7546 9
0 1
0 58
2 3343 7723
3 447 7833 2311
2 9611 452
0 95
0 51
1 9706
3 7816 3466 2122
1 3522
1 7914
3 9179 1135 8431
0 4
3 7817 5454 9449
5 90 284 3587 8254 6118
4 5294 5384 4645 7033
2 6522 8641
0 8
0 38
0 84
1 4961
1 5988
0 76
2 2901 9074
0 75
0 81
0 51
2 2955 862
1 4799
4 3809 3607 1117 8930
0 31
0 35
0 37
0 11
0 94
1 7198
1 4362
1 8293
2 4465 8665
0 73
0 73
5 4697 7993 2017 3552 7443
5 8563 715 3313 9731 7773
0 46
1 6755
1 7574
2 4727 7949
0 85
0 90
1 603
0 8
0 7
2 6418 4240
0 28
0 97
0 18
1 4487
0 84
1 5332
0 72
1 5169
0 35
1 7007
1 1967
3 5821 5735 5811
1 8800
5 491 1577 6891 3772 6056
1 7274
2 8281 4803
0 52
1 4965
0 99
1 5090
2 2927 2281
0 26
2 6310 176
0 66
0 44
1 8644
0 40
0 28
0 28
0 48
0 66
0 63
1 7883
0 96
0 53
1 1093
0 42
3 3240 7887 7679
1 4232
2 7731 3881
6 1824 3360 5284 7346 2498 7612
0 59
1 2595
0 83
2 5330 4998
0 95
1 4054
1 5554
1 2214
0 43
2 3004 6006
0 30
1 4869
0 36
0 97
2 3974 9711
0 68
0 38
1 6844
0 76
1 6295
0 35
0 79
1 4983
2 4760 1696
0 36
4 9576 2383 4086 8001
0 34
0 15
2 9353 7776
0 51
0 63
0 5
4 3369 7711 983 480
1 4233
2 4195 8741
1 865
3 3042 6979 3925
3 7909 3526 896
0 39
1 2381
0 31
1 3775
7 559 6026 8142 1519 7085 6829 5792
0 41
2 1481 7020
0 78
4 6476 8807 3908 5139
0 51
2 2620 5374
2 2063 6620
3 8197 4383 3883
1 601
0 5
0 100
4 3712 6529 7233 2062
2 1844 2144
0 91
1 1534
1 279
0 80
0 52
1 3059
1 6766
5 2631 8709 1802 8773 128
1 6679
1 3595
0 65
0 85
1 3344
0 61
3 1631 4270 1372
3 2403 8548 5414
0 92
1 522
0 5
0 1
5 7054 2564 8483 4102 6462
0 77
2 2705 9666
1 5163
0 87
0 39
0 1
5 4538 9289 322 4765 4930
0 61
0 99
2 4657 6610
0 56
1 710
0 37
0 84
0 14
1 5854
0 64
0 9
0 83
0 42
1 4898
1 2619
0 59
1 7649
1 1457
0 22
1 2091
3 8769 8398 7528
1 4180
2 4744 3325
3 4794 1231 6141
1 1439
1 3317
1 4246
1 5978
1 2025
0 55
0 86
1 2185
4 1178 5559 5801 5272
1 1812
3 4203 319 7819
2 2716 145
0 43
1 1190
0 3
0 41
0 94
1 4976
3 7122 5550 8343
3 4683 8593 576
2 2349 3759
0 93
0 68
1 3412
6 9501 6608 504 3254 7760 4912
0 11
0 86
5 7431 9286 9462 711 304
2 4822 3563
1 3184
0 78
2 6241 2911
2 4606 342
0 51
0 50
1 3290
4 9515 7361 7809 9921
0 64
3 9827 9457 5177
1 884
0 3
0 22
0 84
0 94
0 17
1 1585
2 2339 2220
1 1511
0 8
1 2578
1 3515
0 60
2 3770 2008
0 55
0 83
1 4924
0 52
7 95 5728 7769 3562 944 5541 8964
1 5996
2 4261 3129
0 79
0 87
0 2
0 96
0 18
1 5425
0 84
1 6365
2 4267 8114
1 808
0 10
0 48
1 6064
1 9297
1 6160
0 92
1 2501
0 19
0 97
2 6501 1625
0 18
2 3728 6053
0 46
1 961
0 47
1 4402
0 35
0 83
0 19
0 69
0 64
2 4355 5892
3 3166 3124 9771
1 998
4 2898 7001 8755 8220
0 50
2 6239 1777
1 9968
1 6683
13 6136 3567 4 4432 1138 5200 9640 9655 7555 2900 4339 4002 6084
1 7404
2 1936 7368
4 4920 9848 5827 9911
4 9322 5665 9635 4188
3 5476 6790 9047
1 3236
1 3414
2 6324 9748
0 72
0 72
0 63
0 21
1 9102
0 14
3 5497 6671 1664
0 59
1 249
1 6367
1 9514
1 6973
0 100
0 65
2 6242 6593
3 4103 9030 4653
1 4418
1 1920
2 4962 6669
3 1978 7936 7022
0 36
1 4881
0 49
0 58
1 3523
1 1400
7 4140 5995 8943 1892 4453 85 4935
1 7390
1 6789
0 44
1 3308
1 4451
1 4706
5 5217 3146 8394 9686 6924
0 23
2 2875 4772
0 92
4 9137 8883 4005 4399
1 5028
1 2447
0 13
2 9022 638
0 57
0 42
3 3609 4880 6801
0 20
3 420 2415 9584
1 9493
2 8900 5452
0 45
0 3
3 1079 175 5334
3 1337 2410 2632
0 42
2 8412 6845
1 4901
0 64
1 7534
0 77
2 1852 8531
0 99
0 8
0 99
0 59
1 1784
0 89
0 24
0 94
1 5619
5 6305 4905 1461 1299 8748
0 94
3 6415 6218 3695
0 71
4 4142 3997 7232 5660
0 8
2 2905 3509
0 38
4 4987 5672 3423 3930
0 14
1 5907
0 26
0 25
0 30
1 9487
2 396 4900
0 57
0 54
0 33
0 39
1 2278
0 28
0 52
0 81
4 7630 7091 8109 9062
0 12
0 67
0 76
0 17
1 5635
1 1128
0 89
0 90
1 4785
0 64
0 28
0 45
0 15
2 3190 7301
0 77
1 8371
0 82
0 63
2 9164 726
1 7709
1 2675
1 6420
2 9658 7840
0 48
0 50
1 6863
2 9461 4475
0 49
0 32
1 3140
0 93
0 96
1 3178
2 3546 6250
0 79
2 2111 5704
0 84
1 8866
0 100
0 45
0 30
1 6404
1 4058
2 7103 7512
3 2827 9237 6769
1 66
3 4197 883 8815
0 52
0 49
0 56
0 98
2 7438 897
0 9
3 4307 5814 5887
0 51
1 8608
1 7978
0 64
0 53
0 15
0 60
1 3040
2 8914 3011
0 11
1 2604
1 5138
0 79
3 9240 1855 7765
1 9467
0 85
1 8700
1 2831
0 31
2 2016 2371
0 39
2 8917 9268
2 4662 2492
0 27
1 4795
1 3862
2 8303 5406
2 1033 1676
0 2
0 33
1 7704
2 735 8746
2 1420 3765
0 31
2 8896 3622
0 62
0 79
1 4570
0 78
0 27
1 5236
2 42 111
1 1212
0 2
0 49
0 58
1 9078
0 42
0 15
0 100
1 5143
0 31
0 28
3 2842 2472 7010
1 1201
0 25
0 61
0 99
0 82
6 5981 4677 1290 4352 4866 1574
0 93
6 6764 831 5470 1808 5327 6362
1 668
0 22
0 78
0 99
1 4328
0 53
1 8581
2 5485 3309
1 5552
3 6606 1384 2689
1 3348
2 9934 6052
0 59
0 99
0 64
1 7928
1 7610
0 73
0 89
0 70
1 8367
1 1580
3 5464 5914 37
2 8009 7128
1 5221
0 81
0 35
0 15
2 35 3363
0 43
0 59
0 45
0 32
2 6067 1396
1 8344
1 1518
0 73
1 2110
0 44
0 64
0 19
0 15
0 59
1 7166
0 59
2 513 787
0 43
0 45
1 1671
0 24
0 63
0 72
0 35
1 6065
1 4895
0 55
2 4659 6205
1 4115
0 99
3 7651 5379 7547
1 7516
1 482
0 76
1 8246
1 8645
1 2546
0 97
0 40
1 9024
0 10
1 6020
3 3279 8692 9043
3 2544 1208 6569
0 74
0 44
0 34
0 83
2 2350 1841
0 68
2 8061 1020
0 54
0 99
0 28
0 18
2 5697 6189
0 95
4 464 9745 1478 9415
2 752 5304
0 67
0 89
2 3375 1450
2 2558 986
1 7563
0 57
1 1393
0 75
0 39
0 7
1 6068
2 2475 9925
1 5196
8 3529 5753 8453 8192 9068 1715 151 1669
0 63
1 8405
0 71
2 1898 581
0 97
0 63
0 34
1 4030
0 91
2 2023 6122
1 2113
0 86
1 2854
0 95
0 80
1 2138
1 4600
5 9209 1224 5822 4198 7937
0 73
3 8379 4959 7463
0 79
2 2079 8408
0 13
1 101
0 67
0 25
1 7432
1 7740
0 31
4 9645 4129 6927 5269
1 9757
1 3271
4 9092 3919 965 4834
3 6005 9898 1025
1 3993
1 8763
0 100
0 40
3 7999 3055 9114
0 62
1 3785
1 868
0 72
1 9492
1 2629
0 45
0 96
2 9220 2942
0 24
0 9
1 7548
0 44
2 2497 5771
1 6609
1 9616
1 490
0 95
4 2615 2919 8210 4160
0 11
0 59
0 15
1 5188
0 38
0 17
0 44
0 91
0 54
10 392 7974 4977 8117 7500 317 9486 5622 2283 9977
0 46
0 53
0 24
1 2337
0 60
2 7013 3075
2 305 681
3 1161 134 6815
0 35
1 8649
1 416
4 4676 9186 9753 9169
1 5874
3 2338 8458 9519
0 71
0 25
0 98
1 6641
0 75
0 81
0 11
2 2526 135
1 4070
0 4
0 73
0 58
0 64
0 98
6 6121 383 5745 1674 7564 1017
0 92
0 24
4 6910 8791 9090 7933
0 51
0 58
0 52
0 6
2 9981 1743
0 96
2 8465 4055
0 90
3 6000 1227 8111
4 4069 4768 8660 1036
1 5071
1 8992
1 3441
4 238 9591 4010 9722
1 7701
0 26
0 2
1 6425
0 61
7 2011 5266 8599 2728 315 7458 1744
2 9105 9489
1 5604
0 46
2 6290 2618
0 19
2 3244 7295
1 8097
0 72
1 49
0 56
0 51
0 41
1 5515
5 8447 4781 2509 7734 7901
0 28
2 6200 1762
3 6192 6554 3376
0 47
0 70
2 2439 6074
1 7153
1 3028
2 9296 5817
0 48
4 981 4001 1399 6823
0 36
0 44
1 4863
0 40
1 6706
0 49
0 16
0 75
1 1023
0 51
1 7739
1 1459
1 7251
0 43
1 1288
5 7522 4421 5557 3301 962
1 1953
1 5793
1 7006
0 4
0 78
0 93
2 732 9505
1 8275
0 51
0 80
2 463 2697
0 84
1 218
0 6
0 62
3 2072 4548 5190
0 48
0 97
0 90
0 50
0 19
0 95
0 87
0 51
0 43
1 1884
4 8178 2357 1972 6235
0 11
3 253 5176 3082
3 870 605 5661
0 86
0 1
0 55
0 86
0 10
3 8839 2190 5966
0 52
0 72
0 32
2 1228 8801
0 38
2 4639 1601
0 39
0 17
0 27
2 3248 905
0 24
0 97
0 99
1 3269
3 5178 5540 6424
3 1765 4219 4632
1 5747
0 6
3 8775 2823 3632
0 14
0 40
1 2850
0 49
0 27
0 97
0 8
1 6058
0 45
0 52
0 59
1 2325
0 98
2 5466 3137
6 3767 2458 108 8205 9411 4230
2 9219 9572
0 96
0 91
5 8443 716 8342 9729 5687
0 19
3 3270 9530 9955
2 9336 9028
0 2
0 73
1 6463
0 32
2 9546 2870
2 2413 5203
0 38
2 4038 6758
0 72
5 4073 9432 3646 833 7029
2 553 7332
6 5127 4946 3127 6439 3318 4189
0 66
0 10
3 7718 3808 2540
0 33
3 9919 5982 8632
5 7774 2249 9737 698 6331
0 65
0 69
0 55
0 88
0 53
1 5403
2 7913 5703
0 29
4 3876 3907 6259 1912
0 48
2 3505 6196
0 95
2 6308 2392
0 66
0 65
2 4485 7424
0 24
2 4888 3920
0 11
0 60
0 66
2 5833 8417
4 3790 3782 8942 1987
0 52
1 3482
0 17
1 4340
0 33
0 34
0 67
0 47
0 68
0 40
2 5929 4394
2 4591 546
0 91
0 3
1 2646
1 2838
0 70
3 8639 8179 9822
1 4183
0 44
2 8891 2947
2 4291 6287
5 3096 5989 3629 9599 2087
0 94
0 21
4 9695 5467 3220 4902
0 76
0 23
0 33
1 2466
6 7004 7131 3194 1434 5860 4575
0 66
0 51
0 38
1 1771
2 303 79
1 2238
2 3714 5897
1 9558
0 91
2 1015 8008
4 5716 7784 7971 1565
0 59
0 48
2 9011 2471
0 40
0 59
0 86
2 5562 6525
1 7343
1 9918
0 43
2 7464 2082
0 14
1 2175
0 80
0 37
0 49
1 9364
0 48
2 8532 4462
4 9682 1621 5583 3723
0 81
0 27
1 3074
5 9380 8390 2215 8477 118
0 61
0 8
1 2493
0 76
0 81
0 59
6 9292 4370 6195 5258 7315 847
1 3169
0 82
4 7008 9779 2539 5839
4 7061 8960 8884 1620
1 1652
1 4092
0 48
0 63
6 4378 2071 7620 6460 9791 4003
0 85
1 4091
1 538
0 78
0 46
0 41
0 79
1 8640
0 19
1 1490
1 2305
1 602
5 5305 8025 759 8574 4162
1 2102
2 4334 6659
2 2391 2128
0 54
0 92
1 9845
0 39
1 5247
0 81
1 9670
0 22
0 99
2 6211 6694
0 29
1 4349
0 39
0 98
0 1
6 215 7940 5313 8991 2300 1096
0 97
4 4207 5459 9218 1553
0 44
0 13
0 86
0 27
0 59
1 825
2 7266 505
1 5527
1 4690
2 7178 8089
0 97
0 69
0 24
0 75
0 71
0 4
0 67
1 5757
4 6617 6753 1635 8589
0 28
0 21
2 674 1619
2 7441 4897
3 9499 1264 5696
0 46
0 15
1 1256
0 42
0 61
0 46
0 81
0 78
5 8553 3469 7453 5426 1739
0 55
5 220 9251 1417 394 3537
2 228 4151
0 17
1 1498
0 42
0 39
2 9912 6521
2 7766 4341
0 28
0 57
0 47
1 2612
0 74
0 36
1 6431
2 6914 1148
1 4149
3 6436 9950 8093
0 60
0 45
1 4009
0 99
0 86
0 36
0 86
0 75
0 40
0 82
0 99
1 2642
0 35
0 60
0 21
0 98
6 3365 632 3944 6179 8231 8027
2 8035 1899
0 34
1 3652
1 8753
2 4382 5186
1 6219
7 7420 3200 2825 4704 474 2212 3304
2 6756 3551
0 31
0 3
0 83
0 44
1 2600
0 36
0 82
2 6496 7987
3 714 4036 943
1 4599
1 6655
0 99
0 66
5 9554 842 1624 5345 8101
2 4176 1421
1 1665
1 7412
0 14
4 1220 7788 1084 9295
0 74
3 3163 5067 3492
1 5599
0 49
0 66
0 73
2 1068 1385
0 8
0 83
0 67
0 59
0 15
0 15
0 74
0 59
0 31
0 48
1 1237
4 6105 5841 9431 3083
2 8158 586
0 22
0 24
0 24
3 3009 1358 8070
0 84
0 33
0 44
1 1512
2 8488 9129
1 469
1 9409
0 45
2 9005 3180
0 87
2 8834 636
1 6097
2 5233 4440
0 80
0 61
3 406 9060 1500
0 92
0 95
1 9071
1 9055
5 5847 2313 3697 3839 6912
2 8762 4473
0 79
2 931 1618
1 9915
0 10
0 27
0 60
2 4755 8291
0 22
0 22
0 93
1 9245
0 99
1 1542
1 9163
0 19
0 92
0 78
0 40
0 34
4 3192 7375 5205 3947
0 63
3 244 1248 9255
0 42
0 23
0 79
2 2316 2531
2 2164 5870
1 1243
0 72
0 83
1 7057
2 7935 5348
1 2252
3 9704 5721 5100
0 39
11 7021 5858 6550 5281 1226 6740 6605 7236 9750 2407 138
1 5038
0 47
0 93
1 8768
0 71
1 4087
3 3161 4165 4063
0 71
1 9681
4 453 4043 4865 6717
0 64
0 70
0 9
1 9099
0 66
0 6
0 30
0 1
1 4852
0 89
0 21
2 3569 7680
0 52
0 3
0 77
1 845
0 23
7 3893 5358 5328 3091 589 6590 9032
6 2176 5106 7763 3987 9082 8795
4 2232 1600 3120 8933
4 5449 2904 843 1720
1 11
0 24
0 50
1 6397
0 50
1 1070
0 95
0 45
0 53
0 6
0 63
0 86
4 1360 3368 7386 9913
2 2073 442
0 97
0 52
1 6530
1 2613
0 84
2 5606 3093
0 85
1 461
1 3986
2 5000 587
2 9479 9399
2 6309 8277
0 78
0 27
0 92
0 4
1 4021
4 4779 8742 5219 7074
1 3998
0 21
0 61
0 93
3 236 7115 7744
2 2893 6840
2 1911 4315
0 40
2 3599 3454
0 45
1 1021
1 4515
0 59
0 91
1 327
0 61
0 13
2 1523 2554
0 78
0 34
0 78
0 91
0 95
0 36
0 59
0 82
2 8625 4529
2 4887 624
0 86
2 9900 4322
0 29
0 67
2 2480 8529
0 74
1 2425
2 1932 4137
3 8837 2679 1206
1 5274
1 4365
0 48
1 7327
0 30
0 23
1 1562
1 2239
5 8032 7184 2334 3403 9595
0 77
3 9783 528 3198
0 81
0 82
0 81
2 3687 2903
0 73
1 867
1 4254
1 704
1 8000
0 15
3 340 7879 7209
1 4239
1 6873
1 4637
0 66
0 45
0 80
1 2104
4 8031 5202 7700 9362
0 76
0 84
0 57
0 7
0 14
0 43
0 92
0 96
1 596
0 85
1 1655
1 1748
1 8953
0 59
0 27
0 35
2 4408 8929
0 9
0 50
0 48
1 9954
0 71
0 12
0 15
0 6
1 8945
0 86
0 58
0 32
1 1622
2 7245 7032
0 17
2 6598 8329
1 5895
0 40
0 67
1 4391
0 17
1 6017
0 84
0 21
2 6984 9790
1 6580
0 21
2 9168 8265
0 14
0 47
3 3861 953 8787
1 4735
0 85
1 9772
0 66
1 3329
3 815 6584 5193
0 76
1 873
0 42
1 2543
1 4042
1 5343
0 81
0 91
0 79
0 49
0 2
1 4100
0 55
0 20
1 8669
1 494
3 8518 3992 3914
0 8
0 33
0 36
0 24
0 59
1 9014
1 7847
0 9
3 2795 2621 5495
0 44
0 30
0 8
0 30
0 100
0 9
5 5877 6523 5027 8852 185
2 7527 8702
0 66
2 2254 9574
2 7953 7938
0 7
2 4618 5835
0 87
2 6578 6793
3 1130 1850 2627
1 26
0 5
0 97
2 3768 8039
3 9507 2715 8622
1 427
0 25
0 69
2 4501 5465
1 2114
1 8015
2 2729 4793
1 3521
3 1482 2455 6340
0 46
0 83
0 64
4 3105 5961 4225 386
0 48
0 67
0 65
4 9083 3545 9617 9586
0 80
0 80
2 6925 8075
0 84
2 6500 8767
1 1689
1 9122
1 1391
1 3391
1 7142
0 65
0 78
0 88
4 6349 2559 7957 2296
0 38
0 73
1 1413
0 39
0 79
1 7504
0 66
0 95
9 2235 7026 4576 285 4204 6531 3882 6260 472
0 40
2 1418 7955
2 1216 1974
0 96
0 45
0 11
1 7495
2 6929 5142
1 2568
0 61
0 1
0 95
0 21
3 1880 9902 7400
1 9999
4 5318 5764 4769 5437
0 61
1 7243
1 5615
2 9248 9221
1 84
1 7063
2 7575 5512
7 3851 6114 6401 3507 2511 1634 5125
0 20
0 95
0 3
4 7158 7497 8248 4448
2 6284 4184
0 73
0 48
2 3305 577
0 55
0 55
1 2896
1 583
0 3
0 8
0 38
0 58
6 5952 7448 2762 163 4373 4228
1 4110
0 11
0 32
3 1821 6778 5680
8 5608 8143 9206 1885 3840 9835 3951 558
1 6913
2 3732 3
1 3620
0 61
0 17
0 91
0 57
3 8717 6858 9503
0 29
2 5945 9075
0 35
0 35
3 9846 421 2095
0 73
0 80
0 14
0 43
0 9
1 8554
0 37
2 9917 459
1 7801
0 47
0 100
0 54
1 5443
0 82
3 5339 6086 5809
0 92
1 5463
1 6721
4 8568 5634 3107 1092
1 922
3 7372 2441 4381
4 5951 8615 4796 7035
0 60
0 62
2 8598 890
1 4354
1 1338
1 9563
0 24
0 46
2 5587 7728
2 4330 8083
0 12
0 33
0 32
0 26
0 5
0 21
0 94
0 81
0 67
5 9018 8241 8824 8007 7144
2 2270 1605
0 3
0 98
0 66
3 4020 567 4941
3 7350 3931 1722
5 8778 6998 3889 5423 1874
0 89
1 8222
0 35
2 1926 608
0 94
0 17
0 86
0 23
0 42
0 50
1 291
2 6629 9454
0 61
3 1225 4511 353
0 50
0 21
0 92
3 4938 2750 2731
0 3
3 5798 9171 1753
0 59
0 56
1 799
0 41
2 1371 2196
0 22
2 1895 9765
0 78
0 14
0 15
0 51
4 7125 8805 3838 3535
2 5252 7778
0 22
0 82
2 5636 2932
1 3483
0 19
0 41
0 52
1 5427
0 52
1 2527
1 9809
1 4304
0 22
3 3677 5545 6120
0 6
1 2939
0 84
2 5726 9101
2 1034 8921
2 958 1156
0 79
0 66
0 73
3 1578 9594 4154
1 1452
0 30
2 8345 2226
0 6
1 310
1 9429
0 31
0 81
0 73
0 82
0 13
1 6917
0 58
0 57
1 6841
0 11
0 55
1 8057
0 97
2 4384 9807
0 93
0 62
2 2708 1913
0 37
0 6
1 1306
0 44
0 22
0 46
0 21
1 9264
0 44
0 59
0 6
3 4109 6442 9714
0 1
1 6124
2 1648 51
0 52
3 5299 2799 2973
3 3273 4788 8784
0 75
1 9784
2 4226 4078
1 3660
2 1858 6645
0 69
1 5667
0 65
1 8077
5 4274 7197 5032 543 8018
1 9808
0 19
0 84
1 5852
1 3596
0 80
3 82 2778 1814
1 5590
0 64
0 67
4 8034 2652 2363 4447
5 7486 280 2446 9540 6866
0 47
1 6724
2 6725 563
2 4605 5883
2 1697 9318
1 8666
1 4584
2 6933 4733
1 2414
0 9
6 8024 2929 9417 4824 6089 8699
0 8
0 97
0 57
0 2
1 5568
2 4185 8495
0 12
2 9557 9763
0 82
2 7113 3612
1 5061
2 9316 6543
1 8912
1 7803
2 7968 7540
0 96
3 5980 7381 381
0 69
2 9066 8979
3 6785 9734 3039
0 69
2 7950 3979
3 7428 6851 7896
0 41
4 8098 703 6977 3635
0 44
1 102
1 3502
2 4996 7613
2 875 8189
0 94
2 3949 8653
1 8922
0 33
0 1
0 87
0 67
2 1468 8424
0 10
1 9832
2 7714 7975
1 4522
1 9456
0 90
6 7397 2937 9280 7757 9262 6164
0 43
0 34
3 2843 3816 1344
0 21
5 9634 6681 7991 7183 9253
4 9307 2852 6499 6677
0 74
1 817
0 69
0 62
5 6625 273 125 1174 8502
0 97
2 3692 5621
2 1473 5533
2 117 9266
3 5857 7609 4027
0 85
1 3676
5 8925 7415 6775 8727 7908
1 2751
2 2488 9235
2 8349 4925
1 5644
1 4995
0 15
0 12
1 7944
3 6491 5970 3154
1 9439
2 5546 527
0 3
1 1613
2 670 9276
2 8537 5969
0 21
2 3352 1891
0 30
0 63
1 4893
1 2221
1 5547
9 4236 6510 3601 6675 1545 1708 9976 6395 3724
2 9126 4272
0 60
0 98
1 2951
5 71 3729 9690 4416 1952
0 83
2 8285 2986
0 65
0 6
1 7373
2 8150 2486
3 5046 3335 2233
2 7488 3046
1 6320
7 4655 3214 4320 6337 4566 3453 397
1 4097
1 1611
2 1098 6302
0 14
1 2930
1 9112
1 9370
0 53
0 29
1 6661
2 395 5916
1 9480
0 36
0 72
0 43
1 7351
1 5333
1 9653
2 7215 5628
1 2819
0 13
0 29
0 12
3 4379 207 1955
5 6600 9866 1483 4560 260
0 39
2 533 3104
1 9744
3 8130 2200 6380
0 22
0 41
2 408 9741
0 60
4 2855 4167 5932 7790
0 6
0 58
0 2
0 52
2 7427 1792
6 8350 526 5633 7599 3575 837
0 69
1 1292
0 93
2 3789 6231
0 10
3 1894 920 1089
2 1746 5487
1 2491
0 51
1 4642
0 76
1 3693
0 40
1 1550
3 7775 8861 3419
2 4757 8446
0 28
2 8423 509
0 94
0 87
1 3958
2 1791 9721
0 69
0 88
2 8987 9756
0 23
0 6
0 31
0 49
0 44
1 4253
0 24
1 684
0 49
1 3786
3 4590 5938 1199
0 51
1 9210
0 31
0 31
0 73
0 72
0 90
0 66
1 7872
0 6
4 1633 9118 169 2141
1 6702
0 71
0 63
2 1329 6537
0 74
3 4958 3235 6931
0 10
3 129 9408 6359
3 6201 7634 984
0 41
2 6690 7149
4 6622 2189 7155 4076
2 4057 1109
0 9
1 6649
0 76
0 57
2 2307 9223
1 8627
1 6907
0 57
0 20
0 25
0 96
0 69
1 6269
0 53
0 12
1 7098
0 31
0 91
0 71
0 41
2 762 403
0 41
1 2266
1 9181
0 83
1 4496
3 9578 132 3139
1 3967
0 22
1 7707
0 17
0 54
0 17
0 12
4 115 5820 4703 2199
0 23
2 9113 8932
1 6976
5 7568 7446 3280 7201 3520
0 19
0 9
0 49
2 8322 5458
1 5977
1 8264
0 53
0 98
0 2
3 2355 5216 3095
1 8818
1 2059
0 91
0 20
0 18
0 16
0 86
0 42
0 38
0 39
2 5923 9565
9 2440 9908 5438 4589 5925 8021 3069 5790 7854
0 25
0 90
3 2424 7682 7231
2 5349 9372
0 98
0 100
0 4
1 275
1 6077
0 80
0 51
0 68
1 3711
0 34
0 30
0 25
0 15
0 63
0 3
1 1052
3 5784 9330 7828
0 75
0 53
0 77
1 7674
0 26
1 4265
0 51
1 7967
0 18
0 11
0 91
2 3264 1463
0 20
0 89
0 56
3 1343 6658 545
1 2836
1 8759
7 6738 6034 2505 8881 6662 3739 2922
0 46
1 8434
0 75
0 56
0 86
0 35
1 1897
2 9774 9198
0 52
0 67
0 33
1 3224
0 48
2 6174 3680
0 4
2 7862 8698
0 89
0 46
1 7309
1 1016
0 77
1 1357
1 675
1 1757
0 53
0 65
0 86
2 9692 4436
0 45
1 8908
0 31
1 2822
2 7569 7696
0 77
1 1632
0 96
1 1831
0 24
0 52
0 78
0 40
0 7
1 6686
0 79
0 61
1 2736
3 4173 5773 6076
1 4244
1 580
0 15
2 5218 5341
2 2155 8911
0 89
1 9435
0 100
1 5797
0 53
0 23
1 7045
5 9863 8715 855 2724 5975
0 36
0 36
0 3
1 1657
0 25
6 8084 3377 4539 6970 6142 629
0 9
3 2219 9699 3297
0 68
0 63
0 95
1 728
0 45
3 3846 2000 4918
1 4285
0 64
2 1291 8269
0 19
1 7919
2 5134 6143
0 16
1 3892
1 901
1 9191
0 74
1 8023
0 31
0 73
1 7597
1 5898
0 90
2 7134 5048
0 46
1 6780
0 11
2 3438 5435
2 2153 9371
2 2981 5400
1 2737
0 41
2 5044 2962
0 76
2 6081 4170
1 2514
0 17
1 7097
1 2028
1 4454
5 8899 2869 4229 6412 6300
0 73
1 9805
0 15
0 29
0 67
0 2
0 63
1 2166
0 46
1 3464
0 84
3 1668 7036 3177
5 3572 1642 8814 8320 7561
2 389 2179
1 7313
0 44
0 46
1 5688
1 3458
1 1136
1 6403
0 98
0 5
2 7314 656
0 88
0 12
0 21
0 66
0 71
1 8456
0 55
2 6566 8643
1 1935
0 72
0 73
0 64
0 64
1 8413
1 606
0 28
0 26
0 49
0 16
0 100
0 33
0 79
1 9610
0 93
0 28
0 8
0 98
2 4698 8829
0 74
1 8854
0 57
1 6577
1 4168
0 26
0 100
0 33
0 56
1 1560
0 33
0 5
0 55
2 2874 7290
4 7702 4547 7289 8149
1 4633
1 9250
1 542
2 1684 4350
1 302
2 6328 4072
0 46
3 9815 8809 1685
0 93
0 70
0 41
0 43
0 23
0 83
2 6092 8955
1 7206
0 8
1 3463
0 61
3 2712 6126 7009
0 86
0 69
1 1957
2 230 4583
0 34
7 1318 3756 939 540 7678 1088 2344
2 3874 4066
1 9691
3 3336 5889 6405
2 10 8482
0 82
3 5511 8517 5878
0 65
0 71
0 9
5 4104 1259 8155 6279 9013
0 12
1 9034
0 46
0 51
0 66
0 97
0 28
0 46
2 4163 1095
0 36
2 952 3272
5 6394 8480 1827 6511 3487
1 4300
0 71
3 5369 2123 850
0 99
1 1946
0 36
2 7127 5569
0 8
0 93
6 8115 3970 70 4084 5390 8106
2 1273 7181
0 53
4 5986 2995 5799 5506
2 7835 2432
0 80
4 4814 7722 2889 4389
0 69
0 25
0 15
0 29
2 2467 2067
2 3691 2291
3 5617 7849 8614
1 1610
3 3068 2142 6897
3 6745 949 2444
0 28
4 6888 7257 3844 5462
1 2796
0 15
0 70
0 9
0 47
0 69
3 2443 6334 5387
0 49
0 65
0 97
0 1
1 9859
0 55
4 1772 2194 3473 2972
0 39
0 12
3 8082 4428 2684
2 742 2860
1 3953
0 69
6 6728 8450 2064 1131 7364 2374
2 3181 9843
2 1427 5991
0 53
0 88
0 10
0 54
0 4
1 1857
0 75
1 7272
0 71
0 33
0 26
2 9365 940
1 744
3 7538 6008 3752
0 3
0 62
0 80
0 66
3 4806 5386 9302
0 67
2 782 9522
2 3594 1249
0 68
1 9023
1 7217
1 359
3 2372 5565 8168
1 999
0 38
3 7000 9962 6848
1 1004
1 4506
1 2943
0 46
1 1842
0 94
0 43
1 8318
1 4844
0 72
0 27
0 82
1 9555
0 73
0 37
1 9990
0 94
1 4876
1 6072
0 72
3 5306 2030 3650
0 7
0 62
2 9676 4495
0 79
3 9091 5909 2504
0 100
0 98
0 55
0 13
5 9488 4336 487 7503 2915
1 3584
0 97
3 2271 2805 7866
2 1860 5806
1 2431
2 2361 1781
0 90
0 93
0 96
3 6289 9156 4873
0 7
1 9224
3 5971 4282 5936
1 1822
3 9960 8262 8310
3 2895 3705 9440
0 65
0 92
0 76
2 6508 1267
0 94
0 16
0 82
1 2733
0 95
1 6188
0 13
3 5774 3364 7263
0 53
3 9657 1281 8430
0 40
2 4970 5184
0 100
1 8353
4 5175 852 9885 6733
0 33
0 8
0 19
4 2665 7222 5682 2725
0 10
1 7050
0 74
0 36
0 28
0 81
0 96
0 62
4 8047 7250 776 6101
0 46
0 34
1 1908
0 9
2 7632 2928
0 57
0 61
1 9573
0 51
3 6546 9326 7506
0 27
3 3977 6762 8919
0 71
1 5509
6 2722 8954 6144 3135 166 9109
4 9077 5699 1280 1120
1 6705
3 4853 7084 4026
4 226 595 4615 1160
0 16
1 5765
0 13
0 52
0 31
1 8565
0 85
1 1916
1 9694
0 48
1 1441
0 11
1 7258
1 9941
1 9998
0 29
0 12
2 8973 5373
1 5577
5 2752 5256 3988 6639 1077
1 5939
2 1410 5058
1 802
0 86
0 56
1 1235
0 64
0 24
1 8201
0 63
0 14
0 85
0 81
4 8204 8286 3197 5555
1 9939
1 8959
0 20
1 2617
1 3314
0 47
3 9697 5119 4157
0 94
1 8961
1 6318
1 5947
4 963 1593 9587 9873
1 1997
2 4245 8406
2 1909 4939
0 86
2 8540 6953
0 2
0 97
4 5227 2323 5326 2935
2 170 1252
0 19
0 25
0 75
1 4311
0 15
2 1197 297
0 48
0 76
0 53
1 1407
1 1587
0 83
1 6875
0 53
2 8137 6712
0 49
1 6063
0 81
6 8656 5652 286 8579 8046 9861
0 83
0 61
0 59
2 4082 172
0 4
1 5052
1 4949
0 12
1 2389
0 87
1 9959
2 6109 267
1 6941
0 91
1 2961
3 4326 7996 4271
0 7
3 9345 709 5076
0 48
5 3218 6156 1903 5950 8673
3 7733 1012 8175
0 33
0 91
1 4484
0 1
5 4062 116 9085 7805 4730
2 6449 6642
0 87
2 5204 1736
3 6741 1661 8055
5 9366 8927 6540 9856 2248
2 8618 702
0 47
1 5906
2 8989 8526
2 7869 1570
0 59
2 9376 7717
1 7484
4 3204 8198 9418 2989
2 6254 1376
1 9865
0 78
0 54
1 4687
1 9982
0 58
4 3783 3067 8799 9600
1 7417
6 8630 6799 7878 9136 5514 5162
6 6943 2552 9400 9111 3525 2601
0 87
0 2
0 68
5 8300 9736 1968 4985 2151
0 95
4 3294 4963 2165 1040
0 79
0 36
3 773 1328 1167
1 8521
2 8376 6421
3 4943 7229 1907
2 9165 107
0 58
0 77
2 9384 3347
0 9
1 1727
0 15
0 88
8 3871 4720 5185 8022 1575 1234 8228 3422
6 4283 8428 591 7071 3392 3540
0 15
0 77
0 93
0 68
0 89
0 83
0 42
0 18
1 4075
3 1469 14 313
0 3
2 9291 1293
0 26
2 9987 8073
2 4667 3512
1 6676
0 82
1 6321
0 17
0 36
0 70
0 25
1 188
9 9252 1215 8372 9259 1265 2710 1242 3665 2180
0 56
1 3389
4 2945 4991 5168 1370
0 87
0 81
1 9596
0 46
1 6475
1 2069
1 7370
1 6040
0 93
1 1423
1 7467
0 19
1 174
1 1202
3 4753 1945 1279
1 3048
1 3312
3 3663 7139 3496
2 6736 5319
2 851 3152
1 7395
0 91
1 4892
2 2607 9042
1 2771
0 55
1 9383
3 3875 7337 3668
1 6048
0 39
1 4053
4 2204 4594 8485 2495
0 67
1 3394
3 7576 6342 468
0 18
1 1354
1 4420
0 19
2 5086 1767
0 33
1 9061
3 3935 6028 2824
7 5295 1813 2347 4752 1522 6871 9837
0 75
1 356
5 8528 8151 1412 1998 2244
0 71
2 7838 2160
0 91
0 18
1 1422
3 8124 9386 4782
1 5861
1 7414
3 8185 4951 7147
0 16
0 66
0 68
1 3942
0 41
0 37
0 30
3 1058 7102 3283
0 40
1 5500
0 11
2 7135 4395
1 5422
2 7853 4530
1 7966
2 9159 6646
1 9324
1 3253
0 83
0 85
2 9261 6094
1 1113
1 8745
0 72
0 59
0 69
5 2120 9328 7899 5275 7729
0 92
2 3826 2902
1 4948
0 56
0 44
1 3226
1 5091
0 70
0 71
7 184 9550 9453 1312 946 1121 1183
1 6961
0 60
1 3182
1 6588
1 9442
0 79
1 5678
0 65
0 68
0 43
0 19
1 9943
1 2093
0 80
2 4979 1327
0 52
0 64
1 9338
0 75
1 1761
1 568
4 56 9035 6286 7047
0 76
2 6772 7515
0 21
1 3276
0 84
1 1984
1 7875
1 7905
0 6
0 8
1 419
0 72
1 6182
1 1927
1 5415
5 1107 5085 1594 666 5872
0 72
1 9046
2 1675 7435
1 7411
1 3911
0 7
3 4825 4351 9271
0 13
0 60
1 9170
3 1837 3374 6172
0 18
3 3221 4275 3229
0 90
0 4
0 78
1 4705
0 22
0 4
0 15
0 45
1 425
0 11
1 6591
0 32
1 9644
3 5097 1436 4777
0 52
0 33
0 76
1 3393
2 7362 9138
0 20
1 6763
0 21
1 9880
1 432
2 6884 3485
0 67
0 56
1 6354
1 8065
1 7172
5 1274 484 22 1584 7807
2 1805 5282
1 9818
1 8078
2 1977 1060
0 55
2 3904 3071
0 71
2 9256 9727
0 15
1 3493
1 2865
0 2
0 93
1 4424
0 16
1 6252
0 18
0 22
0 82
0 30
3 8982 7310 6576
0 11
0 42
0 96
3 4932 2088 1532
0 65
0 49
0 8
1 4492
3 9623 7269 8273
0 70
0 21
4 4891 6971 1666 3656
1 3664
1 5012
2 7354 5922
0 44
0 1
2 2422 3265
0 76
1 1637
2 7825 4523
0 97
0 18
1 6544
2 1180 1394
0 69
0 58
0 94
0 80
4 6987 9485 6363 6819
1 8833
1 5717
0 34
0 5
0 90
1 1568
0 62
2 7781 8315
1 4209
3 3796 7533 3001
0 22
2 5819 7401
0 5
0 27
0 15
0 14
3 6473 909 2171
1 5037
0 50
1 5147
1 8338
0 100
0 69
4 2061 4032 1100 6548
2 5431 7052
0 76
0 40
1 1918
0 3
0 44
0 87
0 42
0 53
3 5534 2227 3410
8 4521 5325 8216 1097 8869 6100 2198 4476
2 5157 1471
0 67
1 298
0 31
0 50
1 6644
0 89
0 22
0 72
0 62
0 68
2 8294 7770
0 73
3 7318 9797 544
3 3510 8749 6651
0 19
2 205 5578
1 4660
0 46
0 86
4 8445 4174 9641 7585
0 51
0 72
1 5361
0 72
1 3455
2 4065 1951
0 100
1 6812
1 7422
1 2766
0 91
2 8380 8013
7 8969 3122 8019 5073 4356 7338 4007
1 1129
4 6869 6939 8733 8385
0 42
6 2003 1492 4313 7377 9040 8129
0 89
1 4867
0 46
0 49
3 4728 6202 1048
2 2641 7685
0 59
0 14
0 28
0 38
0 15
3 6457 3903 1614
0 44
0 56
0 90
2 7874 6152
0 66
7 1774 7588 4593 9547 7871 2906 4558
0 75
0 4
0 12
0 91
2 8411 3801
1 6779
0 43
1 1670
1 3447
2 6125 9619
1 4859
0 61
2 2575 3452
0 37
0 13
3 3116 1686 5931
1 8646
0 92
0 35
1 2324
0 81
1 5331
0 91
2 9247 1981
1 2678
0 86
1 3230
0 44
2 3592 3131
2 6472 5573
3 784 4573 1453
0 97
2 7562 4926
1 2312
1 5581
0 35
4 8304 8855 8274 7062
6 7724 7292 91 3927 9015 441
0 57
0 32
1 4585
3 3450 5276 5098
0 14
0 19
1 4410
0 86
1 7256
1 5539
4 1724 7168 7297 6515
0 90
0 56
0 9
1 330
2 4820 350
0 79
3 7305 8918 4840
0 81
0 8
0 55
3 88 5393 9317
2 4640 6411
4 7460 5444 9387 573
2 2960 8330
4 7653 5010 433 1182
2 9031 3436
0 95
5 5737 6802 6370 9204 2416
5 6695 1969 9058 2070 621
0 17
0 63
2 1086 3193
0 6
0 100
0 68
2 9620 2787
0 97
2 7012 4906
0 96
0 100
5 4464 5094 7557 1263 5503
1 9810
0 14
1 7384
1 3534
0 73
0 18
0 87
0 62
0 37
0 13
0 9
4 8720 307 1504 7519
1 2188
1 8279
1 1057
0 2
3 4746 3556 7942
3 5815 8169 6938
1 5081
0 86
0 46
2 844 46
1 5919
2 4144 5711
0 21
2 5788 9506
1 4674
4 6667 2797 4256 6880
0 3
0 88
0 49
3 8180 106 810
2 6344 727
0 8
0 64
2 743 798
1 2092
3 2280 2881 32
1 6810
1 8510
0 3
1 7530
0 94
0 4
0 69
1 3477
0 53
0 98
1 8080
0 8
1 584
1 2758
2 9230 3241
0 62
1 4872
0 10
3 2129 4619 9491
0 74
0 71
2 6098 7439
1 7276
0 5
1 5080
1 7748
0 3
2 6541 7312
2 3370 6524
0 92
0 94
0 21
0 41
4 8776 2998 5366 3097
2 4407 3195
2 4745 50
0 89
0 51
3 2240 3246 3170
2 6581 4816
0 19
0 32
1 7136
0 13
3 9451 5307 693
2 918 7150
0 76
0 43
1 3630
0 3
0 5
0 16
0 20
2 9980 9840
1 2409
0 71
0 96
1 4061
4 4479 2677 572 7826
2 6505 5850
0 32
0 70
0 41
3 9344 4842 517
3 618 8247 5566
1 1853
0 93
1 5783
1 4754
1 1656
0 65
4 8661 7409 1862 1872
0 57
1 8140
0 42
0 43
0 84
2 777 2335
0 73
1 8841
1 2272
1 1698
1 834
3 6817 6151 2694
2 3460 7571
2 6563 1541
0 71
0 15
1 320
0 61
1 338
0 37
2 7355 9368
8 5016 7275 1769 3662 3355 6012 3256 8312
1 767
0 46
2 665 1516
0 65
1 126
1 8377
0 49
3 1013 4623 5474
3 9471 3503 1110
0 16
0 83
2 2156 6377
0 64
4 2463 3581 1467 2097
0 41
1 7532
0 29
0 27
3 9718 7380 8947
0 42
0 57
1 2548
0 26
1 8808
0 95
0 49
0 100
4 8012 7176 3112 3913
0 15
0 31
0 77
0 98
1 4247
0 20
1 1779
3 6 6994 2336
0 38
0 50
0 60
0 80
1 3014
1 6035
0 11
0 9
0 11
1 4581
0 44
0 3
0 95
1 16
0 39
0 5
2 8340 6461
1 296
0 26
2 3031 2318
0 9
0 73
5 4186 2264 3943 68 2459
1 7151
0 88
0 46
0 7
0 35
0 51
0 33
0 24
3 7383 3740 324
5 1386 224 2397 8302 561
0 93
0 42
1 6213
0 85
1 4079
1 534
2 1836 9498
1 5627
0 34
0 45
0 8
3 437 4439 2022
0 35
0 89
1 4258
0 18
0 17
2 9052 5212
5 6339 3880 4034 9490 9064
0 60
0 55
0 47
4 3706 3372 9494 2810
2 9693 2938
0 31
3 3748 7751 246
0 55
1 6283
0 22
0 20
5 916 9175 9067 277 7520
0 15
6 2890 443 5225 2103 2192 9406
0 6
0 32
0 53
0 69
2 8470 1271
0 70
1 579
2 7339 6145
2 8743 449
6 9381 6731 4707 3345 194 167
0 44
1 7544
0 65
1 2587
1 5123
1 5257
0 27
0 52
0 67
0 54
1 4123
3 262 4858 9569
0 36
0 96
1 1192
0 16
0 31
4 5804 6604 4135 757
3 9588 7736 227
6 6440 9026 3694 2285 8785 197
1 1416
0 80
0 88
2 2920 3094
2 4116 1699
0 2
1 4298
0 34
2 5411 1501
0 24
0 80
3 1549 1716 8440
0 42
2 3544 1616
0 28
4 7916 3928 6108 6224
0 39
0 25
1 6854
0 75
0 20
2 8225 1239
1 9732
0 53
1 8506
3 2517 6019 9984
0 75
0 59
1 1922
0 86
1 4433
1 2386
0 17
0 21
0 11
6 3500 4818 7641 2606 2691 2477
0 25
1 6903
2 2609 8471
0 24
0 69
0 6
1 4849
0 16
0 21
0 60
1 4922
5 5446 1513 2856 9086 55
0 58
3 3900 5719 6761
1 2012
2 8655 8541
2 904 8227
1 6276
0 1
0 66
1 213
0 3
2 2329 2695
1 5963
0 18
0 64
0 72
2 2236 2308
0 84
4 1319 3718 5548 1940
11 1456 9778 7843 3456 786 9123 1289 3901 2362 5034 1493
0 95
0 42
2 6948 4371
4 7034 7055 187 9504
0 37
0 31
0 13
3 4172 5532 1141
0 87
0 49
1 8595
1 6487
0 47
0 100
11 6497 648 9216 4957 9988 626 3983 160 9500 5096 9203
4 3564 4035 159 1209
0 2
3 7093 2485 7118
2 3413 8870
3 914 8936 571
2 4741 3957
2 7831 374
4 4835 4301 3793 739
6 6839 7594 3385 6868 3574 6111
0 33
1 9335
0 5
2 4680 7808
2 5108 3467
2 9144 1599
0 58
1 1636
0 49
1 9517
7 2453 5755 8995 5391 3528 8631 2755
0 40
0 20
0 74
0 60
1 3634
0 31
0 70
1 902
1 2637
2 6375 5242
0 49
1 1606
2 2891 3063
0 11
1 9413
3 2364 7499 165
1 8296
2 7185 2450
5 5283 7829 7621 1080 8523
1 9475
0 75
2 5789 7865
3 7279 8536 1056
3 3806 9274 8806
0 12
0 18
0 93
0 41
8 5469 628 3291 1787 3757 152 2807 5899
0 35
0 47
6 9115 2571 2262 5772 6079 3863
0 42
4 1191 9187 7465 9785
3 1848 524 6240
0 56
2 3506 3566
1 9667
0 70
3 348 5001 1003
0 16
1 4130
1 8298
2 1297 8662
5 9103 4631 6908 9117 6599
0 41
0 100
1 9935
0 46
0 97
0 11
2 8427 4346
0 48
1 9108
5 2832 9279 6615 5650 3514
1 5396
0 86
0 48
0 97
1 937
3 6894 7226 2877
0 32
1 2041
4 3619 7581 9427 2080
3 6538 6820 4588
0 61
1 9048
1 5521
0 16
0 35
0 8
1 7962
0 18
1 9864
1 2957
0 79
1 982
2 9425 1863
0 52
1 6311
0 79
2 109 3411
0 82
0 26
0 12
0 69
0 26
2 9889 6711
1 1018
1 7388
0 7
3 892 8108 7870
0 74
0 16
3 6471 2580 211
0 10
2 7053 418
0 88
0 42
0 51
0 42
0 66
3 3870 8186 7850
1 6070
0 4
1 642
3 2034 8758 7586
1 5729
0 85
0 24
0 5
1 5404
0 100
0 71
1 8331
1 140
0 56
0 83
0 88
2 7902 1954
1 8723
0 71
1 7288
0 71
2 7783 6703
2 6307 7681
0 26
1 1028
3 1233 1305 9876
0 99
0 77
0 97
1 9646
0 63
2 2315 3923
1 3405
0 61
0 21
0 12
2 3715 1090
0 10
0 82
0 42
4 7980 3151 254 4175
3 9510 9561 5315
0 14
4 5490 3568 1496 7726
1 426
2 7981 6545
0 21
0 57
0 78
5 9868 6652 6168 1389 5598
2 7190 1205
0 55
1 4124
3 564 8127 2479
1 641
0 52
0 40
0 91
1 3653
1 2654
0 58
0 99
0 56
1 8547
0 100
0 52
0 18
4 3781 7227 8378 5571
1 6485
2 3472 5549
0 71
2 8356 2864
0 72
0 97
0 57
0 98
0 17
0 40
5 2293 9896 7525 5004 1695
4 9978 2759 7894 5750
0 81
0 93
1 9100
0 72
0 20
0 85
1 8724
0 80
0 69
0 82
1 7922
0 5
1 94
5 3560 5651 8862 1985 3231
1 2872
0 73
0 64
0 59
0 22
5 6967 12 5488 8901 3776
0 100
3 6707 5059 1255
6 8851 3259 502 2253 8389 1990
0 44
2 2100 9661
1 4843
1 5591
2 525 9093
1 2682
0 26
1 3251
0 35
1 3501
2 9524 2484
2 24 7617
0 23
1 9648
1 3118
0 89
4 7541 664 2866 769
0 75
2 8562 7529
3 5846 3845 1573
0 18
0 74
1 1638
7 6949 3475 5161 7939 9730 1151 4210
0 47
0 38
0 5
0 9
1 9534
1 3064
1 3833
1 6293
0 4
1 2887
5 7646 8049 5507 6007 6804
0 18
0 5
6 1801 3366 6080 9531 2809 1950
0 62
1 4743
0 17
2 4238 2468
1 801
0 82
0 17
3 4295 8725 3437
1 823
0 63
1 4921
0 21
1 8249
1 2671
0 13
0 28
0 76
0 35
1 2655
4 5102 816 7285 5213
3 1127 5354 6883
0 37
0 13
3 1062 7014 9373
0 75
0 13
1 222
0 67
0 31
0 92
3 5580 9967 7148
2 3598 4080
2 3834 6275
2 7930 7637
1 3420
1 3730
4 2385 1181 6177 1527
1 2168
1 8610
1 368
0 68
0 17
0 8
0 79
1 4150
1 7904
5 3427 1065 1970 6830 2918
2 1285 6827
1 9391
0 2
0 70
0 45
4 3383 5767 8867 5107
1 9592
1 9403
1 9483
0 4
0 14
0 64
0 72
1 9273
1 86
1 1488
1 8690
2 8388 663
0 15
1 3078
0 23
4 9924 8988 4344 4217
0 58
0 91
0 71
2 5043 5234
6 6428 1031 7357 6890 8811 113
1 7782
1 4206
0 40
0 86
0 35
1 7912
1 5472
0 98
1 532
0 68
0 40
1 5243
1 5232
0 19
1 5181
2 5251 2018
3 48 9936 4067
1 1673
1 4392
1 980
2 5105 2331
0 2
1 1188
2 4517 3685
3 5954 6384 994
4 8171 4260 8401 7194
0 58
0 13
3 5385 5786 326
0 20
5 7886 2625 1390 7579 7545
1 2223
0 50
1 6822
1 3674
5 7130 9153 6826 1353 4028
2 1352 1398
3 2916 5884 7518
2 3938 1266
0 56
2 2985 9315
1 2561
0 51
0 84
2 9244 314
0 11
1 2550
0 12
0 99
0 29
1 8766
0 67
0 39
1 3700
0 59
0 27
0 28
0 89
1 8845
0 56
3 4812 9378 9769
1 4708
1 8804
1 1810
0 22
2 6556 809
0 86
1 3945
0 90
1 4992
3 3406 9029 8503
2 1948 1889
0 86
2 9760 6312
0 54
1 5042
4 2243 4431 7099 1159
0 4
2 7325 1864
2 4255 8223
5 3926 9738 8716 413 7796
2 7067 7764
1 8373
0 3
0 91
0 38
1 43
2 622 103
5 2858 2582 87 1958 5901
0 22
0 60
1 123
0 98
0 11
0 73
1 3150
0 13
0 97
1 2050
4 8721 3763 9155 8566
0 72
0 88
2 365 3440
2 8534 4790
3 9267 7240 6847
0 4
1 7665
0 27
2 7834 2513
0 22
6 5064 1277 1547 7959 5263 4875
1 1983
4 7873 3582 6410 7596
0 89
1 30
2 854 5649
0 86
0 86
1 7252
3 2732 6643 3186
0 57
1 1027
0 54
3 1760 5093 7876
3 1073 8558 6814
1 8255
3 1859 9559 2126
2 3462 4096
0 29
0 64
0 91
0 56
1 8686
3 9045 1223 9890
0 47
0 86
0 9
0 57
1 3754
3 2134 2464 7786
0 56
1 193
1 4412
1 8550
9 751 4405 4396 3143 5155 7697 4527 7706 2429
3 1815 9897 736
0 77
2 6902 8239
2 6481 2201
0 7
0 27
0 73
1 3636
0 92
0 83
3 6689 401 387
0 28
0 61
2 7670 9629
1 8369
1 8998
0 79
0 77
3 8606 4434 1763
0 16
2 8994 9664
1 7445
0 9
1 1140
1 4332
3 4766 5024 9825
2 3797 178
0 76
0 16
1 5228
0 69
0 56
1 5235
0 96
0 29
0 57
0 91
0 39
6 2690 2368 6190 3173 325 4327
3 4762 5066 7003
0 91
0 81
0 12
0 76
1 9177
0 71
1 263
0 16
3 2841 8820 4155
0 97
0 67
1 925
0 44
1 3885
3 1424 7565 2910
4 8072 8212 473 9110
4 7173 5526 2764 806
0 72
0 56
0 4
0 21
2 6459 5921
0 44
1 7277
0 64
1 2645
0 61
0 86
0 86
2 6029 2814
1 8546
0 90
0 97
0 48
1 6383
1 8793
4 1425 7549 9057 7672
0 78
0 7
1 5998
0 5
2 3495 7798
0 49
0 7
4 4890 1678 2119 7841
0 44
1 3918
0 54
0 26
1 7223
2 6316 7526
1 7794
0 75
0 5
1 1758
2 4505 764
3 7320 58 9701
0 62
0 5
1 9974
0 96
0 27
0 41
0 36
1 8707
1 5399
2 4862 6033
0 48
1 7426
0 3
0 17
0 68
0 18
1 2089
0 4
4 1721 992 2209 4056
2 7137 2420
0 19
0 61
4 3431 6985 6493 2356
0 73
3 685 6123 9305
0 100
1 7349
4 2586 4725 1555 9513
2 1373 1906
3 7019 276 1105
2 6399 4801
1 5121
1 1474
0 78
1 5128
0 33
1 8418
0 96
0 60
2 1155 1514
1 3302
2 2273 5087
0 91
2 7661 2608
1 1659
0 71
2 2454 5302
4 6427 1186 6657 7669
0 41
1 4629
3 4294 7068 2133
0 89
0 100
0 13
1 204
0 87
2 5574 1692
0 14
0 47
1 5718
1 3103
1 8069
4 7170 7056 9649 414
2 6999 2743
0 65
2 5727 7759
0 80
0 3
0 55
2 8489 9844
0 60
0 29
1 5498
0 87
3 9131 8252 8576
2 7308 4192
0 71
3 4403 3672 6327
2 2567 9348
4 9891 7030 492 590
0 30
0 79
0 9
0 12
0 1
0 53
9 5894 417 1330 3823 3703 9728 1705 2032 8215
1 5610
0 34
1 7932
3 7823 6271 712
0 30
4 550 6341 2591 2068
0 57
0 80
0 85
0 72
2 6653 8199
0 19
0 64
0 42
1 8341
3 3408 3648 5631
0 37
0 63
0 64
2 5781 2442
0 73
0 70
0 90
3 7353 7449 5813
0 82
4 613 2346 1740 6184
1 3735
0 89
1 5329
0 3
1 2105
0 96
0 39
0 31
0 96
1 9747
0 9
3 5055 4531 9601
2 2052 7551
3 5810 7900 7042
5 7906 5291 6154 7070 1942
3 4417 5279 8217
0 97
1 695
3 2231 4423 4443
0 64
3 3065 8885 8323
4 1011 3043 1064 8617
0 9
0 66
1 5592
0 7
0 46
0 22
1 1930
0 85
1 6672
1 9940
1 3960
1 60
0 21
1 2720
0 36
0 99
0 7
1 9678
3 8771 3631 6889
1 9922
3 644 8570 3459
2 5381 4652
1 1789
3 7686 5823 8048
0 59
0 75
0 51
5 8952 1350 4658 9951 8054
0 89
1 7507
1 2302
2 5007 8509
1 4751
2 3661 1230
3 6619 2046 729
2 4846 5643
0 19
0 60
3 2643 2377 9337
0 84
0 79
3 8491 4911 2508
0 42
0 68
0 23
0 48
0 93
3 4850 6959 7410
2 9249 9233
0 6
1 61
0 81
3 5209 6663 6266
4 6096 5647 7668 783
0 37
0 20
0 51
0 86
0 28
1 2268
4 4077 7044 1322 7187
0 59
0 4
6 9421 3426 4049 778 8188 5586
0 27
6 3917 6313 5231 460 4201 4738
0 78
3 4694 4749 2565
1 4181
3 181 7471 4367
0 62
0 98
0 81
1 4696
0 68
2 5183 9433
1 6361
0 79
1 9539
5 8508 8214 1026 2137 1886
2 122 5965
0 72
5 1581 6887 2373 295 4940
0 7
0 50
1 615
1 9850
2 6512 2010
1 814
0 55
0 1
0 66
0 56
0 62
0 81
0 80
3 9571 2545 8674
3 4146 9195 6993
0 23
1 8206
1 248
0 11
1 7857
0 7
1 6898
1 4518
0 71
1 346
0 71
1 5558
0 54
2 2408 5760
1 3856
1 9575
1 8738
0 17
0 38
0 29
0 34
3 7407 4582 9562
0 29
4 240 4023 6265 6215
0 46
0 78
2 1503 977
0 70
2 1825 5778
0 69
3 8628 2378 7481
1 3307
0 54
1 8560
3 5769 6011 3804
0 4
1 9008
0 96
1 1419
2 214 1286
1 3727
0 57
0 26
1 8462
0 37
0 55
0 5
0 8
3 4819 99 7799
0 4
0 79
1 2206
4 6446 6233 4051 4973
0 46
1 1374
1 7716
0 28
2 5579 481
0 86
0 89
0 78
3 4567 7081 733
0 85
0 88
1 3050
0 7
0 94
0 57
1 3708
0 19
0 24
0 54
1 5314
5 1351 1986 4319 8950 1142
3 8063 9311 5018
2 5654 9145
0 51
2 6535 2411
0 26
1 4937
1 6612
0 38
6 6326 7462 1734 1485 3830 4325
1 9359
0 55
1 5597
0 28
5 9989 5432 6573 6582 5124
0 90
0 73
0 62
0 9
0 29
0 11
2 4363 2418
0 97
0 71
2 9097 8081
0 90
0 98
0 64
0 41
0 66
0 11
0 65
0 50
0 66
0 98
0 57
1 4877
1 6116
1 294
0 98
0 74
1 705
0 44
1 6437
0 1
0 97
2 5882 3814
0 91
0 58
10 7039 9325 4438 4780 8062 3293 6414 6376 4550 4808
0 20
0 64
3 2379 1999 2969
7 9088 8765 328 428 1937 5596 8797
0 71
1 6478
0 90
1 2276
0 67
0 88
0 73
0 32
3 9761 8233 7952
0 62
2 5429 343
6 9643 3890 5132 6855 9624 2341
0 67
0 35
1 763
0 12
5 3985 5505 5787 9746 734
3 5083 9363 9857
0 93
1 5049
0 55
0 90
1 753
2 1211 8402
0 54
2 8250 4008
0 70
1 4345
1 3593
0 28
1 4312
1 8
0 95
1 1707
3 8520 5843 7802
1 5084
0 37
3 323 6167 9360
4 2024 8276 3673 2880
0 89
0 19
3 6533 6997 2284
0 40
1 7493
4 5324 1690 4060 9852
1 3583
1 2086
1 4988
0 74
1 6409
0 33
0 78
2 1438 2999
0 43
4 1982 4856 4786 1435
0 12
5 5646 1253 4280 6001 9481
0 33
0 66
0 35
2 147 6157
0 97
1 192
2 760 7419
0 52
0 90
1 8587
0 39
0 59
0 55
1 9609
3 8880 1487 3742
0 32
0 35
0 80
1 4375
0 46
1 1304
0 86
0 59
1 8940
0 31
0 38
4 593 5360 1241 7510
1 2043
2 7652 6843
1 6870
0 28
0 41
1 5434
0 45
0 90
0 91
0 62
0 49
2 1176 6691
0 36
1 7228
0 66
2 96 4699
2 9672 4601
0 13
1 6443
2 5060 1732
5 8849 486 3799 8729 3952
1 3769
0 71
1 1796
3 3110 3029 9689
0 18
1 3070
1 9222
2 529 6502
2 3418 5934
0 100
3 261 8395 1644
3 945 57 4700
3 1238 1731 5220
0 82
0 36
0 46
1 8704
0 23
1 2798
0 7
3 256 8339 8651
2 4286 1583
2 8731 1359
0 98
0 24
0 97
0 52
1 1053
0 95
0 69
3 8499 686 8802
0 75
1 4196
4 8906 8764 7242 3879
0 60
0 75
0 3
0 83
1 9263
0 93
0 51
0 3
1 1059
0 9
0 15
5 5103 9430 4098 499 3081
0 80
1 1044
1 1007
0 86
0 73
0 81
0 23
0 96
1 2186
1 27
6 832 2653 1381 3402 3416 1834
1 4520
0 6
0 70
1 1430
1 8860
1 6879
0 45
1 9049
0 12
0 17
0 72
1 3755
0 26
0 21
0 6
0 27
1 7627
1 609
1 7140
5 4141 1082 6746 7235 9656
5 6811 2182 4798 1437 1851
4 7298 5626 3062 4625
1 3034
0 44
0 100
0 18
0 61
0 46
2 3922 2884
2 488 7885
1 1915
1 3219
2 1283 154
0 56
1 6038
0 4
1 6532
0 37
0 24
0 91
2 640 1379
0 24
0 52
2 5471 913
4 6982 5321 2800 838
1 5999
1 4886
1 6575
4 19 3628 2536 4713
1 3126
0 3
0 25
1 3183
0 83
2 4974 7812
0 54
