100 10000 0 0
6980 2235 1118 7026 4663 6270 6709 5608 4576 1484 390 1824 264 7021 7264 3360 8143 5284 2038 4504 9033 8447 1921 5858 5685 309 5851 5816 8496 8842 5736 5952 2322 3002 6497 7306 6136 4871 784 7448 3567 4 331 4464 285 470 2611 2971 3805 3237 5217 8827 7713 7397 5094 4236 3529 2066 2937 6169 9509 1456 282 3546 2762 3222 555 4781 163 3146 3746 648 9778 9059 7762 8394 6297 3781 9708 5295 6304 4814 299 7054 1813 4490 2343 4029 2564 9216 6550 9206 8483 3141 7522 7791 4957 7039 8774 7346 
0 78
0 62
1 2736
11 331 8483 3321 8443 8914 759 8859 5135 1422 6071 8527
1 9005
2 5867 7093
2 7555 7200
0 55
1 8815
0 62
0 71
0 96
2 7891 9774
1 5763
0 99
1 5148
1 173
3 4489 8946 177
2 841 8884
1 251
0 50
0 59
0 16
3 2264 9224 1934
2 3339 4878
0 23
1 6479
3 116 944 6898
1 8897
0 60
1 9587
0 70
1 6081
1 856
0 19
2 6710 4559
0 80
1 5788
0 19
0 37
0 6
1 3244
0 18
0 24
0 56
0 10
1 6242
1 4805
1 4509
1 7593
0 96
5 4818 2282 5319 9065 6881
2 9889 8356
0 6
0 66
0 19
0 50
0 1
1 6362
1 332
0 43
4 10 3797 1091 9433
3 3901 4435 4922
0 61
1 6596
0 11
0 7
2 5917 1507
0 63
1 6663
5 8105 2034 1944 8557 8037
0 44
1 7896
1 8063
1 4056
2 3861 9371
3 2202 5133 6897
4 1933 3740 8966 6580
2 8498 5501
0 75
0 15
2 5976 7830
0 55
3 2476 2255 542
2 4670 2223
0 88
2 3752 96
7 6622 8508 4520 7340 4337 8520 2157
2 1990 9813
3 2126 8499 9228
2 2219 9642
0 77
1 6565
0 7
3 1181 6753 2344
0 38
0 99
0 68
3 4506 3395 7254
1 9385
0 30
0 25
1 3477
0 64
2 3418 9368
1 4120
0 34
0 79
2 3908 6517
5 4228 923 6604 2323 7707
0 11
0 27
1 7807
1 1771
5 8444 3637 6526 4739 1563
2 6428 8034
0 72
0 32
0 96
0 89
0 56
3 8723 2362 2620
0 32
1 4705
3 3894 6590 4235
3 8906 6003 3111
1 4706
1 3216
0 75
0 1
0 40
0 99
1 9295
2 2819 9326
1 8144
2 1564 6483
0 13
0 2
0 31
0 34
0 17
0 28
1 8711
1 2050
3 1371 8227 2209
2 971 5622
0 36
0 38
0 35
5 4560 2108 5036 4598 4175
3 9989 2631 6310
0 21
0 11
0 33
0 46
0 1
1 2097
0 41
2 951 6088
4 8298 1880 5156 9953
2 993 8821
2 797 3815
6 9068 7321 8599 3656 7461 3886
0 62
0 20
0 24
0 31
0 49
4 4681 5111 748 2815
1 22
2 9983 3039
0 49
0 26
0 30
1 3514
0 52
0 20
0 2
0 94
0 13
3 6427 9246 7561
2 2718 3070
0 100
2 6236 622
0 11
3 5871 1895 3493
0 70
0 33
1 6448
1 9928
0 11
1 2248
2 2828 2208
2 2708 7894
0 27
0 76
0 60
0 5
0 49
4 7241 6662 6140 5402
3 988 5178 544
1 3029
1 4234
0 100
1 7877
2 2312 8112
0 73
0 75
0 96
0 30
0 39
1 7904
0 55
0 46
1 8401
2 8334 7136
0 37
0 26
2 580 9493
1 1016
0 15
0 80
0 52
0 94
2 3052 1511
4 9088 4479 8715 3484
0 41
1 2835
0 56
0 46
3 5384 3049 3334
0 23
0 45
0 46
0 69
1 4782
0 62
2 3407 1744
1 505
2 1326 2027
2 983 2778
1 233
5 3386 6887 6260 7863 1902
0 47
0 88
0 40
0 67
0 62
0 86
1 3697
0 23
1 4387
3 1350 8463 7073
1 5598
1 2439
0 18
2 1342 3195
0 67
1 5694
0 34
2 406 1387
1 5385
1 8121
5 7346 5003 7728 7634 6711
3 846 7307 9290
2 3333 5381
0 13
2 9829 1185
0 13
1 2607
0 72
0 59
1 9882
0 52
1 2486
2 4178 2503
1 6913
1 6274
1 1122
1 1444
1 2454
5 4814 4936 6194 9006 6850
0 41
1 6150
6 5337 4592 4630 6438 8268 317
2 7145 8310
0 79
0 77
4 6481 5325 3218 4708
0 54
0 63
2 9360 2659
2 7873 4831
0 7
1 2528
1 4254
1 427
0 64
2 4759 6122
0 6
1 6759
0 18
2 6775 581
0 34
1 7009
1 5645
2 3403 6475
0 12
8 6497 2611 2760 5358 171 9540 7445 7282
0 89
0 16
0 54
1 7354
1 9505
0 39
0 31
0 50
0 12
2 4803 6859
0 11
0 63
1 7535
1 3780
0 22
0 64
1 6893
1 4714
3 2573 4594 7006
2 1723 1090
2 8718 4983
5 470 7588 7113 6512 8867
2 274 5768
1 1426
1 9975
0 24
0 59
3 7827 6869 1843
0 57
0 42
0 21
2 758 7661
0 85
0 17
0 16
0 32
0 26
1 3156
2 8093 9510
0 18
0 62
0 37
1 255
0 51
2 6815 7559
3 5008 7421 2940
3 9697 7430 3023
1 9245
0 4
0 39
1 8560
0 11
1 4406
1 4333
0 51
1 6100
2 7142 9537
6 4318 8983 1152 383 7359 4733
0 28
1 4440
0 98
3 4977 4288 3663
0 7
1 1646
0 94
4 7244 1227 5089 1458
5 3582 9793 7529 9419 5277
2 7532 9066
1 6712
1 8844
0 77
0 10
2 2516 4646
1 4650
0 31
4 7963 1035 2581 762
0 15
0 92
1 2125
0 14
6 1824 398 9130 88 3425 6289
0 92
4 7886 3456 1082 1980
0 63
2 4541 8368
1 8948
0 67
0 2
3 3560 8106 1781
0 80
2 7288 3392
1 9378
1 8717
0 78
0 64
3 6707 9052 6033
0 65
3 6889 2540 6375
1 5717
2 5453 9277
0 93
0 97
1 7419
4 9663 8008 8231 6698
0 34
1 3571
0 43
1 9578
0 89
0 33
0 54
1 4661
2 5410 7349
0 50
2 7248 7668
0 68
0 18
0 70
1 2978
0 75
4 4107 1252 9750 4522
1 912
0 82
0 17
1 2737
0 99
2 5868 6862
2 7080 4845
0 69
1 9443
1 6673
1 2311
0 28
2 5583 474
1 3148
0 14
1 3599
1 8045
0 85
0 53
1 2484
0 25
0 91
4 36 4955 3248 7865
1 1293
0 44
4 3080 3750 7923 1097
4 7643 3882 2481 2579
0 17
3 723 508 1103
1 5469
0 88
3 3806 3503 3744
0 24
0 48
3 9294 66 1757
3 8294 2218 1617
0 20
0 90
0 37
6 4781 7054 3729 1466 910 6028
0 38
0 61
3 4820 9811 8161
2 6806 5787
1 6932
0 41
1 6472
2 7524 9676
0 89
0 37
0 63
1 9155
1 8412
0 27
1 5562
3 8878 3267 2961
4 7682 8927 8251 1900
1 8467
2 5815 6879
0 3
3 9942 6537 5515
1 1999
0 10
0 57
0 40
0 65
0 61
0 84
2 3040 1137
3 5185 5681 8797
1 790
2 3589 4346
1 5098
4 9154 9180 6399 9073
0 31
0 89
2 1759 5329
0 62
0 12
2 3307 7103
2 6127 6981
0 53
0 27
0 55
0 81
0 51
3 7530 3816 6327
4 6990 7046 5772 2293
0 88
2 824 3998
0 45
1 7094
1 4024
4 4164 5982 6507 989
5 7496 4960 6113 5282 5733
2 5106 8721
0 12
2 5137 3309
1 4674
1 3944
0 17
1 2086
0 99
0 86
0 61
1 5664
1 1606
0 33
0 6
0 9
4 857 2671 4756 675
0 38
0 28
1 1967
0 94
1 1897
1 9427
1 4584
1 8062
3 6504 4077 5884
0 58
2 1282 64
2 7124 4237
0 56
4 3146 7311 1798 2316
0 27
1 3281
0 72
2 1289 6462
3 8230 5046 8675
0 93
0 50
0 97
5 3135 4816 746 8794 861
0 12
4 7104 2423 6249 2215
0 57
1 8565
1 1039
2 663 9841
1 8945
0 66
0 76
1 9467
0 55
0 90
0 55
0 71
2 4214 5669
2 4121 9388
0 15
0 75
0 8
0 28
3 1601 5221 8571
0 63
1 8279
0 39
3 7678 2314 434
0 38
3 1983 878 532
0 34
6 7974 5726 8212 7579 1965 699
0 82
2 5995 5924
0 34
0 83
0 67
0 57
0 81
0 98
1 8477
1 8873
0 53
2 4609 6641
0 31
8 7792 3032 1242 247 444 8981 3913 8979
0 95
1 9570
0 62
1 9668
0 73
2 4023 3803
1 8753
1 3721
2 2845 7357
0 47
0 83
0 97
0 18
2 6435 740
1 191
0 24
0 64
1 5812
3 3091 2677 3888
0 78
1 8149
0 63
4 4858 5288 1540 512
0 26
2 4860 2593
1 6344
0 14
1 6253
1 9673
2 7447 3246
0 44
1 424
1 6734
0 61
0 70
1 185
3 8087 2842 9840
2 5805 2839
2 2387 8811
0 53
4 504 3853 5503 3314
0 87
0 93
0 56
0 83
3 5438 2589 5090
1 4589
0 45
0 11
2 4676 9496
0 8
2 8934 2667
3 2776 4636 2911
6 1839 7922 9839 9344 4463 8529
0 3
0 51
4 4679 7897 1841 3082
0 47
0 47
0 70
0 69
0 52
1 9691
0 35
0 2
0 43
3 6246 4685 9299
1 5332
1 8998
1 7291
0 69
0 62
4 9257 2321 5791 4722
0 6
1 5298
0 22
1 1695
2 693 2747
1 4132
3 5573 1114 9063
1 9332
0 4
1 1055
0 67
0 21
1 2770
0 45
1 5922
0 45
0 61
0 74
2 681 9481
1 1981
1 9546
1 5699
0 98
0 14
0 6
5 6919 1086 2440 2077 3322
1 4225
0 49
0 18
1 4649
1 8614
0 19
0 11
1 7763
8 3701 8274 5655 4607 201 8846 8596 3406
1 7462
3 6319 6042 9785
0 40
0 100
0 6
0 90
1 2865
2 8980 2773
0 51
0 78
2 721 3539
0 38
0 24
0 38
3 5075 3015 2318
5 9018 6464 5252 455 5576
7 6256 8494 8606 817 3319 3953 5190
1 8317
1 4552
1 3711
0 4
0 12
2 8180 3928
0 6
1 1557
1 6624
1 8152
3 169 9703 227
2 7990 3299
0 86
0 33
0 56
1 1858
0 59
1 7116
5 3200 9550 5339 136 5511
0 14
0 39
0 18
0 34
0 5
0 62
0 95
1 1712
1 3810
0 79
0 54
0 59
0 95
0 50
4 9978 8165 1043 792
2 9817 7502
0 57
0 76
1 6901
0 58
0 71
1 3819
0 43
0 29
0 82
2 5617 8665
0 44
1 2146
0 23
0 17
2 8650 8195
0 42
9 2937 1318 1222 9381 837 8648 7970 6809 8345
0 71
3 4719 7302 4517
0 88
0 70
1 1745
2 6829 5163
0 40
0 35
2 8519 8090
0 60
0 78
0 25
1 9859
0 73
0 24
2 2688 9969
0 13
5 5579 8372 431 1000 5065
0 88
0 70
1 5846
0 38
4 9638 4995 5790 886
2 2580 8708
1 3291
2 8385 9722
3 9500 2521 4148
3 307 2993 5940
3 9991 4561 7484
2 8624 1585
0 57
0 83
1 4046
0 62
2 9421 719
2 4447 2899
0 8
0 57
0 11
0 53
0 33
0 15
3 6608 2537 2473
0 92
2 3081 9528
1 7110
2 4677 3145
4 230 9883 4548 2370
2 4185 4500
0 9
3 4772 548 387
1 2884
3 3 659 1849
1 3620
0 35
2 3924 4874
1 8085
1 301
3 4462 1060 4968
1 8783
1 8320
7 7219 2127 5818 6937 3606 6680 736
0 9
2 3058 3118
0 40
1 1994
2 2494 8236
2 2713 3814
0 92
2 6224 5957
2 9100 6219
0 23
1 9646
2 9591 5754
0 20
0 54
1 8683
0 58
0 6
0 43
0 44
6 3282 2231 9686 3019 8839 3157
0 60
1 7342
1 6213
1 119
0 56
1 6161
1 4532
0 40
0 56
1 9413
2 7058 7252
0 41
0 60
2 8555 8406
2 1346 7570
1 5826
1 7281
0 49
3 3279 9335 6875
0 85
1 6368
0 11
0 68
0 7
2 8030 1915
3 1677 1380 4807
0 58
0 58
2 4065 9585
0 48
0 89
2 851 4147
0 38
1 7041
0 83
0 87
2 4586 2973
3 6541 2900 1670
0 41
1 6465
2 8838 9649
0 83
0 18
0 81
0 72
0 50
1 131
0 48
0 72
4 4970 7431 141 9390
3 9035 3984 7169
1 4356
1 6985
2 831 2796
0 7
0 30
1 43
0 7
2 6097 9666
0 54
2 384 1912
0 9
0 37
0 83
1 2393
1 4934
3 6391 3245 4484
3 4743 745 6594
1 5950
2 3394 7651
0 77
0 72
4 3523 3469 3604 874
0 47
0 2
2 9601 1890
1 9465
3 3572 6842 2339
3 5665 4558 1738
2 9762 9886
1 5439
1 5640
0 95
0 53
0 32
1 1078
1 9802
0 85
2 8611 1543
0 23
0 7
0 76
0 31
3 6357 3337 8585
2 2711 9987
1 3817
0 17
0 81
1 1610
0 76
5 3601 4593 3502 6019 7636
0 12
0 14
0 19
0 83
0 63
0 16
0 50
0 69
0 36
0 40
2 7755 2697
0 76
0 85
0 33
0 58
0 81
0 78
0 7
1 2864
2 6902 5926
3 8661 9269 598
0 48
0 100
0 65
0 17
0 93
3 6949 7286 4050
1 7217
0 40
0 87
3 2169 4451 5364
0 87
1 2460
0 97
0 94
1 1649
1 1947
2 4048 4334
4 1344 8861 2877 7720
2 9850 1476
1 1834
4 676 2298 3289 522
1 8041
4 5648 3388 1006 6202
0 9
3 5769 9301 1311
0 13
1 4217
1 4325
0 64
0 34
3 6732 7390 7598
0 62
0 92
0 51
1 2376
0 76
0 69
1 7688
0 56
0 70
2 536 7988
6 7940 3435 9184 6907 5942 4388
0 37
1 1904
0 8
0 88
1 6162
0 55
0 4
2 561 5301
1 8382
0 73
0 5
1 6296
0 20
0 98
1 990
0 87
2 4419 4021
0 73
0 6
0 51
5 4752 502 413 2274 8536
0 36
0 16
1 4958
0 92
0 15
0 91
3 661 8223 342
1 1074
0 80
0 94
5 9559 7347 690 8326 3759
0 65
1 3677
2 1231 9723
0 71
0 48
0 67
2 3397 6314
1 16
0 37
0 4
2 5925 6780
0 35
0 81
1 6306
2 4075 7967
0 100
0 23
4 9444 343 1961 1105
1 2695
3 9118 8535 9213
0 28
3 9551 7557 6727
0 8
0 4
3 4839 1932 9276
2 3504 6748
0 57
0 100
1 1907
0 54
1 5722
1 4656
1 4913
1 3252
0 89
0 86
1 9648
1 2240
0 62
2 7197 6955
0 23
1 4042
1 4536
0 6
4 2455 9687 1688 803
3 3929 1260 5226
0 40
0 89
0 14
0 81
3 9136 2656 9042
1 9573
1 4448
0 42
1 7122
11 3360 2038 8447 2616 4400 1349 243 9380 1248 8881 6853
1 4959
0 96
2 2569 8950
1 1560
0 73
2 6592 9612
1 1250
0 26
0 53
0 35
0 2
2 2366 2499
1 3355
0 37
0 10
0 97
4 8253 6380 4944 3363
0 40
0 25
3 1668 5674 5603
0 5
0 81
0 40
1 3256
2 3618 5516
2 1217 4339
1 2751
1 5154
1 6374
0 32
0 2
7 7906 7025 646 5896 9634 2728 6828
2 533 8909
6 8514 3143 9160 231 8449 9
0 43
0 61
0 99
0 92
2 7224 2560
2 7583 5874
0 86
0 98
7 4531 4428 1548 6646 834 3754 9111
0 99
1 6847
1 3235
2 7201 9036
2 5571 9323
0 73
0 67
1 7269
0 90
1 2414
1 8432
2 9890 4449
0 95
0 74
2 7869 5895
0 79
2 621 9302
0 76
0 25
2 6257 488
0 67
1 7664
0 91
1 8509
2 9013 7516
2 3868 8968
0 5
0 62
0 72
3 8780 6363 2967
1 9521
0 50
4 6326 708 1524 6993
1 3326
0 24
1 4709
0 38
1 4985
0 92
0 3
0 72
0 43
0 33
1 3144
1 8999
2 3763 4574
0 53
0 56
3 1833 4716 3867
0 83
1 5110
0 100
3 5833 7550 5030
0 42
2 5978 7475
1 1177
0 14
2 9369 2995
6 3259 8292 858 2987 2956 5823
0 97
3 5186 9605 7534
0 63
1 2756
0 10
5 1629 6723 4460 571 5739
0 62
1 1618
1 3822
1 1480
1 4776
1 7965
0 70
0 46
0 90
0 57
0 94
0 86
0 23
0 97
0 31
1 2772
0 29
0 54
3 3189 6779 3580
3 2135 439 8471
0 56
0 66
0 10
0 55
0 80
3 4642 365 2029
0 73
2 2597 8462
0 91
0 50
2 7719 6770
0 17
3 9926 4932 4725
0 69
3 7771 298 6674
1 2144
2 8993 1775
1 2546
1 4010
0 49
3 4829 8615 528
1 60
2 8874 794
1 6633
1 6343
1 3004
1 3251
3 1161 6415 1978
0 93
2 1616 3306
1 4083
3 2841 2720 9862
0 28
0 32
0 90
1 8164
0 9
1 3982
0 23
2 327 7717
0 65
0 18
1 2714
3 5118 5283 1516
0 51
0 26
2 8564 5246
0 69
1 3150
1 7603
0 61
0 88
6 435 5400 7935 592 6093 3010
0 73
5 3893 7805 9553 9658 8314
2 5881 8067
0 34
1 6030
1 72
2 8902 5080
0 97
0 19
0 42
4 8831 6509 5834 1989
0 85
1 4543
0 25
0 42
1 2073
0 56
0 6
2 8015 5141
2 4427 8910
1 5563
0 58
0 81
0 8
2 7071 258
1 1266
3 9093 6750 2067
1 1063
0 65
2 6506 9934
4 7482 7541 3654 6601
0 84
0 80
2 7283 7272
0 55
1 3860
1 3789
1 8668
0 57
0 66
1 4836
1 941
0 50
0 6
0 21
1 9343
1 1186
0 50
0 83
5 2996 689 5697 3128 8957
0 24
0 26
2 5041 6830
3 6339 2684 3651
0 68
1 5001
0 58
0 11
0 73
0 9
1 3684
1 3550
1 9021
0 55
0 24
6 6739 7078 9267 2182 2373 4053
2 8666 32
0 16
0 26
6 2716 7769 7275 76 5888 7195
0 29
2 3187 27
0 33
1 7417
0 30
0 76
0 64
2 7203 1611
1 2250
0 30
1 6069
1 4962
1 2959
8 5340 626 2211 4140 2923 2069 1076 9165
2 9412 2083
2 7024 577
0 21
0 65
0 30
1 6644
1 7631
0 25
0 79
3 8273 9631 344
1 5129
3 7051 6518 1636
0 5
1 5572
0 100
1 798
1 2057
0 96
8 9800 3917 126 6629 6083 1936 8517 6589
2 539 5830
0 27
0 89
0 85
0 5
0 12
0 77
2 4343 9706
0 39
4 605 6820 5770 4239
1 2682
0 7
0 72
0 60
0 14
2 9495 6724
0 10
1 4016
0 21
1 5901
1 2022
2 7160 3887
0 66
0 22
0 68
0 48
0 22
2 4274 6102
0 49
1 4263
3 5945 6058 3420
1 2621
0 38
0 37
1 747
0 4
0 92
0 66
0 46
1 4381
1 1415
1 5814
0 93
0 64
1 3443
0 100
0 54
0 45
0 92
1 7654
0 89
1 2599
0 65
4 8416 1276 716 6117
0 65
0 62
0 68
0 38
1 7566
0 75
0 49
0 26
1 1786
0 57
2 1362 6904
0 82
1 2107
0 84
0 14
0 38
0 8
0 16
3 2395 6708 9089
0 29
1 1586
0 73
1 7709
0 85
1 2608
2 2583 3870
6 1115 7829 256 2787 8701 1707
11 7021 309 5952 282 6738 2767 6957 5149 6805 1084 8196
0 80
1 6434
0 66
0 2
1 4287
0 46
0 40
1 3193
0 6
0 20
0 35
0 44
3 7231 6676 2271
0 96
1 8103
0 84
7 6092 9080 6681 7503 1257 7250 1752
0 81
2 3396 6266
1 4611
0 86
0 78
0 93
0 47
3 1121 596 701
0 65
0 93
0 14
3 5797 104 8464
0 53
0 31
0 85
3 2426 8775 3123
1 3164
2 6838 5715
0 89
0 91
3 5429 1593 2245
1 1295
0 8
0 62
2 3422 9957
1 5783
3 8337 1996 714
1 6198
2 8704 9482
0 16
0 82
0 85
0 38
0 31
2 5216 4461
0 90
3 4158 3585 499
0 12
1 6969
0 67
0 82
0 89
1 2170
2 2844 8280
1 9701
2 4134 3745
1 1517
3 8857 6835 6978
2 2635 168
0 6
0 42
1 2988
0 51
1 7379
2 7902 2749
1 4790
0 51
0 37
0 34
1 2351
0 74
1 2163
1 2814
0 50
2 199 5394
0 51
0 42
2 7348 9236
0 49
0 13
3 6158 9616 9522
0 10
1 3839
2 3207 1288
0 73
2 934 2741
1 2160
1 3991
0 97
1 610
0 49
0 50
0 52
0 95
0 72
1 7504
0 66
1 5635
0 68
6 549 265 3283 2333 8891 6657
0 12
1 3478
1 7976
0 88
1 7712
0 3
0 85
0 7
3 7485 9836 4999
0 70
0 63
0 32
0 28
0 48
0 51
6 7427 7316 7582 77 7267 4583
0 9
5 4404 3438 5459 5810 9589
0 35
0 9
0 35
0 46
0 99
1 1875
4 5909 1819 1726 6528
0 80
0 47
1 5327
0 15
1 8241
0 47
0 70
2 6385 5159
0 71
0 43
0 40
2 2272 897
3 7966 5870 9354
1 9367
0 86
1 7207
4 8136 2315 1012 8852
0 24
2 9799 9226
0 86
0 97
0 53
7 3223 9363 9083 9828 4307 8363 8778
2 4028 3261
1 239
1 2101
1 6532
0 69
0 27
0 62
0 53
0 51
0 24
1 6217
0 46
0 51
0 95
0 16
0 17
0 67
0 61
1 7055
0 49
2 1385 4898
0 100
2 132 1451
3 3460 9446 5025
0 76
0 65
2 6027 3757
0 92
6 2129 1353 2472 3837 6225 2436
6 9485 9990 7087 5066 8636 4647
1 2359
2 667 2617
0 68
0 23
0 23
1 1952
1 5132
2 1162 640
0 16
1 3266
2 5993 4935
0 99
1 9140
0 36
5 7255 7703 6837 8175 5628
0 59
0 56
2 7309 2055
2 1485 1873
1 8742
3 2790 8679 7844
0 59
0 50
2 4971 2488
4 200 9791 9681 3931
0 19
0 95
2 1770 4084
0 9
0 10
1 7226
1 2781
1 7893
0 33
0 63
1 5718
2 7959 5602
1 2206
0 54
2 7523 5660
5 3517 3785 9219 8194 2779
0 66
7 9317 6637 1501 2090 1886 5951 3676
4 4347 9291 3934 4439
0 10
4 6523 6442 3192 8376
1 7279
0 24
3 7056 2985 8823
0 70
1 8676
0 100
0 60
0 85
2 8342 585
1 563
1 9947
0 68
8 3956 920 2523 1390 7202 4612 5013 6292
1 401
1 5558
0 99
0 74
2 2199 1924
2 9486 9869
0 38
1 2197
0 92
0 69
0 83
2 4109 5934
0 30
1 2340
0 78
0 35
0 67
1 7956
0 91
1 350
0 79
0 62
1 1699
0 22
0 71
0 46
0 57
11 1894 2625 8687 1483 2913 7980 1914 2147 4233 8264 9098
0 13
0 31
0 90
2 9560 5975
1 4735
0 13
0 87
0 61
0 21
1 316
0 67
0 20
0 23
3 5432 2897 44
0 100
4 8451 7862 1705 3497
0 55
5 2191 6005 1168 6323 9147
0 81
1 6397
0 91
3 8942 357 9172
0 30
1 6914
0 23
0 68
0 38
0 40
1 6995
0 83
2 8938 8643
0 70
0 99
1 2356
0 18
1 2715
0 100
0 3
1 8511
0 76
0 39
1 3562
6 4421 7999 1354 2350 9674 8003
2 9084 6139
4 7297 2976 6247 5428
1 9101
1 7491
3 2112 1197 6353
4 6873 6690 7469 7705
0 95
1 8639
2 2806 5421
0 72
0 42
2 7838 109
1 684
3 9314 1492 9249
0 29
1 2649
0 24
0 30
0 78
0 17
0 90
4 4352 5979 3105 3113
0 61
1 7554
7 6553 8360 4565 1804 8594 5653 3915
0 32
0 19
1 4216
1 8541
0 91
0 7
0 94
2 3632 1317
1 9198
1 5756
1 3066
2 5146 4138
2 6726 4000
0 61
2 7386 1261
0 14
0 92
2 2565 1748
3 9985 7434 2238
0 59
0 71
4 657 636 5586 4027
0 35
4 1709 5819 9124 1111
0 77
3 3106 9144 5903
0 50
1 3655
0 91
0 30
0 48
2 2204 8250
1 2782
0 87
1 253
0 83
2 8905 2545
0 1
0 31
0 10
0 14
1 7363
2 3033 7796
0 41
0 29
0 43
2 727 8305
0 37
1 2928
0 35
1 7679
2 6002 8123
5 866 5490 8346 1927 9258
1 1551
1 2004
2 1239 287
0 50
1 7839
1 6774
0 58
4 5210 6916 1479 8324
1 9532
1 1236
1 3065
0 77
0 21
0 19
1 1550
0 87
2 5606 7277
1 979
2 5919 6632
0 28
0 71
0 35
1 704
0 90
1 5813
2 6940 8079
0 5
0 88
0 57
1 6688
1 4627
2 3799 4684
0 5
2 6341 1357
0 53
0 10
1 8473
0 14
0 23
0 46
0 46
1 222
1 3354
8 2971 1774 842 2817 8538 9794 3583 2375
0 78
1 4530
0 29
0 61
1 8329
0 5
1 1278
2 9044 869
0 6
0 7
4 9924 4360 8222 3468
2 1327 5577
0 91
0 84
0 37
0 93
2 2214 2644
1 55
0 99
0 19
2 3691 5802
0 23
1 7352
0 2
0 38
0 9
0 84
0 27
0 31
2 9355 2330
0 22
3 4924 2966 7403
0 72
0 37
0 9
0 57
2 4394 8868
0 41
2 7141 9113
0 5
2 4734 6193
0 12
1 8224
4 7323 6356 2242 102
0 59
0 71
0 27
0 34
0 35
1 6658
1 2010
0 98
2 8856 9594
0 94
0 11
1 6991
2 6142 9685
0 35
0 98
0 63
1 1973
2 3357 1515
0 90
3 1062 5345 7343
0 40
0 57
2 31 3414
0 83
0 19
2 108 8312
0 95
0 51
0 76
0 17
4 5445 6099 9020 4713
0 29
0 22
0 86
0 12
0 58
0 19
5 391 2746 3628 5698 8766
0 58
3 7303 4938 5545
0 57
0 43
0 91
0 11
0 77
3 6728 5936 5927
0 79
0 60
0 64
1 3600
0 81
1 8322
1 7628
1 6885
4 1504 1486 4165 1595
0 65
0 88
1 7150
4 9728 702 2064 7700
1 666
1 5907
0 41
1 9195
0 48
1 3165
0 65
2 8296 4861
1 3358
5 5716 9820 7300 9459 677
2 8623 6432
0 74
1 7107
3 9515 9962 6445
1 6312
0 56
0 60
2 5581 6543
1 7498
1 197
1 3613
0 2
0 38
4 8478 4403 6372 496
0 31
1 9119
1 3182
0 91
1 3381
1 696
0 58
1 9353
0 46
0 90
0 83
3 5476 18 9046
0 97
5 2099 1862 1974 1453 4212
0 6
0 14
1 5435
7 5295 7039 4143 1215 6756 7047 8504
0 15
0 97
2 7345 2562
0 62
2 1360 9599
0 81
0 10
0 34
0 35
0 17
0 48
0 34
0 21
0 92
0 85
1 3731
0 72
1 2771
0 52
1 604
2 4765 1173
2 8684 2951
1 2058
1 2383
0 64
0 8
0 52
2 2825 4095
0 34
3 618 82 2149
0 26
0 39
0 95
0 74
0 44
0 58
0 86
1 4749
0 86
3 9201 1452 651
2 4094 8135
2 5990 7400
0 2
0 16
0 93
0 15
0 79
0 31
0 86
2 4073 547
1 1489
2 8218 3854
0 62
3 4745 4578 5437
0 43
2 9298 6065
2 4579 6977
0 86
0 96
2 6244 2307
5 400 4546 6358 7409 9274
1 218
4 7816 5112 9361 9920
0 92
0 67
0 25
0 99
0 94
1 1033
0 25
3 8448 3968 2896
0 82
1 8647
0 18
1 6864
0 68
1 4599
0 11
1 107
1 2074
1 492
0 80
0 74
0 60
0 50
0 31
0 61
0 75
0 72
2 2775 6283
1 8518
0 2
0 1
0 58
3 6705 8530 92
2 7810 9914
1 4728
0 50
0 96
0 50
0 23
0 12
1 3064
0 83
2 7351 5130
0 55
0 4
0 54
1 366
4 7270 6243 7100 1572
0 59
0 71
0 53
1 2531
0 7
5 3726 6333 202 8240 7052
1 4994
0 57
1 3447
1 9843
0 91
0 45
1 25
1 8604
4 3313 4717 312 6650
2 2789 942
0 42
2 6384 4887
2 860 9888
0 20
1 2661
0 70
3 9707 9647 360
1 8338
1 2674
2 8383 2892
0 37
4 9141 7610 8409 1098
1 5166
0 91
1 5249
0 100
2 896 8689
1 2402
5 1301 9945 63 3476 5076
3 6560 8475 3769
0 78
0 27
0 11
0 72
0 4
1 1879
1 2268
0 55
0 23
0 14
0 22
0 72
2 8964 6422
0 26
1 46
1 4723
0 36
0 4
2 1581 1493
1 8407
0 31
3 7853 6041 6530
8 6270 4576 1484 264 5816 1011 5828 5312
0 25
2 7211 8495
0 50
0 41
0 90
1 733
0 87
5 9304 2119 4444 5053 6749
0 2
0 28
1 3009
1 4920
0 27
0 95
0 70
5 1867 3736 933 9981 1025
0 100
2 9656 6346
0 21
0 63
0 3
2 2065 5136
1 1195
2 4302 4200
0 14
2 9847 7187
3 8012 7585 2872
0 56
0 97
1 7382
0 51
1 2028
2 5916 4664
0 47
0 52
0 31
1 364
0 80
2 4539 1243
0 52
1 3800
3 2909 9675 9760
1 1022
2 2650 6232
0 5
1 4740
3 1510 5998 656
0 70
0 57
1 662
2 801 1739
0 89
0 15
0 6
0 74
0 10
1 7746
0 46
3 334 6298 2303
0 63
0 32
4 644 1047 4169 5657
2 382 288
0 74
1 2834
1 4022
0 20
2 9745 7159
0 65
0 9
0 83
0 43
0 29
1 3268
3 4229 7335 1223
0 84
0 84
1 3522
2 3341 6418
0 68
1 5853
0 2
0 81
0 51
0 98
1 2155
11 3002 4 9206 1713 1639 5676 8758 395 2451 9200 828
0 69
0 74
2 4724 7454
0 86
0 15
1 6691
1 1950
1 8335
0 27
1 4383
2 9970 9193
0 86
0 29
1 5631
0 39
1 9403
1 4815
1 2812
0 79
1 4364
4 6550 1528 6180 1637
0 45
0 89
2 3041 100
5 8096 4608 1710 5122 932
0 18
2 5177 5488
1 8860
0 26
2 1731 7842
1 1943
3 5115 2704 7068
6 6144 4704 9106 6571 69 2133
0 57
1 5247
1 1313
0 12
0 40
0 42
3 7278 2266 9024
0 15
3 952 9980 2914
0 90
2 4391 1053
4 2094 2096 8352 2972
1 7955
0 84
0 41
0 74
2 987 5043
2 7070 6406
0 29
0 48
0 94
1 2493
2 1224 8343
0 80
0 97
1 5759
3 5158 1903 4979
0 83
0 47
4 9261 4825 5842 3682
0 13
2 7425 4588
0 56
0 78
0 14
0 4
1 1331
2 5237 5930
2 1487 6582
3 2232 5821 765
1 494
1 5123
1 8434
0 38
0 48
2 304 1954
0 17
2 423 6557
1 9061
1 3400
1 3710
1 2442
2 7240 6549
0 61
3 2610 7733 4571
0 39
0 77
4 9930 7637 6855 1959
0 95
2 3485 7512
3 3062 7899 7158
3 61 2500 3398
0 56
0 29
1 6931
3 9410 2060 3006
2 5740 2758
5 4763 393 6352 5236 1793
3 7259 84 5958
0 62
0 27
1 6677
1 7889
0 68
0 39
0 63
0 46
3 6652 2014 3465
1 2413
0 26
1 2903
1 2190
0 91
1 5522
3 6367 2584 8933
1 4322
0 33
3 7772 525 7743
2 2513 927
1 9456
2 79 9282
0 64
1 2198
2 1685 1788
2 99 6593
1 2931
0 87
1 143
0 38
1 1399
0 82
0 46
2 9125 7910
0 6
0 7
0 3
0 75
5 6212 7242 6929 5959 3463
1 7261
3 744 8094 3132
0 54
1 9949
0 84
1 7424
0 18
1 538
3 346 5675 6642
0 7
0 17
1 8992
1 5466
1 5315
1 158
3 9199 9734 6171
1 3494
3 405 3864 6865
0 90
1 8074
0 37
1 5827
0 57
0 67
0 28
4 8316 2859 5542 3534
0 37
0 8
1 6542
2 8000 3095
3 1446 7022 4177
0 30
1 5082
0 69
3 8752 1130 4202
0 80
0 20
1 3775
0 27
0 47
0 59
3 1708 2032 7053
0 99
2 9619 2530
2 4258 9562
9 6627 1369 7644 6811 4231 3490 6014 5839 2840
1 3793
0 85
1 3308
0 36
0 97
1 4866
0 76
0 96
0 1
0 43
0 17
2 5650 445
2 6586 7229
5 3524 7538 2997 1838 1235
0 47
2 9069 8271
3 5623 8419 7630
0 97
0 22
0 68
0 95
0 91
3 8425 5220 9795
0 15
2 9898 6625
1 1766
1 5591
1 2299
0 33
2 1316 6540
1 8889
0 41
1 2954
0 1
0 63
0 11
0 84
0 33
0 4
1 8949
0 39
0 25
0 90
4 6417 4806 6484 3134
0 80
0 11
0 92
0 10
0 34
1 4163
0 21
0 27
0 25
2 1635 3159
3 9037 453 3675
2 2847 6755
0 87
1 6089
1 9630
1 6631
1 3479
2 8843 9577
3 236 6664 370
1 8976
2 2748 606
2 4124 68
1 9877
1 2102
0 34
0 70
1 9586
0 67
1 998
1 1494
0 32
0 69
2 6426 3297
0 5
0 41
1 1658
6 151 3892 9738 1070 6762 6823
2 1373 4285
0 66
0 93
0 1
0 33
0 53
0 32
2 553 1032
0 32
0 82
0 45
0 31
1 4875
0 94
5 8629 3277 9241 7452 9678
2 5392 1
0 60
0 38
3 9489 3242 196
1 9595
3 6169 6250 9379
1 1931
1 2645
0 70
2 5436 229
5 9285 4683 7811 6499 1112
0 83
2 4135 9435
0 45
0 34
3 5055 8126 8812
4 3969 181 8020 2002
2 8056 8554
0 52
3 3480 2015 8254
2 1285 7964
0 72
0 94
0 66
1 8348
4 5239 7973 2538 4678
1 1814
2 6278 4990
0 69
2 7721 6419
0 15
0 70
0 73
0 96
2 1384 3209
0 10
0 82
1 6767
1 5865
0 2
0 80
0 42
0 54
0 20
2 2831 3994
0 59
0 33
0 81
1 2808
0 96
1 7147
0 91
0 87
1 5010
2 5316 482
2 9855 3378
1 8060
0 61
1 3640
1 2982
0 75
0 51
2 4459 4624
1 4901
4 3693 1763 8191 1435
1 9391
2 9347 2360
2 1622 3028
1 311
0 36
3 5528 1690 2894
3 9740 3645 6420
2 7640 2878
1 8125
0 51
0 84
0 83
0 51
0 75
0 76
4 1519 4528 1495 3416
0 10
2 4606 8267
0 96
0 39
0 77
0 55
3 2492 4115 8075
0 50
0 18
0 63
0 69
1 1998
3 5829 8375 9755
0 52
0 20
1 6364
0 70
0 17
0 29
1 3056
2 1765 3826
0 3
0 36
2 5406 3074
0 43
0 42
1 1244
2 8098 4301
0 4
0 57
1 3042
0 97
0 88
1 2930
0 69
6 5840 4193 9161 9710 9617 4591
0 8
0 56
0 2
0 90
0 18
1 5512
3 217 1568 6411
1 863
0 23
2 7179 7944
0 75
1 6340
0 41
0 70
0 74
3 6408 2070 956
0 65
0 43
0 67
3 4852 4931 8078
0 81
0 65
2 4284 7337
4 2037 7716 8662 8415
0 4
0 22
0 93
0 75
0 91
2 86 1409
0 52
0 77
0 21
1 6443
0 28
0 57
1 3003
3 9782 2262 9054
0 90
4 4029 8025 1207 7155
1 4761
1 516
0 80
0 15
2 8465 2052
0 51
0 78
0 10
0 94
0 80
0 96
0 78
0 50
1 5642
0 15
0 64
0 47
0 62
0 54
0 74
2 6017 6761
1 1052
3 3707 7268 7488
0 6
0 6
2 922 1703
0 66
0 13
2 8507 5426
0 66
1 1604
2 4092 8690
2 5587 2088
0 58
2 5564 4149
0 72
0 82
4 1887 6882 3440 9309
0 29
0 42
0 11
1 5056
0 94
1 752
0 81
0 87
1 5890
0 1
0 94
0 97
1 5460
0 85
0 27
2 586 1413
3 5266 6789 6416
0 6
3 4697 3492 1155
0 17
1 4415
0 15
2 9392 1450
0 38
3 6778 3733 1747
0 74
0 13
0 22
1 3007
0 1
1 9786
5 5191 3979 4032 8888 1079
0 94
0 90
1 9759
0 47
0 93
0 68
0 33
1 3563
0 46
3 6004 4690 5778
4 3700 6524 3336 7246
2 9912 3186
3 9542 7656 3176
0 11
0 21
0 51
6 4187 2236 8747 2874 3708 2952
0 87
0 5
5 9186 2901 6179 3773 9043
1 5314
0 19
1 3241
2 1273 6502
2 3372 2866
0 66
1 8332
0 19
0 16
1 9534
0 2
0 64
0 98
0 54
0 23
1 2555
3 1176 7395 6534
0 16
0 70
0 95
0 4
3 9941 962 4401
2 635 8472
2 3171 2802
0 62
0 78
0 53
1 906
0 47
1 497
7 5291 1361 261 6086 3902 6258 8261
0 5
0 39
6 6446 4085 9307 2234 4142 4620
1 6626
1 6126
1 3219
4 4513 8216 1850 8982
0 58
0 100
3 9398 4127 5070
0 99
0 49
0 69
2 6772 1461
3 5419 1502 6074
0 29
0 31
2 4272 4125
1 4249
0 51
1 8151
0 100
0 21
2 2556 1986
0 63
0 40
1 5147
0 34
0 71
4 7328 6226 3705 2723
0 58
2 234 3804
3 3665 1755 4190
1 743
0 41
1 8521
1 493
0 40
0 15
4 9153 6392 9048 5807
0 14
0 34
0 8
0 6
1 631
2 5983 9429
0 74
0 14
0 34
0 38
1 250
0 81
4 7486 2372 6031 2664
4 8652 8907 9488 2963
0 81
1 1471
0 99
0 55
0 98
0 27
0 8
2 436 6015
3 5489 6922 8960
1 6752
6 3639 2189 5987 7543 4035 4012
0 89
2 5960 9148
1 1874
0 50
0 88
0 35
1 1305
0 88
0 43
1 4964
0 61
0 19
0 26
0 39
0 11
1 3152
0 90
0 29
0 29
2 1574 8482
0 64
3 8257 6377 9134
6 5094 1885 2702 9453 7081 8655
0 36
0 11
0 48
0 89
1 4294
0 74
0 24
1 5176
0 15
3 2301 6281 3521
1 7558
0 9
0 81
0 32
1 8572
3 587 3434 8904
2 5311 2104
0 71
0 91
2 8028 5537
0 98
2 7338 5215
3 1587 6205 4787
0 9
3 1861 2571 5877
1 8700
3 8952 1650 2118
1 565
0 93
0 14
3 9325 1779 2823
0 35
0 16
0 94
1 4501
0 41
0 57
1 7857
0 22
1 2672
0 46
0 31
0 93
2 9875 809
1 4082
1 8113
1 6776
4 8617 2507 2428 7037
0 45
2 1666 6498
0 26
0 52
0 38
1 7822
0 6
0 100
1 318
0 55
1 5891
1 4616
5 8688 7408 6935 3260 5793
4 293 8534 3108 2078
0 30
3 6972 4226 2296
1 1743
0 65
0 48
0 9
1 7007
0 99
1 3727
2 8278 1735
3 2968 3196 4899
2 4434 678
0 95
1 9935
0 34
1 8944
1 4030
1 4972
0 67
0 36
1 7411
3 6245 2368 7074
0 37
0 66
5 8071 5531 5493 7184 8871
0 5
0 40
1 1831
1 259
0 37
0 52
1 5241
2 50 3335
2 2134 3526
0 20
1 4480
0 42
3 3000 9913 9448
0 36
1 280
0 74
0 87
0 75
3 579 2409 4150
3 9979 7715 428
1 584
4 4251 9868 2732 1976
0 55
0 45
0 12
0 58
0 6
0 82
1 6742
0 60
1 7662
0 58
6 2945 1015 2017 5607 9151 6407
0 30
2 1271 9271
1 8351
0 97
6 5748 5620 9921 819 4893 2759
3 9704 5180 5206
1 1655
1 7333
0 20
0 76
2 3949 4304
0 3
0 28
1 578
3 7943 6235 7266
2 8072 5373
0 54
0 51
1 9826
0 5
1 8489
0 15
0 5
0 4
1 5274
3 5374 8259 7152
1 5856
3 8931 7615 4577
0 92
0 72
3 7945 1131 6151
1 2016
0 8
1 9129
0 70
1 394
0 71
1 3133
3 634 6480 3841
1 8645
1 2902
0 1
0 9
1 137
0 86
0 60
1 3715
0 13
0 38
5 4802 917 1728 8796 6675
2 4623 8542
3 6285 9031 5700
0 73
3 5318 6840 4767
4 4622 5074 6324 1619
0 65
0 16
0 42
0 51
0 83
1 2117
0 18
0 10
2 1558 9805
0 13
0 25
2 4291 2953
1 7175
4 6581 93 1036 8546
1 5441
1 3897
4 9618 1378 207 8201
0 24
0 69
1 3287
1 2180
1 4041
1 345
0 73
0 86
0 18
0 58
2 9895 6062
6 7500 4707 945 5024 9748 2244
1 5347
2 4515 9362
0 22
0 42
0 5
1 6678
1 4873
0 9
0 29
0 48
1 3331
2 2908 6148
2 8502 9624
1 9483
0 84
0 52
0 52
2 4267 5683
4 4336 1191 4245 3950
0 46
2 2693 8578
0 2
1 6519
0 17
2 4638 1810
2 4242 1741
0 71
0 84
1 2655
0 39
0 81
1 7584
0 74
1 6388
0 38
0 60
0 73
0 44
2 8142 1117
2 3528 9884
0 88
1 3445
2 2763 9194
0 6
0 98
0 16
5 2564 1877 9621 2378 5544
2 8935 1338
1 5696
4 2970 4269 4218 7793
0 58
0 74
0 80
0 80
1 1049
4 7806 6437 5092 324
1 3671
1 1126
2 1427 6950
1 9476
1 8111
7 4236 456 2194 530 7599 8685 2854
1 2735
2 5383 7375
1 1237
0 33
0 14
3 4658 1842 2730
0 100
0 29
0 7
0 6
0 86
0 84
0 63
0 23
0 62
1 9789
4 9351 1569 8988 8006
1 3035
0 94
0 83
0 10
0 73
2 6265 9292
0 48
1 2822
0 83
2 8790 5331
0 68
0 42
0 33
0 56
1 2497
2 1129 8777
1 7867
1 1037
2 4835 2502
0 99
0 78
1 4789
3 8678 3250 6342
0 55
0 46
0 24
0 29
1 4768
1 2654
4 4141 5923 4562 1203
0 45
0 96
0 55
0 5
0 64
0 93
0 26
0 68
1 3843
0 91
0 32
2 7663 2175
2 2922 2491
0 5
0 30
0 45
4 877 1030 9671 8021
1 5705
2 9313 5929
0 28
0 82
0 55
0 20
0 9
1 7907
2 6301 5456
0 12
0 3
2 1522 8491
0 25
0 51
3 2944 9253 4321
0 49
0 21
2 2638 894
0 41
1 9948
0 70
0 54
0 87
0 24
1 4070
0 30
4 3926 52 6947 1423
2 6831 8523
0 1
0 62
0 3
2 709 6248
1 629
1 7552
1 1582
1 5448
0 99
2 8417 7819
0 51
0 42
2 7317 2419
1 5911
0 66
2 2532 4430
0 57
0 37
0 75
0 32
0 83
2 5411 6049
1 4953
0 91
0 62
2 2784 4917
1 697
0 83
0 12
0 74
5 9778 356 6059 2947 3960
2 7508 388
0 80
0 87
3 8830 9635 7998
3 7319 1490 7577
1 6201
2 7329 2320
4 8663 7294 6116 1004
0 93
3 7287 6350 1374
3 7460 9300 467
4 8281 2035 3988 6544
0 41
0 44
1 1375
0 74
2 3264 6816
1 8605
5 205 5330 3238 3227 2536
2 7407 4061
0 38
3 7369 3551 302
2 9808 2381
0 62
1 9097
1 3453
2 1071 67
7 3625 9576 1065 8940 4916 2148 2329
0 92
0 61
0 64
0 47
0 10
0 48
0 50
0 36
1 9787
0 54
2 9615 2249
0 80
0 97
0 22
2 4640 8994
1 2739
0 20
0 30
3 3224 8206 9003
4 4613 2401 6402 9404
0 96
0 66
0 36
1 3593
1 1722
1 8516
4 616 8620 3565 6040
0 27
0 39
0 57
1 2179
0 49
0 76
0 36
2 6718 1805
1 1816
1 4166
3 890 8469 7526
1 3229
1 4174
1 8297
0 95
3 7318 6533 6076
2 4596 503
4 6109 6268 6570 3060
1 8330
0 67
0 46
0 28
2 3877 1149
0 28
1 6163
0 49
2 3741 5256
3 1584 9792 5799
1 5081
0 81
0 66
0 84
0 31
0 58
0 92
2 9008 9062
2 1355 7765
0 16
0 51
0 52
3 376 1600 5658
4 2465 6988 4295 2837
0 42
0 90
2 5666 7126
2 7012 4486
1 7932
0 18
0 97
0 8
3 8930 7900 2475
0 34
0 64
1 5458
0 64
0 24
2 6376 7129
3 2522 9856 8967
0 14
0 93
1 2592
0 71
0 54
0 83
0 34
3 9716 6846 3432
1 5780
0 5
0 79
0 39
2 9715 154
0 20
0 55
0 46
2 9654 8956
0 35
1 9959
1 3668
2 2921 513
3 9070 713 2369
4 7986 658 8198 7510
0 43
0 66
1 9592
5 206 7892 8423 4786 9620
0 37
1 4726
0 33
0 67
0 94
1 6989
2 1478 3636
1 7063
0 47
1 4796
0 71
1 6302
0 55
0 51
0 89
1 2263
0 53
4 4018 8664 5052 3516
7 670 1693 2652 4275 3695 1941 5508
2 3505 5084
0 40
0 80
0 51
2 5744 9423
0 49
0 46
0 38
2 9311 8147
4 9988 9502 5659 5232
1 1449
1 8386
2 5047 6471
0 87
0 96
0 66
1 2110
0 59
0 28
0 53
0 89
1 4156
2 6556 8921
1 172
3 7961 3303 8782
3 5553 9162 3302
4 1365 2890 7786 974
0 56
0 47
1 9712
2 6277 5317
0 67
0 95
0 36
1 9568
0 35
1 4751
0 69
0 90
0 57
3 6106 8885 5322
0 68
2 3821 1113
0 36
1 3437
0 45
2 2943 2604
12 2066 2343 3141 9211 7948 3983 800 6529 1246 8458 7751 47
2 6459 1356
1 9597
0 16
0 16
3 4568 5491 4939
1 3820
2 6925 6381
1 8990
0 40
1 8962
1 3555
1 3446
1 9156
6 7361 8118 4538 215 7193 6892
1 9107
0 70
2 6987 476
0 87
2 5970 8036
2 2633 5257
1 9644
3 4667 4976 419
1 34
1 7565
0 75
0 42
0 62
1 2558
1 3907
1 8219
0 96
0 86
0 53
7 8719 4573 1144 7371 1911 4967 4575
0 86
1 9771
1 652
1 2880
0 2
0 96
4 830 3402 1303 9411
4 511 5964 263 7556
0 3
2 9157 588
0 59
2 9192 3802
2 5866 349
2 711 3323
1 5630
3 6489 2794 8506
1 5509
0 14
0 2
1 4368
1 9694
1 8913
1 224
2 4830 2188
0 97
0 25
0 92
1 3547
0 95
2 780 1151
1 3114
0 5
0 73
1 3728
1 6659
2 6704 3537
1 3690
2 3107 3519
2 3483 4327
0 83
0 32
1 3262
0 6
1 3883
2 687 5044
0 23
1 4160
0 16
0 26
0 46
0 43
0 19
2 4219 6616
0 87
3 7878 6332 3100
0 15
1 3173
0 100
3 2606 1069 1229
1 4508
3 6215 5514 4941
3 5134 3037 9702
0 11
0 75
1 9452
2 3872 1329
0 2
0 24
8 7173 4631 5403 6654 4828 4020 4188 8895
0 48
0 28
1 5695
0 39
0 78
0 93
2 5487 4481
3 9305 7804 5521
2 4315 796
0 12
1 7627
1 7936
1 3489
6 6492 1750 1628 9288 6424 3884
0 14
0 24
0 21
0 4
0 43
0 5
0 88
1 4211
1 232
0 67
1 3611
0 69
0 34
2 557 4881
1 9724
2 6574 1552
2 4102 8077
0 7
2 9067 5397
0 57
2 4417 5980
2 2039 6335
2 452 7128
0 47
2 7595 968
1 9181
0 99
2 6491 5767
0 70
0 99
2 4549 4773
2 4003 9071
0 12
1 2084
0 11
1 1157
0 60
0 40
4 7787 9973 8255 996
0 37
1 575
3 4847 446 3125
0 20
0 66
2 1633 1962
0 86
1 5144
1 3129
1 3619
0 97
1 8915
4 5197 9863 7192 6836
0 26
0 51
0 100
0 67
2 2826 7396
2 5596 429
0 34
1 8817
0 17
4 5753 1948 2471 2690
1 1920
2 1953 7985
1 9243
5 122 8985 5588 8311 9303
1 2867
0 63
0 62
0 18
1 1159
2 2856 5335
0 29
0 90
0 35
0 56
0 55
1 9464
3 437 7525 958
0 5
1 6135
1 3320
1 4653
1 8200
0 77
0 29
0 28
1 5348
0 12
3 2285 7649 1321
0 54
0 57
1 3973
1 45
0 97
1 1202
5 4276 4851 3844 5547 156
1 6558
3 2354 9917 8733
0 5
3 4762 8880 1906
2 2289 3348
1 1746
0 3
0 6
0 56
1 192
1 3265
0 47
1 198
0 39
0 40
1 9825
2 8154 7423
3 7061 5798 4209
0 21
0 79
0 95
0 36
0 8
3 2886 1383 554
0 34
0 84
1 3941
1 5039
0 23
1 267
4 8319 2515 7185 8289
0 94
1 9135
1 2328
3 1651 6087 2809
1 4114
2 7366 4809
0 44
0 5
0 25
1 4002
1 1514
0 2
0 16
0 18
0 26
4 7189 1594 6429 787
1 2177
1 6482
1 5789
2 5864 7387
0 25
0 91
1 1823
1 8301
0 29
0 36
0 66
1 3996
0 7
0 22
0 92
0 11
1 3758
2 3078 5113
2 4442 7609
0 21
0 28
0 24
3 4405 1859 6575
0 73
4 4779 5984 5610 5892
1 6208
2 5986 3149
1 7696
2 9821 7744
0 33
0 94
1 5264
1 778
1 7740
0 74
0 69
0 58
0 69
0 60
1 9139
4 7083 6783 8739 4455
1 901
1 4540
1 1139
0 9
0 7
0 65
0 84
3 3880 9105 4210
1 2891
1 6730
0 54
0 70
1 8109
3 5906 5949 139
0 87
0 33
0 73
0 9
0 99
0 73
0 10
1 9971
5 3415 8634 2927 3794 3166
6 7925 3857 2991 9655 2623 9865
0 24
0 30
2 7768 6218
0 88
0 85
2 2591 961
3 3188 8696 4289
3 9466 7112 8972
4 9867 157 5243 7520
0 12
2 4908 6545
1 212
0 13
0 10
1 865
0 75
0 17
0 3
1 2319
1 8763
0 40
4 8724 9625 5855 2259
2 4079 921
1 1832
0 19
2 7735 1889
2 9773 1335
1 995
1 9720
1 8795
1 1812
0 92
4 7655 3280 8761 9765
0 49
1 7222
2 8866 3349
1 6548
1 647
1 2596
0 82
4 6971 6272 9138 1120
2 6584 8540
3 3158 5062 3436
0 18
0 67
2 3594 3109
0 12
3 2707 4341 6016
1 320
0 47
1 6182
0 70
2 1754 9050
0 80
1 5037
0 59
2 6954 8622
0 4
0 82
2 7639 879
0 83
2 6615 8140
5 6962 2738 5967 925 5365
1 5099
0 7
0 44
1 7138
0 21
0 43
4 3328 8598 8799 8370
0 73
0 81
0 84
0 21
0 45
1 953
1 8746
0 56
3 7602 1923 1673
0 43
0 95
0 19
0 33
0 81
1 887
1 3951
0 72
1 4902
2 4808 3558
4 1909 5972 5328 4794
4 8986 3424 9447 1124
4 8805 8732 4969 6490
0 87
2 7439 6639
0 85
5 262 2512 9731 8850 9330
0 42
1 8480
1 9229
0 34
1 3312
0 80
4 5575 2131 8503 6467
2 1546 4380
1 4863
0 20
0 39
0 75
0 50
0 72
5 7233 9281 306 4587 2639
1 7164
2 7099 140
1 9350
1 2574
0 38
1 4266
1 5353
0 17
1 9468
0 18
2 875 6237
0 80
0 72
0 57
2 5710 7206
0 92
0 18
1 7876
2 4465 4331
0 76
2 5902 6121
0 34
0 57
0 82
2 4957 8397
0 83
1 5289
2 8097 9915
0 12
0 11
1 3852
2 7495 8321
2 8173 2418
1 1281
1 949
0 10
1 9812
0 26
0 21
0 12
0 4
1 7738
2 5862 2341
2 5474 6361
0 100
1 8050
2 1675 8890
4 8262 7095 1794 5228
0 80
0 99
1 519
1 2918
0 5
0 69
1 7647
1 2535
0 22
5 5369 2843 5785 7060 75
1 6936
0 18
7 7296 295 9218 2576 3017 7507 9541
1 7764
0 52
0 43
0 58
0 24
4 3093 4299 7960 6073
1 1957
4 1509 2431 8997 8048
0 55
0 27
0 94
1 854
0 1
0 57
0 55
0 80
0 6
0 82
5 3782 1982 8439 1566 5535
3 9944 9029 1396
1 6832
0 89
0 17
0 59
0 49
0 93
2 7776 4345
4 1856 8740 6082 3119
0 81
1 389
0 35
0 16
3 8479 5093 9237
0 9
1 6075
2 8204 7415
1 3848
1 1299
1 9593
1 4167
0 63
3 7299 9308 4823
0 7
2 3658 330
0 75
1 2464
1 246
0 21
0 79
0 16
2 4261 9848
0 43
0 68
0 54
0 25
0 75
1 4067
2 613 2152
3 8686 296 5933
1 6569
0 59
0 34
3 4101 8681 7016
2 9312 6096
0 74
0 73
0 81
1 8971
0 17
0 99
1 4993
1 7517
0 22
1 5505
2 8493 8055
3 2105 9117 8845
0 11
0 77
0 77
0 77
1 3203
1 3743
1 628
1 4119
0 29
0 100
2 1662 2487
1 6863
0 95
3 9816 7540 8402
1 8237
0 99
1 1701
1 6317
4 8132 1700 369 4256
1 1753
1 7114
0 4
2 3661 523
0 18
2 8445 8955
1 3086
0 13
2 694 680
0 87
1 1034
0 100
0 93
0 95
0 79
2 3772 5116
2 7992 734
0 67
1 791
0 36
0 71
2 1608 9758
0 94
1 2337
0 98
2 6697 6976
0 11
0 88
0 18
0 84
0 87
0 9
4 9087 5580 8485 4031
0 8
0 22
0 20
0 35
2 8767 6130
0 22
0 11
0 48
2 3045 3068
2 4300 1436
3 2668 6371 8958
0 17
1 153
2 1087 6460
0 63
0 6
0 6
1 1922
0 56
1 2389
0 22
5 9114 1663 2627 929 8215
0 91
0 16
1 2136
0 17
0 45
1 1024
0 72
2 7511 4372
1 4240
0 55
0 46
0 5
1 1667
2 6039 4966
0 65
2 6743 4738
0 64
0 8
0 57
0 54
6 3781 9268 7699 7650 110 1158
0 60
0 34
0 12
1 7676
3 1573 1727 6702
0 47
1 2114
1 4523
0 4
0 59
0 44
4 352 8776 1679 9012
1 2743
0 30
2 1704 8431
1 3686
0 21
0 65
4 1418 3191 5302 6206
0 1
0 59
0 68
0 80
4 9610 2336 2783 1164
0 15
0 44
0 78
0 16
0 56
0 74
1 2281
1 8640
0 12
0 22
0 92
3 5138 1910 6145
1 6538
1 9387
4 5499 7937 1472 5627
6 7734 811 2139 8430 6563 7450
1 4980
0 38
0 8
2 7927 7092
1 2646
1 9032
1 8729
2 4618 174
0 79
0 60
0 97
2 5467 1411
0 62
0 70
1 5091
1 6207
6 9535 3771 7646 271 7934 211
0 52
0 24
2 7383 2461
0 75
0 14
1 1038
1 1686
1 6261
0 13
3 4904 209 2079
0 78
0 61
1 6896
1 6758
2 9699 7800
0 55
2 1459 3811
5 1669 1811 7849 7435 2290
0 100
4 9832 3151 3588 7957
1 3940
2 9331 5250
0 36
2 1315 2184
7 7995 438 7139 3034 9217 1393 9803
0 28
1 9563
0 32
0 85
0 64
1 4635
0 83
1 4312
0 48
3 7089 2670 8632
1 3025
0 47
0 10
0 94
0 69
3 5343 9487 2187
1 1783
3 4702 3957 7527
1 7180
1 6984
0 60
0 14
0 57
0 59
0 68
0 66
0 26
0 59
1 4458
1 9995
0 65
1 9756
1 1797
0 16
0 1
0 36
0 81
1 9064
0 59
0 60
0 76
2 4688 1279
1 1048
2 3995 4675
2 6413 3577
0 62
1 9998
0 20
0 4
2 870 6679
1 9937
1 2754
1 5151
1 1830
4 8709 4036 4798 3088
0 38
2 2216 7394
7 7698 977 9040 3549 645 6643 3760
0 5
6 8476 4311 8019 2294 1871 7622
0 39
2 5350 763
0 38
1 4362
1 3525
0 12
0 92
2 8807 9558
0 3
0 67
1 5196
0 19
1 859
0 93
1 7741
0 30
2 7044 4001
3 3179 7901 465
1 2525
0 41
0 28
5 5114 385 9717 6051 2518
0 9
0 23
2 363 1562
1 3059
1 4008
0 52
1 6559
4 3370 6741 6860 7528
2 2302 5182
0 13
6 8618 7971 4572 8288 2734 9079
2 3257 333
0 75
0 30
0 38
0 10
2 9809 2669
0 76
1 8357
0 10
2 9670 4265
5 9058 4846 8609 266 4544
0 95
1 3603
2 5613 1661
0 26
0 84
2 900 4131
0 37
4 5219 5095 3597 8354
1 9629
4 3871 1561 9727 4323
1 3813
1 8869
2 3696 6157
0 9
0 82
3 6600 9092 283
1 9963
2 4907 4837
3 9030 3346 8486
1 9961
0 74
1 6923
0 34
3 1467 695 9341
0 76
0 45
0 75
0 64
0 71
1 4473
0 37
1 8421
2 3450 2962
1 2939
0 98
3 9463 7260 3993
0 32
1 4937
0 89
0 42
3 6628 3054 804
8 299 1813 1475 3174 8628 1868 5029 7915
1 2868
2 5809 3104
0 50
0 25
1 4621
0 48
1 7580
0 30
0 9
0 11
0 59
0 38
3 1410 8786 8051
3 7115 6848 2816
1 9730
0 6
0 16
1 9902
0 19
0 38
0 55
0 29
1 6329
3 1565 1491 8272
2 8120 8159
10 4986 1051 1591 4069 124 2526 1928 3904 931 3126
1 1644
0 86
0 66
4 2267 7464 2056 6729
1 2457
0 92
2 7617 5107
0 76
1 4918
0 60
1 5765
0 49
0 89
5 9033 5375 7781 8613 4671
1 175
0 21
0 87
0 23
2 6959 8500
0 96
1 7790
0 15
1 5096
2 1687 6486
1 7221
1 9622
2 8714 8209
1 5212
0 52
2 2042 4418
3 1718 3215 4087
0 44
3 3965 2726 9149
2 8818 7243
1 8768
1 2624
0 25
2 9164 4643
4 193 1457 9297 51
2 9039 121
1 9564
0 43
0 78
0 42
1 3057
0 12
1 5899
2 895 8452
3 4317 2332 1142
2 3798 3644
0 97
0 76
3 3236 3167 5412
0 75
0 38
0 18
2 9168 1946
2 2849 9757
0 24
1 6400
0 51
0 100
0 22
0 80
0 89
0 40
1 5321
0 23
0 6
0 89
0 95
0 65
2 1324 5885
0 33
1 7659
1 8083
1 186
4 3725 5388 8242 15
2 6189 8745
0 99
1 4998
1 5167
1 7086
2 9950 2273
0 94
5 7713 6695 2087 4466 57
0 66
1 9582
0 17
3 6508 3912 4867
0 71
1 1598
3 341 9964 4615
2 6511 275
0 97
1 5552
0 27
0 11
0 80
1 252
0 66
4 289 916 9508 6476
3 9293 3067 8285
3 1219 6473 1388
5 589 7578 4482 2365 4259
0 62
0 63
1 6023
0 60
2 8256 4351
0 52
0 12
0 52
0 2
1 4534
1 9131
0 53
3 2605 5360 1042
0 77
0 54
0 39
2 5408 1045
1 2648
0 11
1 783
0 24
1 911
0 6
2 617 5777
2 8220 5609
0 1
4 751 6911 1702 491
0 81
1 9881
1 2246
0 89
2 1364 6463
0 1
0 42
3 9596 7322 7675
4 3515 4478 1255 2658
0 22
2 2977 8367
1 1993
0 35
0 65
1 1007
1 660
0 48
4 5618 1428 3338 2447
4 5737 9072 2000 6067
1 6781
1 2905
1 6961
1 7497
0 43
0 58
0 79
1 9721
0 93
0 68
0 35
0 72
0 14
1 6220
0 24
0 95
1 5913
1 4974
1 9783
0 41
0 11
9 6709 7397 7522 9407 6390 8158 1460 1854 6886
0 7
1 5485
2 550 2681
4 7515 7422 6355 6747
0 37
4 5105 8170 4398 1110
1 7778
0 82
0 84
0 80
0 6
1 6845
1 1085
6 1742 630 4982 6905 2706 7457
0 15
3 2106 9339 7015
0 32
0 86
1 1430
2 457 799
0 30
3 5393 9417 8390
2 7130 7194
0 38
1 1615
0 80
0 77
0 79
0 90
1 6720
0 73
0 35
0 92
0 82
3 4221 6094 992
0 13
0 59
2 2411 6383
2 936 4090
1 9690
2 5020 5532
3 8188 7247 8626
2 3948 2404
0 46
0 21
0 19
1 5207
1 4040
1 9187
0 32
0 43
0 63
1 3990
2 4009 5434
2 9247 8437
4 5634 8481 4277 7057
5 3623 2586 5334 2709 9650
0 72
0 2
0 79
0 84
4 7544 8426 1938 1027
0 79
1 7903
0 66
0 5
2 9530 8863
2 219 6819
0 11
0 29
1 5015
0 28
5 371 1138 5200 9115 9549
0 28
3 8581 5376 8058
0 83
1 1263
1 4784
1 5745
3 7597 7605 3491
0 55
2 7868 7592
2 3834 8674
1 9607
2 2123 8592
1 1368
0 50
1 4732
3 8427 6516 7912
1 7531
4 9038 7680 5124 9958
1 338
0 78
0 76
3 541 5230 4603
5 978 328 7212 1306 4975
3 2153 6651 6999
0 47
2 5150 3538
1 1578
0 71
1 4420
0 84
0 65
2 1455 7652
0 84
0 68
1 2459
3 7997 8148 3433
0 11
0 7
0 93
2 7157 1264
1 3350
2 7642 1632
2 7398 1855
3 5482 9870 7914
2 6764 5254
2 6872 5875
0 49
1 4892
0 96
1 9572
0 12
0 39
0 17
0 25
0 45
0 36
1 7018
2 1425 8575
0 88
0 5
0 53
3 4488 1730 4844
0 89
0 100
0 45
6 9143 8764 2853 7108 5570 9741
0 90
0 46
0 82
1 8879
0 32
1 7209
0 45
3 4537 641 10000
0 17
2 8703 208
1 3401
4 7367 5273 374 9873
1 1719
0 69
0 58
2 4764 2694
1 129
3 4453 9475 9315
1 8726
1 3749
0 33
0 96
4 8353 1784 8961 7232
0 90
0 18
3 4925 3024 4628
0 50
1 2380
0 7
0 77
0 40
0 18
2 1336 9749
1 2374
1 739
1 9874
3 8139 1807 1095
0 43
1 1571
1 3556
1 187
0 85
0 39
2 7519 5366
2 4152 568
0 84
0 100
0 6
2 4373 3566
0 72
1 5342
0 43
0 65
2 6857 6754
0 89
2 3160 1434
3 2660 7251 1072
4 8513 9994 3945 7841
0 100
3 2603 7106 3616
0 21
1 5275
0 32
1 5637
0 68
1 698
0 75
1 8052
9 9509 4378 8969 7064 5519 257 4888 1406 5928
1 4367
0 70
1 8577
0 2
0 6
0 15
0 97
2 9272 9484
2 2613 4230
0 44
5 4139 5292 5380 1847 1580
3 682 6635 3139
2 6166 78
1 7220
0 52
1 2833
0 29
0 60
0 19
5 3756 8163 2279 4547 6336
0 20
0 10
0 73
0 10
0 30
0 9
0 57
1 471
0 100
0 4
0 30
1 9146
0 47
0 39
0 23
0 73
2 4769 291
0 27
2 9007 9171
0 70
1 6209
0 58
2 5399 5208
0 13
1 5395
0 69
0 100
0 27
3 8911 6912 2482
0 53
0 2
0 90
0 11
0 59
1 2013
1 5240
0 81
0 24
3 5102 3249 8539
1 8854
5 6452 7481 3981 6821 7815
1 8217
0 97
0 65
5 9103 6603 5632 5164 7797
0 55
0 64
1 3409
1 195
0 27
2 8245 9664
5 4297 4645 4393 1077 2561
2 7143 2683
1 1154
1 2230
1 6814
1 517
0 13
1 4673
1 1977
1 9270
0 23
2 9680 506
4 2142 2587 2969 8128
0 49
4 8107 2385 1259 6211
1 9223
0 41
1 3761
1 3140
0 13
0 18
0 10
1 9356
0 85
2 2325 1218
1 6514
0 54
1 3554
3 2539 3570 5879
0 63
0 44
0 48
0 8
0 37
4 8487 5551 7620 6347
1 9235
2 5120 3253
0 4
0 100
2 5616 4625
0 74
1 8512
0 98
2 392 8819
3 6572 8582 2470
0 21
0 54
0 100
1 3458
0 99
0 80
3 3131 4992 4402
1 2934
0 60
3 2024 6153 7013
0 51
5 924 761 8193 7404 9480
1 220
0 8
1 4610
5 7036 9123 9450 6451 425
0 31
2 3812 9754
0 36
0 86
1 6703
0 76
0 88
0 67
2 3001 7228
4 2904 6118 1827 7799
0 72
0 8
2 2852 6470
0 71
1 7779
0 88
1 6412
0 88
0 17
1 3801
0 44
0 30
1 1899
1 5352
0 49
0 100
2 1884 1714
1 3444
0 44
10 2509 1682 7004 3541 8410 6457 8720 4446 8228 2740
0 82
1 1776
2 9904 3375
0 33
0 1
0 57
2 4195 4395
3 5974 1059 1737
1 9127
2 6568 6992
0 15
0 46
2 8918 6595
3 8644 9539 4668
0 61
0 16
1 4168
2 9842 7473
0 44
0 59
1 8841
1 5497
2 7825 7416
0 31
1 1160
2 3340 8936
0 89
0 36
2 1888 3373
0 85
2 882 5019
0 29
0 64
2 3110 3540
1 5554
0 95
5 6535 9401 8141 5259 1352
0 45
0 11
1 6410
1 7330
5 6982 5225 4590 8900 1851
0 7
0 100
0 36
1 7625
2 2821 7551
0 86
0 41
1 9000
0 91
1 7389
1 7824
1 2989
0 91
0 100
1 2803
0 16
1 432
0 56
7 6304 6170 1290 4557 3232 9254 2305
0 51
2 2480 420
1 8064
0 83
0 35
0 38
0 69
0 90
1 4257
1 1026
1 6785
2 7135 5021
0 86
1 2975
0 9
0 3
0 77
2 8001 7214
2 6147 4912
3 7984 9318 4279
3 4911 9494 6048
0 57
0 91
2 5204 950
1 9923
4 9909 8901 9004 5905
0 44
1 6110
0 15
0 21
0 57
2 6103 9408
0 34
0 44
1 403
0 91
0 24
1 2887
3 410 4044 1189
0 55
0 33
0 21
0 46
1 6844
2 8027 1891
0 42
0 16
0 27
2 2213 4298
0 38
0 14
0 62
0 11
0 25
1 4059
4 6546 5377 6001 1182
0 72
2 609 386
0 68
0 3
1 5386
0 63
0 54
1 5850
1 7133
1 6623
2 1119 8300
0 28
0 45
1 7256
0 53
3 4757 4793 7391
2 6006 2548
3 7697 9763 1905
0 12
3 9096 5595 3278
0 96
2 7909 1883
1 9212
0 65
1 7001
0 79
1 8903
2 5943 5536
0 81
0 34
1 8156
0 23
0 27
0 30
3 6877 4182 3634
4 9580 6948 9167 4026
0 7
1 1997
2 5184 6921
2 7132 6052
1 928
1 7285
0 19
1 8424
3 9830 9857 4144
1 4359
3 1405 9364 113
0 94
1 3451
7 6520 6360 6760 6456 9375 9431 7840
0 58
0 66
0 81
1 5747
1 8788
0 19
0 11
0 64
2 7176 4906
3 2553 8393 1040
2 9806 7874
0 46
0 79
0 12
0 31
1 490
1 3546
0 27
0 54
0 30
0 34
0 34
2 8433 4179
1 9911
0 34
0 46
0 49
0 19
1 6798
1 3075
1 9598
0 85
1 397
0 73
0 49
1 2313
0 76
3 935 8826 7766
3 7872 4499 8832
0 21
1 4841
0 56
1 6655
0 88
0 5
0 94
0 20
2 7623 5567
0 3
0 13
0 68
0 53
2 4057 6025
0 73
1 4369
2 9366 8970
0 67
0 74
1 9512
1 3410
0 12
3 3163 3404 774
1 3850
0 9
2 3431 3920
2 4718 1196
2 2355 8872
3 2253 5417 8833
0 81
2 1445 8680
1 5691
0 32
5 2251 6398 5672 4313 3933
0 78
2 5985 2755
1 4361
1 1777
1 1397
1 8669
3 5604 7101 4629
8 3989 71 5461 9557 4248 1395 5285 5910
0 23
1 6649
6 5858 3805 2176 8304 9159 4567
1 822
0 11
1 3325
2 4915 8302
0 32
2 9340 913
0 100
0 54
1 4091
1 1080
4 8774 3293 1734 4760
1 5007
0 5
0 68
1 8691
0 49
0 66
0 65
2 2076 4340
0 29
3 9205 9713 9445
1 2128
1 7082
2 1481 999
0 40
0 60
0 27
2 4097 9524
3 1382 2793 9169
1 6337
0 23
2 7633 5356
0 27
1 1201
0 58
2 6307 9844
2 8446 6345
0 14
0 79
4 5654 5101 4349 4551
0 78
0 69
0 54
2 6573 4669
0 12
1 2200
0 81
0 6
1 724
0 16
1 4357
0 50
3 3851 2421 2998
0 4
5 7000 3473 2277 9108 8525
6 7227 4062 6386 735 1725 6788
0 73
1 3501
1 4474
0 66
0 49
1 1863
0 44
0 67
1 766
1 4390
2 2632 4197
2 6721 6022
0 62
0 73
3 8088 4518 6328
1 6487
0 26
4 3631 3646 7767 5454
2 2750 737
3 1089 2450 3641
0 57
0 21
3 6175 238 3788
1 955
0 68
1 5078
1 642
3 2063 9359 8091
3 1377 4981 4832
2 5944 6173
0 87
1 6450
0 61
2 6165 8892
3 7290 3698 6694
0 15
1 8651
2 3102 3856
0 75
1 73
0 3
0 46
1 8975
1 7356
3 146 4116 7149
1 703
0 28
1 6311
4 4766 3466 8331 4386
0 39
0 75
0 41
1 7257
0 79
1 2543
0 88
1 9102
0 3
1 720
0 68
0 78
0 17
3 8032 9852 5668
0 28
0 72
2 3094 2124
2 6085 1697
0 33
0 93
0 14
1 1791
0 44
0 15
0 38
1 4949
1 1073
0 52
1 7673
0 31
1 7049
0 89
1 7223
0 74
1 7880
0 77
0 76
0 2
0 67
0 28
0 11
2 1021 7065
2 4224 368
0 56
0 56
0 20
1 416
1 6365
0 8
0 88
0 29
1 6656
0 44
2 3770 7928
3 6036 9265 6934
0 2
2 5359 3683
0 4
2 2193 600
2 9372 6525
0 91
0 53
2 8226 4783
1 3735
0 65
2 594 1132
1 9227
0 89
0 73
2 5723 415
0 87
2 5083 6899
0 82
1 6551
3 3507 6766 1171
0 33
2 5589 2452
4 5104 3930 6868 2957
0 91
2 3574 2158
2 9025 1473
1 6421
1 4512
0 89
1 2166
1 7953
3 9588 4498 1648
1 8488
0 67
0 36
0 98
4 6370 1265 6587 3362
0 19
1 9801
3 8716 7156 7993
1 1599
2 9454 884
0 68
0 42
3 6146 8800 1001
2 4252 7399
1 6927
1 1692
1 1019
0 1
1 7938
1 7600
2 9075 3590
0 71
0 14
0 36
0 79
1 2612
3 7378 4335 5988
2 8627 3076
0 36
1 3012
1 9437
0 19
0 93
0 91
1 9871
1 2619
2 7253 7441
1 2174
0 85
0 22
3 885 2495 1614
0 14
4 2696 1603 3624 6609
0 76
0 85
0 82
3 9470 7088 8490
0 48
4 5028 3833 8172 2614
2 9469 8244
2 4019 7638
2 7196 3183
1 7568
2 3318 5189
3 3459 7706 1013
0 99
0 62
0 35
0 100
1 6717
0 14
4 5843 8029 2390 9231
0 79
1 8344
0 32
2 8248 5771
2 5847 9982
0 3
2 6055 6485
2 9078 6620
1 361
2 5690 8682
0 75
1 2924
3 1284 9400 2554
0 51
3 4810 8276 1325
0 73
0 14
2 4951 5918
3 8307 9434 5035
0 6
2 7059 451
0 9
4 8862 7298 9319 1192
0 9
1 2221
0 6
1 7091
0 40
0 52
0 63
0 51
1 4950
3 8059 6771 5468
0 53
0 44
0 53
1 5779
1 5011
0 99
0 100
2 1780 8559
3 9384 5063 6786
4 5051 4126 1322 4220
0 70
4 7472 3366 6359 9208
1 1588
2 4641 2021
0 84
4 6433 2222 5354 5057
2 4320 7237
0 59
0 4
0 44
0 11
0 18
1 3573
2 1678 5430
0 51
0 55
0 66
1 7777
0 91
0 52
1 9632
1 8736
0 12
0 53
3 3073 2237 4213
3 9614 9936 1334
9 7264 8143 284 779 3586 2364 4502 4692 8526
0 19
0 31
2 1253 7941
1 8744
1 5077
3 326 6181 7802
0 14
0 67
0 46
0 97
3 6671 7084 9714
3 8171 9440 2308
0 96
2 4086 8602
0 40
0 73
0 44
3 3147 5223 9581
0 77
0 11
1 2807
1 9931
0 25
1 8699
0 67
2 6233 2541
2 3947 2811
5 2519 3356 4433 2879 2974
2 9473 4850
0 63
0 53
0 10
3 8896 1205 1641
2 2062 6160
1 3315
0 85
0 42
1 4524
0 19
0 86
0 91
1 3647
2 1099 9751
3 1642 1817 7210
1 7590
0 18
3 3475 484 7624
0 2
3 9091 4605 2932
0 30
2 3790 985
0 86
1 2585
0 98
5 9606 8155 1964 3694 4443
2 6591 7962
6 286 4186 8130 7573 1050 8420
1 6493
2 769 5996
0 22
0 68
1 321
2 4468 1328
0 95
0 74
1 3020
0 98
2 4869 4103
0 69
0 2
0 55
1 7832
2 5086 5801
1 2089
0 83
0 3
1 5305
1 558
0 32
0 69
0 44
0 28
0 49
3 3972 3384 3845
0 44
0 33
2 3213 4399
0 7
2 4991 4208
0 77
2 6598 5145
0 37
2 7533 5878
0 82
1 3959
0 39
0 60
0 78
1 3958
1 483
0 33
0 30
0 36
1 9772
8 4780 2883 4093 1772 3408 9696 8545 7008
1 9880
0 20
4 5646 1424 3943 6228
1 7710
0 69
0 87
1 7174
0 42
0 58
1 1269
2 7818 9611
3 1083 1041 2506
2 4385 984
1 2906
6 2919 2342 422 6843 8649 7040
0 18
0 90
1 8190
1 242
0 64
0 55
2 1128 2269
4 3746 946 4952 5751
2 2257 9977
0 7
0 23
0 39
4 7470 443 3704 7308
0 93
0 37
2 3270 1345
1 5049
0 13
0 43
4 160 880 8977 1358
0 72
1 6029
1 6070
0 45
7 7456 6032 95 6996 9234 1653 4483
0 2
1 9322
2 1520 7467
1 4223
0 53
0 73
0 32
0 1
0 65
0 43
2 3101 5463
2 2703 4170
0 26
4 2517 1056 7780 6111
0 29
0 97
1 3467
0 24
2 2920 853
0 48
2 2698 4476
0 92
2 8798 7693
0 56
0 14
0 31
0 74
1 948
0 26
0 77
0 15
3 7020 2651 8313
0 78
1 8657
0 85
2 1057 5396
0 97
0 56
0 4
1 2547
1 4074
1 3966
1 4750
0 53
3 8887 7465 1979
1 7794
1 1429
0 38
0 65
2 1937 2827
2 6021 9418
2 5711 9555
1 6155
0 34
3 5464 1945 7479
1 7483
0 35
0 46
0 54
0 94
0 42
2 881 4662
7 537 5267 7788 3987 3587 74 957
0 86
1 7459
0 66
3 6802 310 3285
0 35
0 42
0 73
3 5067 2566 6378
0 75
0 12
1 7587
4 5820 8127 5391 981
0 56
0 1
0 67
0 46
1 4930
0 86
0 77
3 6494 4737 3509
0 53
0 58
0 1
3 9693 3896 6123
1 9732
1 868
1 5992
4 5263 9286 2557 576
1 9232
2 9173 396
1 612
0 66
0 37
2 7916 118
3 9216 7702 254
0 20
2 9575 1133
0 93
1 8804
0 39
4 378 9845 4201 1009
4 4490 1220 115 9627
1 7401
3 8765 9289 876
0 65
5 9885 9910 9892 5845 1017
2 4426 3488
0 54
0 6
0 89
0 22
0 35
3 1187 3762 9952
1 5279
1 8522
1 3776
1 6369
0 88
0 59
0 15
0 51
0 45
0 58
1 4696
0 31
2 166 4375
2 9860 176
3 7048 7852 3561
0 37
1 472
0 18
3 7770 6403 458
2 4527 7601
0 9
0 51
0 79
1 85
2 5561 462
0 24
3 6156 5966 9233
0 41
2 4943 5611
0 8
1 4205
1 1499
2 3881 9051
0 55
0 27
0 38
0 70
0 5
0 52
1 6966
2 7005 5761
0 59
1 7861
0 72
0 25
0 89
0 96
0 23
2 1525 9188
0 55
0 30
0 91
0 1
0 48
2 7433 683
1 3961
1 9399
1 771
0 49
0 24
1 5371
0 73
0 70
0 82
0 27
0 73
2 1134 2377
1 637
1 4788
2 9784 7908
0 43
4 6290 6685 4113 8531
0 64
0 82
1 1762
2 5473 5018
0 14
0 70
0 71
0 84
1 6975
1 130
6 4464 285 6510 3361 5155 4089
0 59
2 7855 3258
0 13
3 6500 4011 7946
1 5662
0 91
0 94
0 98
0 37
0 1
2 7432 1534
2 2725 655
0 44
0 97
0 37
0 20
0 30
3 1469 1802 9145
0 87
2 9878 4060
0 97
1 2719
0 8
1 7119
1 1820
1 2692
0 37
2 9189 1782
2 3905 2043
1 5427
0 96
0 62
0 14
5 3457 8580 9386 3352 864
1 3779
0 34
6 5349 5893 1671 9462 4570 5703
3 1008 8973 5859
0 86
1 2818
1 8712
7 9623 8117 162 3364 2036 4379 9641
1 7757
0 95
0 69
1 5639
4 5889 3217 5629 3430
3 3595 8040 5296
0 74
1 1376
4 9389 5612 6174 2657
1 8616
1 1462
0 46
4 348 7023 4516 117
0 88
0 20
1 1691
1 269
2 9818 1408
0 19
0 10
1 5742
0 64
0 83
0 22
0 40
0 62
1 1500
0 28
0 86
0 92
0 10
3 1559 3787 9815
4 4746 8916 9120 4344
3 3838 8941 8468
0 64
0 89
1 1146
5 9866 6946 5152 1505 3659
1 7449
2 3765 2466
2 4712 2912
1 997
0 87
0 89
2 7613 4281
2 7443 2915
4 9729 5170 3452 37
1 9255
0 63
3 5811 7823 3766
0 3
0 91
0 2
0 60
2 5876 2544
1 9600
3 8637 6321 1109
0 19
1 449
1 840
0 67
0 14
1 8695
1 4701
1 5255
0 61
3 8116 4695 6104
0 100
0 31
0 59
0 48
0 48
0 51
1 8658
1 1398
0 33
1 6077
0 77
0 92
0 92
1 4651
0 91
0 90
1 2882
1 4271
1 13
2 6640 1681
0 46
2 3161 3866
0 77
0 65
1 3747
2 3387 3212
1 9584
0 5
0 34
3 6262 8441 8610
4 2346 8168 8600 2171
0 54
0 75
0 68
0 66
0 99
3 473 2210 39
4 9908 3542 2261 9324
2 9477 6176
0 76
0 67
0 69
0 31
1 3937
0 89
2 6746 9744
0 92
0 97
0 23
1 1141
0 31
1 5278
1 564
0 91
0 1
0 20
1 567
3 5450 4122 9946
1 8713
5 4255 5484 2183 2300 1291
3 3031 8089 1438
1 3197
3 3295 167 5684
0 22
1 6241
1 4602
0 65
2 6579 8505
0 28
0 39
0 2
2 7692 5382
0 71
1 8263
5 3222 3442 3687 2724 8457
0 76
0 14
2 3092 8576
1 5955
1 11
2 128 972
1 2691
1 5540
0 24
2 2437 5462
2 9203 7761
0 93
1 975
1 5584
2 1216 8291
1 2601
2 5714 9170
1 6168
0 48
0 83
0 81
1 6744
0 96
1 4744
0 79
0 29
0 54
0 83
1 5451
4 4129 441 627 6861
2 5160 7031
2 2278 1286
8 648 4432 8453 4736 2745 891 4382 1010
3 8954 1333 6792
0 72
0 29
0 60
1 213
4 8031 7834 3569 5304
0 46
3 7426 1631 3889
3 4710 1825 498
1 7045
3 7890 7887 5731
0 12
0 88
1 7238
2 1212 5457
0 52
0 79
2 3292 6920
1 1881
1 7870
1 5825
1 9177
2 5838 4978
1 2477
3 9346 3732 6588
0 73
0 44
2 5357 8290
0 27
0 34
1 5157
0 62
0 78
0 75
6 5894 6566 2797 4821 5708 5546
0 17
0 49
0 52
0 97
0 43
2 1589 908
5 7446 9328 106 8225 775
4 3175 5860 4785 1249
0 7
0 64
0 100
2 1801 408
0 22
1 6765
0 76
0 17
0 53
2 5006 5253
0 13
0 39
0 32
3 2857 6699 7917
1 7596
0 77
2 8584 6997
0 40
0 31
0 80
3 2045 7725 2861
0 21
3 9861 5162 5271
5 4521 7033 4063 6125 447
0 89
0 69
1 6354
0 79
4 2448 454 4799 9851
1 3439
7 730 9695 3351 8381 1254 7562 5128
1 178
1 2889
2 8899 2766
1 6733
0 9
1 9661
4 5727 6313 5310 1896
0 37
0 26
0 15
4 1465 421 9027 9604
0 19
2 6617 9984
1 1165
2 4774 1394
1 4634
3 4905 5904 1488
0 5
0 40
2 556 5963
1 7847
4 9337 8347 5496 9838
2 820 9954
1 6300
1 2871
1 7111
10 5284 6136 2762 5248 8378 6477 5407 4595 6414 9511
0 9
0 54
2 8009 8265
0 84
0 7
0 31
0 86
1 4316
3 7313 1136 1590
0 58
2 9529 315
0 62
0 55
0 76
2 5299 2203
1 9543
0 88
0 36
0 59
1 2628
1 6597
2 5073 5486
0 51
0 57
0 55
0 38
4 8894 8751 6564 8603
2 351 9519
1 8336
0 64
2 2647 4973
0 63
0 57
10 1363 417 3365 9382 767 1538 3869 5680 6308 2228
1 9827
2 6942 3685
1 1917
0 27
1 4864
0 27
0 71
0 23
0 4
0 47
0 18
3 9544 9824 7748
0 49
1 5338
1 4199
0 18
0 69
0 42
2 5941 623
2 2983 8549
0 95
0 75
0 92
1 58
0 24
0 1
1 3911
0 79
1 182
3 3377 6567 9207
1 7685
0 96
0 92
0 22
1 1280
0 3
1 8323
0 85
1 5997
0 38
1 5758
1 8371
1 643
2 3243 4507
3 760 7393 7436
0 18
0 78
0 93
1 2926
0 92
0 84
0 89
1 9677
3 1116 5574 7826
0 61
1 3899
0 25
0 9
2 4043 5861
1 6928
0 38
1 347
1 5245
3 7178 9513 9653
0 52
1 8510
5 2367 8730 4308 8848 8932
1 8234
3 9077 4052 1852
0 54
1 3063
1 1031
1 481
0 19
5 5981 4686 2795 5294 2227
0 44
0 70
1 7
0 98
4 6800 9396 3382 3974
0 1
3 8728 620 509
0 39
0 47
2 4758 7370
1 7062
1 899
4 9733 4137 3520 9458
0 98
1 2850
0 48
0 18
0 6
2 3709 9777
0 16
0 22
2 3614 1872
0 77
1 8781
0 79
2 339 1787
0 80
0 17
2 8607 4795
0 19
0 39
0 32
0 86
1 8442
4 688 150 7833 3795
1 2673
0 69
0 96
1 152
0 82
0 37
1 1170
0 29
0 84
0 93
0 27
0 50
1 7854
1 249
0 86
1 2600
1 6252
1 5707
1 4503
0 38
0 19
2 8824 3155
2 5214 6478
6 8084 4891 9903 6080 9639 3359
2 6254 9010
0 81
3 9965 8024 6791
1 5594
0 87
0 93
1 7866
4 5641 1351 3255 8258
0 54
1 2326
0 94
1 2291
7 6910 5525 7442 8246 3865 3464 6503
2 7513 8784
3 8706 241 2774
1 7011
0 42
2 7835 829
3 5725 6318 5969
1 5638
1 6255
1 8181
0 3
1 5072
0 67
1 2082
0 73
4 607 524 4111 9779
0 82
0 88
0 38
0 18
2 1634 2429
0 11
0 32
2 5721 8252
0 64
1 4183
0 73
0 93
0 65
0 24
2 5538 2334
1 3652
0 65
1 4838
0 17
0 82
1 3448
1 6273
1 4601
0 94
2 7745 705
1 521
0 45
1 7545
0 57
1 2432
5 163 1799 5425 9692 3112
1 888
1 3347
1 5199
0 52
0 90
2 9901 5649
0 27
2 2712 7305
0 22
0 68
3 7165 5071 782
2 3673 9932
8 2946 2699 9887 9284 8207 777 5108 8411
0 23
2 4157 9705
1 5416
0 99
0 61
3 7635 1135 6187
1 20
0 32
2 1869 1314
2 8849 7619
0 47
0 11
1 570
2 5050 2549
1 3211
5 4619 8403 7304 221 8380
0 96
0 51
2 8619 7821
0 87
7 5663 8524 7683 270 2005 4450 9503
0 88
0 53
0 23
0 88
1 599
0 94
1 9420
1 9974
0 52
0 62
0 85
1 6684
0 16
0 12
0 93
2 4456 5520
0 100
2 3487 6037
7 3096 7921 6826 5673 2181 3922 2666
0 59
1 8755
0 29
0 68
2 9034 4945
0 67
1 1061
0 27
0 46
0 43
0 62
0 6
0 79
4 2048 8855 7548 7388
2 3739 7140
5 965 9442 466 1972 9665
2 5776 5743
0 65
0 67
0 40
1 7641
1 7711
0 5
0 24
0 27
0 63
0 51
0 81
0 28
0 20
1 4064
0 75
2 1448 2019
1 5031
1 4080
1 6047
1 9590
3 1892 2458 8816
0 16
1 668
0 56
0 70
0 82
1 6295
0 21
1 3932
0 75
0 43
0 35
1 9252
3 2247 6547 2687
0 69
1 1068
1 6251
4 9402 2443 805 5218
0 73
3 6740 1443 7014
5 2615 3055 732 3449 7850
1 980
0 25
0 11
0 17
1 5592
0 7
0 87
0 66
3 8593 5999 2007
1 7365
2 2403 6112
1 5719
4 7871 5636 381 725
2 2382 7471
0 8
1 3115
2 8561 2138
0 20
3 1549 2764 1300
0 47
2 8922 8673
0 82
0 17
0 74
0 9
2 7428 6784
2 7134 7167
0 30
3 1808 4859 3545
0 59
0 62
0 3
0 40
0 66
0 48
1 4414
0 89
2 1014 8710
0 51
0 68
0 66
2 23 551
0 6
2 1717 2640
4 6294 4824 8039 5533
3 8460 4319 6267
0 20
2 572 3849
3 9472 7245 5442
0 65
0 58
0 87
0 25
1 8014
0 98
0 11
0 26
0 55
2 4666 2992
0 6
0 29
0 49
3 7310 1228 2588
1 2352
0 34
0 72
3 4493 203 5932
1 5415
0 60
0 100
1 4819
0 67
1 103
0 2
0 56
1 8080
1 6230
1 8597
0 84
0 45
2 97 9538
1 7098
0 93
0 17
2 138 615
0 92
4 4123 1929 7782 1163
0 34
2 1100 6063
0 52
0 13
2 4146 8461
1 2304
0 6
0 44
0 61
0 20
1 1518
6 7368 1094 9263 3184 3796 8822
0 36
5 5608 8496 4204 827 7239
2 814 8318
0 63
2 9176 7035
1 1370
0 92
1 9905
2 9853 8991
0 67
0 18
1 8835
1 1664
0 38
0 10
2 5734 7358
0 98
0 37
3 5524 399 1211
0 77
1 3858
1 1421
1 8963
3 1640 772 6196
1 279
0 17
0 83
2 3371 8750
2 7034 7687
1 9329
3 2869 3330 4585
8 2722 2598 226 7120 3828 3162 6013 3923
2 7216 7905
4 4467 976 2033 380
1 165
1 930
0 7
2 8166 5293
0 7
0 59
0 25
1 6172
0 29
0 29
0 79
2 7918 5290
0 95
0 20
0 67
0 36
0 5
1 7803
4 3723 3808 5782 8013
0 61
0 82
1 35
5 8917 3544 5023 966 6909
1 4956
0 99
0 82
0 16
0 12
0 21
1 2533
2 2260 5539
1 9919
1 2256
1 6396
0 2
1 5757
0 63
2 1442 9430
0 35
0 15
0 62
0 98
0 81
2 9992 3072
0 72
2 5502 7586
0 20
0 19
0 52
2 4151 3454
1 4919
0 53
1 9491
0 64
0 65
0 2
0 52
0 47
2 1680 4800
0 52
2 673 9968
0 41
0 58
1 3048
1 9266
0 26
1 7105
2 8760 5873
0 55
3 24 235 633
1 619
0 14
0 39
0 68
0 15
0 29
1 4068
1 9132
0 99
1 7677
0 24
0 38
4 355 722 2846 5835
0 35
3 5449 5042 3832
0 2
1 5229
0 24
1 4909
0 8
0 66
0 21
2 2830 5701
0 79
1 2935
0 73
1 4264
2 2145 5198
0 90
1 8653
1 26
0 15
0 8
0 34
4 514 5704 9514 1347
0 71
0 83
1 4384
0 27
1 8229
1 9014
0 8
1 7836
0 82
2 2567 6134
0 80
0 86
2 691 5323
0 81
0 86
0 18
0 63
1 9250
0 91
0 70
0 96
2 3276 2178
6 5085 9204 1497 4371 4687 4848
0 90
1 9422
0 39
0 16
0 8
0 4
0 16
2 2744 4849
0 5
0 52
0 17
0 82
1 7043
0 45
1 6330
1 9788
1 6562
2 6366 4191
4 9126 3495 1696 1795
1 5880
2 2765 468
1 2384
1 5161
0 88
0 12
0 42
3 4715 2008 8392
0 93
1 8101
1 4055
1 5483
0 84
3 3568 2379 7860
0 45
0 4
2 4051 9345
0 71
0 19
0 21
1 4392
2 9214 6064
6 1607 9536 4797 3532 448 574
0 47
0 71
1 2550
0 49
2 8404 8792
1 1845
0 53
2 8049 520
0 55
0 60
2 9940 9210
0 1
0 47
0 6
2 2003 1676
1 9142
0 89
1 9972
2 7581 5201
0 33
0 14
1 3305
1 2824
1 5103
1 9395
0 63
1 1106
3 9951 7913 7364
0 35
4 1102 5173 7989 1773
0 100
1 6757
0 40
1 3380
5 464 9451 1506 5171 3859
3 3891 9767 6079
1 6713
8 3427 1245 7377 6700 5100 3471 8186 6917
0 91
1 21
0 98
1 5702
0 16
0 15
0 97
3 5370 5800 149
0 99
0 10
0 97
0 16
2 9682 3997
1 7924
2 8057 6387
0 6
0 38
0 57
0 8
0 10
1 5887
4 832 2752 7671 5937
3 180 836 1366
1 4305
0 11
0 80
1 4940
1 6645
0 68
0 45
10 1118 7026 8842 5217 6297 7791 6737 6466 9019 1323
0 73
3 4703 38 4927
3 8987 144 1233
1 3557
0 44
0 53
5 7017 5971 773 3482 5258
2 8787 1206
2 6852 4058
1 4296
0 25
0 16
1 8341
3 8359 2185 1148
0 62
4 2534 6714 1876 909
2 9742 9764
0 13
0 3
3 3559 7571 4833
1 1258
0 45
0 12
3 8210 3689 3288
1 3172
0 70
0 26
1 7968
0 23
0 95
0 86
2 2288 6395
2 7191 7295
0 51
0 1
0 49
0 43
0 40
1 2080
2 6222 9492
8 5685 5851 2322 3529 4882 8612 5796 1232
1 9017
1 8550
0 79
4 6667 2893 6634 1307
9 4871 8394 8454 3900 7177 9899 4098 3579 1241
0 87
0 1
0 69
4 1835 4423 4804 8547
0 33
1 8698
3 8694 5872 7694
1 785
0 28
2 9221 7453
0 36
1 1672
5 7843 706 807 314 2980
0 57
0 16
0 9
0 72
1 3713
0 69
2 8283 9275
0 49
1 8157
1 9609
1 4133
2 7215 8104
0 74
0 11
5 8192 2071 5005 6154 6124
0 89
0 39
1 3818
2 3178 2445
1 373
0 99
2 3939 2412
0 91
0 86
4 4004 7190 756 8825
1 1836
0 46
0 71
0 22
0 96
0 67
0 56
4 4753 2791 6190 726
0 27
0 86
0 31
0 71
1 4096
1 90
0 70
1 5140
6 8771 2061 7466 6012 9336 2960
0 18
1 2059
1 926
1 5848
0 86
1 7230
1 9736
3 4903 5027 8731
2 7569 712
0 16
1 1853
0 34
0 17
1 9814
0 46
2 9796 5054
1 4358
0 90
4 9929 1309 5530 5320
0 98
1 6349
0 14
3 8007 1630 3753
3 808 1174 7199
4 9137 1193 9997 3824
0 30
4 6316 3681 7736 1749
1 5624
1 776
0 80
0 84
0 48
0 89
1 1208
0 94
3 7492 1283 5235
0 31
1 754
2 7972 9287
1 6095
0 96
0 56
3 12 8205 8065
2 101 1767
0 92
2 4039 3226
0 94
1 5962
2 2653 7405
4 9835 5175 6693 6264
0 61
1 2397
0 7
3 6192 4441 8232
0 48
0 73
0 89
1 7732
0 14
1 4928
0 27
0 15
0 90
0 12
0 82
0 16
3 9370 5615 3548
0 2
0 56
0 94
0 14
1 4556
0 45
2 6539 9002
2 9490 954
1 54
1 1760
0 74
1 959
1 3204
0 71
0 95
0 66
0 89
0 36
0 79
2 9569 3977
0 27
2 4942 3177
3 7468 5566 3441
0 94
4 3383 8374 902 2295
0 37
0 25
1 4445
3 1447 3084 5498
2 2025 80
0 49
2 6178 3030
0 82
2 4754 6393
0 53
1 3342
0 81
4 6044 4948 7171 1267
0 71
1 1190
2 2361 3630
2 4654 8978
0 7
1 4700
4 3234 6382 7249 3719
0 50
1 8943
0 95
2 6944 1815
1 8919
0 87
2 183 7785
1 6501
3 5989 1553 6851
0 82
3 3069 3714 8762
0 32
0 68
1 8286
5 8275 4720 3607 5543 5192
0 72
0 67
3 919 7547 5088
4 479 9810 9770 5549
3 3043 6401 852
1 692
0 60
2 313 4872
0 66
0 92
3 1433 2120 2150
0 19
0 9
0 97
0 10
0 64
1 9222
0 60
2 8131 8350
0 89
3 8737 8239 8043
0 77
0 19
1 6614
1 8923
2 3316 2353
0 42
1 8145
0 90
1 3531
2 5806 8646
1 6854
0 22
0 26
0 87
4 6334 871 7463 3391
0 9
1 8179
1 6072
1 5032
1 260
0 86
4 1526 7691 2391 359
0 55
0 72
0 13
1 6891
1 4154
1 2602
0 34
5 6670 4491 9334 2721 2524
1 8789
1 2467
0 98
0 93
8 4504 3237 907 674 430 7749 2570 3332
0 58
0 17
1 228
0 69
2 3783 9533
0 37
2 625 3103
3 2283 114 6060
0 39
0 41
4 9966 5560 5898 1268
0 59
3 4545 1539 6167
2 6661 6495
1 6951
0 44
0 30
0 86
1 7204
2 7476 2958
0 86
1 3399
1 6221
1 8384
0 95
0 38
0 19
0 12
0 93
0 82
0 44
2 7606 4689
3 2938 8076 9822
3 319 49 9684
2 960 7506
1 2252
0 94
0 77
2 7881 4366
2 7429 469
3 5009 409 2049
9 784 7448 555 3518 8325 5954 4104 4698 4884
0 7
1 3576
1 991
1 2680
5 6531 9425 3018 6164 1893
0 85
0 24
0 47
0 37
1 2929
1 8757
0 56
0 24
2 41 4309
2 2686 2855
1 9876
0 100
0 85
0 87
0 28
0 25
1 2813
1 7042
2 8233 2154
0 27
1 4429
0 89
0 78
0 85
0 64
0 56
1 768
0 3
1 1180
1 9608
0 29
0 52
0 32
1 8569
2 2068 450
1 7320
1 9479
0 87
1 1439
0 42
0 51
0 27
0 46
2 6394 671
1 8586
2 1240 1003
2 8840 4771
3 2026 9338 7920
1 8108
4 9432 5270 5231 9999
2 8759 3610
0 80
2 1372 6223
0 13
0 55
5 4376 5713 9547 4203 8199
0 67
0 75
0 31
1 9133
3 478 1555 5097
1 8893
2 6906 9698
1 5174
2 823 4412
0 96
2 2665 354
0 83
0 2
2 9439 1401
0 15
1 7493
0 8
1 6227
2 1579 4081
0 54
0 37
0 32
0 85
0 37
2 1088 2394
1 1096
0 5
0 29
0 14
9 8387 1602 62 9967 3699 8033 8631 5341 5775
1 1404
1 5346
0 6
0 42
0 80
0 73
0 76
1 6561
0 100
0 61
3 8295 1297 5261
1 8883
0 93
0 69
0 4
0 37
1 4117
0 80
1 8738
0 89
0 93
1 3137
1 1178
0 22
1 7096
0 29
1 9104
0 42
3 6777 2637 9474
3 8358 1837 5142
1 2415
1 8042
0 87
1 1674
0 4
2 9659 2757
1 6536
0 53
0 10
1 545
1 8743
0 8
0 2
0 81
3 6585 5578 59
0 92
0 34
0 39
0 32
3 6423 1940 7723
5 3621 2832 8333 3927 4984
0 100
0 22
1 4184
1 2051
0 26
0 53
0 21
4 9280 6305 3703 7499
1 7572
1 40
0 78
2 4162 5569
0 55
2 6933 7758
0 95
2 3592 3027
0 98
0 12
0 41
0 22
0 26
3 7234 7657 3578
3 8926 889 7414
1 189
2 8908 2140
0 41
1 7589
0 71
0 88
0 16
0 45
0 87
1 485
4 2979 2239 1583 9273
0 21
1 3419
3 3842 7271 8073
2 1716 6602
1 9460
2 2031 6822
0 5
0 27
0 84
0 16
0 15
1 2444
0 38
0 19
0 62
1 1101
1 7325
0 96
0 23
2 1251 8806
2 1778 1857
0 77
2 8046 7509
0 91
1 5276
0 99
0 22
0 18
0 72
0 78
1 4660
0 60
0 38
0 39
0 28
0 9
1 573
0 86
3 2508 8595 65
4 7360 8214 664 1270
2 134 3879
1 4206
0 90
2 6149 1984
2 546 7731
0 94
0 52
0 85
0 71
0 63
0 24
0 39
0 57
2 3622 4145
4 1638 7518 1822 4961
5 738 3368 5844 105 5058
2 5195 9633
0 97
2 5804 83
0 60
2 8026 6046
1 9436
1 3952
2 1995 1864
2 1407 5012
0 8
1 3742
1 7737
1 3730
0 75
0 13
0 12
4 6105 7326 9122 6618
0 52
1 6825
0 55
0 40
0 77
0 84
0 51
1 7750
0 61
0 55
0 20
0 59
4 6263 9416 4407 9074
0 44
1 1256
1 5390
0 74
1 3938
0 30
0 99
3 3847 461 6320
1 6066
0 70
0 8
0 11
0 54
3 8119 4563 5597
0 24
0 45
0 99
1 8707
0 15
4 133 9993 4136 2441
0 38
1 2858
0 14
0 91
0 73
1 2820
2 1416 8828
1 6890
0 93
0 99
2 1785 9016
0 44
0 75
4 6938 5194 6322 700
1 8654
2 4303 9864
1 1955
0 4
1 1140
0 10
0 6
0 50
1 8282
5 8133 7947 6871 7412 4072
1 1656
0 97
0 40
0 54
1 4471
1 8365
1 7019
3 7689 4614 9797
0 50
0 13
0 63
0 10
1 7607
1 4721
0 27
0 90
1 9262
0 8
6 1821 4329 2416 3385 1123 5920
0 47
1 4045
0 1
8 7028 9009 6682 9956 6900 2006 7315 6009
0 40
0 3
0 42
0 52
2 81 4865
0 59
7 9637 3194 5728 4731 3423 4550 4243
6 7208 518 8389 8749 94 6084
1 6191
2 6858 5414
5 9225 8047 6505 9833 6152
0 73
0 46
1 6725
3 1179 8551 9457
1 2663
0 15
0 49
0 51
0 46
1 7027
3 781 6895 1523
0 3
0 70
0 22
2 9230 9047
0 8
5 91 2907 2212 4469 1532
1 7814
1 3412
0 63
1 2873
0 21
0 95
0 100
0 36
1 3510
1 305
0 72
0 55
0 67
0 6
3 1769 6439 8436
1 9414
1 9498
0 9
0 84
3 3874 9798 9776
1 3642
0 21
1 3633
0 13
0 32
4 6279 1454 4054 1498
0 26
2 6197 1570
0 13
0 92
0 11
1 8002
0 83
2 5205 2642
2 3823 1277
1 9603
0 99
0 98
6 8102 3670 7186 7332 2710 5026
1 3602
3 1732 3185 8413
0 51
1 9264
0 49
1 3612
0 48
0 50
1 3198
1 1464
5 6204 1226 8570 5556 161
1 6409
1 5961
1 8801
0 34
1 7521
3 297 4410 2044
0 47
0 62
5 3239 2085 1736 8315 9747
0 34
4 6441 6605 3809 5504
2 4112 3598
0 86
1 3692
0 21
0 17
0 68
0 67
2 5367 7846
2 8537 4374
5 526 9743 4006 9846 7798
0 58
1 4172
0 89
1 3202
1 1592
0 50
1 4868
0 81
2 9725 6108
1 1389
0 50
1 7003
0 31
0 3
2 8398 2981
0 61
0 54
2 3506 4855
2 5481 8124
0 82
1 3168
3 3426 4842 278
2 3543 7801
1 5817
1 8327
0 100
0 90
7 4128 8642 2676 6716 2949 125 501
2 9753 6803
0 59
0 8
1 6078
1 1949
2 5709 5689
1 2788
0 90
4 8705 3208 4161 5401
2 5882 4693
2 6338 9996
1 8925
0 92
0 37
0 13
1 5897
0 99
1 6186
7 5351 4424 3890 8277 6841 248 4130
0 63
0 2
2 9645 4933
0 92
1 9906
0 86
3 3296 3706 4409
0 21
0 58
4 4438 593 3512 2559
0 19
0 24
1 8309
3 2804 294 7501
1 6941
1 2399
0 28
0 53
0 70
2 8466 4877
1 179
0 48
0 14
1 9768
2 372 3036
2 4222 9700
0 68
2 9933 4747
1 5119
5 3608 1733 9015 1496 7312
0 55
0 56
0 93
0 19
2 8697 9807
2 947 164
3 7406 8601 6636
0 13
1 4192
1 1332
0 1
1 7856
4 8349 7235 2805 1916
0 71
0 68
2 4946 7344
0 17
2 6930 6687
0 64
0 50
2 5045 2100
0 16
3 7029 729 9752
2 5478 3876
0 75
0 15
2 9215 9001
0 47
0 100
0 63
0 34
1 7753
1 2701
1 8086
1 3722
0 40
0 60
1 5837
0 53
2 8235 3304
1 2474
3 8247 3369 1199
0 39
0 49
0 99
0 60
1 3021
3 5626 8197 5679
0 15
1 6964
3 6007 2388 3533
2 4198 9327
2 1343 3964
0 44
1 1645
0 29
1 7334
0 37
1 8548
3 4604 2572 8202
2 5203 3474
1 2925
1 2275
2 8 9651
0 54
1 2217
2 970 2731
2 883 9976
0 56
1 649
1 6686
0 9
0 30
1 9183
4 3581 4396 6057 4648
0 54
4 486 1860 4155 2582
0 49
0 27
2 4354 9683
2 2143 686
2 7722 4241
0 60
2 6769 8174
0 81
0 100
0 70
1 7188
0 41
0 94
2 98 4153
0 45
1 3079
0 86
2 6216 5455
0 32
0 96
1 5568
0 98
1 323
2 1721 7546
1 8671
0 27
1 4895
0 50
0 51
1 4363
0 27
2 2753 3878
4 377 1792 1647 8016
3 2609 9652 8589
3 3228 8189 2286
1 8134
2 1477 6515
0 73
1 6455
0 78
1 9023
1 5269
1 8355
0 10
0 54
0 83
2 1023 1204
0 49
1 1075
0 9
1 9099
0 42
0 34
0 22
1 9938
0 11
3 7759 5712 3181
0 70
2 5947 3405
2 1848 4729
1 2485
1 1958
1 1963
2 4330 2092
1 2595
0 50
1 8756
0 71
1 3702
0 25
1 9191
1 2634
2 268 7929
0 86
3 7817 1018 1789
0 68
0 48
0 26
1 2151
1 5126
3 7645 30 4637
1 8395
2 7373 6888
1 3290
0 68
5 9554 7858 3678 6141 3674
1 9583
1 1184
2 7478 1020
1 4889
3 7125 4965 17
3 5781 135 7118
3 5794 5362 3617
0 94
0 43
4 1985 813 5784 5601
0 50
1 3764
1 3724
1 2324
0 68
0 70
0 30
1 2862
2 1530 8725
0 26
2 3121 7626
0 46
1 7898
0 35
0 75
0 98
0 69
0 65
1 7553
3 1310 6098 7384
3 9918 4529 9296
1 534
2 4853 2331
0 67
1 3830
1 4286
0 15
4 6453 1412 7996 2420
0 93
1 5398
0 93
0 57
2 6965 1659
0 47
2 1194 3053
2 9790 5832
2 4632 8418
2 7831 4886
1 3050
0 25
2 8568 8836
1 4078
1 6810
3 2201 7109 8638
1 8011
7 6552 5529 7537 210 5764 9026 2514
3 4477 5849 7977
3 8886 14 463
1 8587
0 58
0 34
0 6
1 7075
2 943 6431
0 95
2 3061 6259
1 2478
0 54
0 91
0 71
0 72
0 41
3 3716 8177 1391
0 36
2 2936 3142
1 8129
1 7564
0 89
1 4894
1 2386
0 58
0 65
1 2769
0 42
0 65
1 3669
0 79
2 2137 2863
1 4173
0 59
0 44
3 6647 9310 4755
0 64
0 50
0 38
0 46
7 5446 8422 9244 3310 7739 9819 4511
5 2575 6299 7146 8965 3508
0 70
0 40
0 26
1 9112
0 40
0 63
1 5931
1 2168
1 1292
1 5939
0 32
6 1556 8017 7163 5193 3374 2798
2 9397 5582
0 19
3 9279 2964 3127
1 6956
2 5921 8211
0 92
0 89
0 49
2 4870 7919
2 1790 4811
1 8266
9 5585 1969 4422 1577 9441 1951 5480 1302 9333
1 2641
4 5471 6689 4996 8369
3 7727 3116 2392
0 37
0 17
3 4207 7809 5619
0 69
1 1066
6 8772 7981 7392 8066 8912 7883
1 6878
4 8813 1330 5227 1533
0 84
0 37
0 33
0 17
0 8
0 42
0 77
2 8169 6183
0 20
4 3855 1210 5953 7926
1 5841
3 6824 2489 8951
1 4475
1 1806
1 5
0 31
1 8187
0 12
2 3089 602
1 6653
0 74
2 7121 5912
2 7327 6986
6 7859 3712 2310 1312 5541 7695
2 5822 918
1 5965
0 22
0 7
0 20
1 7137
1 8741
3 7756 5418 1238
0 7
0 79
0 95
7 1921 367 5470 5238 6309 672 2224
0 72
1 2241
4 8440 8221 6701 3643
1 6284
3 591 2469 8364
1 6444
0 71
2 9090 8875
2 4106 4857
1 4963
1 4457
3 7444 404 2053
0 18
0 23
1 2799
0 76
0 18
1 1127
0 90
3 4350 9365 4896
0 23
1 5513
0 84
1 1547
1 2568
1 8153
0 65
1 7050
1 4244
1 2270
0 63
0 69
3 9525 4597 1724
0 16
2 223 6496
1 5224
5 7950 4118 33 3201 8947
0 64
4 9094 7385 3367 3329
2 340 3317
0 5
4 2292 3481 3827 2456
1 9053
1 3649
0 20
1 4533
0 22
0 33
3 127 8435 9711
1 147
0 48
0 22
1 1878
5 2243 4049 5168 9166 7514
0 72
2 2417 9086
0 12
0 97
0 63
0 84
0 23
0 19
0 24
1 3862
0 46
0 58
1 4569
0 75
0 63
0 11
3 4348 2618 2435
0 95
0 54
3 1623 4238 1597
1 6068
0 89
1 6958
1 1400
5 2225 6833 7864 4526 2229
1 6952
0 70
0 2
0 2
0 15
1 5131
1 3421
2 749 507
2 4454 1367
1 6967
2 4812 3786
1 2167
0 43
0 13
1 9197
0 61
1 4525
2 3138 9518
3 9242 6090 8308
0 75
3 2742 5506 1968
0 56
1 4332
0 8
1 9471
1 1605
1 4826
2 480 3455
1 9986
0 70
2 5886 4989
0 82
0 9
0 74
0 3
0 80
2 7567 2422
0 38
0 5
0 76
0 8
1 3778
3 2885 2358 5068
1 6611
1 3011
2 170 7684
0 51
1 204
0 94
0 52
1 8366
8 7604 4748 5420 216 9349 2424 5378 8213
5 1809 6799 9837 2398 1991
3 6945 7339 5187
0 4
1 7284
0 40
3 1503 308 1081
0 16
2 6894 4487
2 4005 2095
0 34
0 54
0 64
0 94
0 89
0 53
0 56
0 81
3 7747 1225 418
0 14
0 95
2 4278 590
0 25
0 97
0 71
2 7355 358
1 6554
0 85
0 27
3 8167 6143 8492
9 5363 184 9520 1274 9854 7102 8115 9256 325
0 54
0 7
2 3609 6669
0 21
0 36
0 98
0 48
0 55
0 29
0 46
0 71
0 98
0 98
0 59
4 4742 1576 1660 6812
0 18
2 5682 9922
1 9719
0 31
0 59
2 7341 42
1 2689
2 2265 7362
2 5440 3986
0 18
1 9060
1 5836
0 53
4 6119 9781 8035 8405
0 63
1 4926
0 76
4 7888 8808 8082 3130
0 23
0 80
1 7931
0 72
1 2111
1 2396
0 56
0 91
0 50
0 26
1 1392
1 2161
5 7131 9679 9085 8625 3205
0 37
0 63
1 9179
0 63
0 48
0 47
1 6527
3 9735 8497 8095
0 78
8 4987 7752 3389 2406 1067 8474 3885 4437
0 86
0 76
1 8532
0 8
0 25
1 3462
0 5
0 9
0 51
0 83
0 40
2 540 5803
0 82
0 14
1 6796
0 45
1 789
5 6839 402 7851 487 6061
2 7085 9182
0 41
6 3379 7911 460 5034 7690 9055
0 35
1 2233
1 2717
1 5297
1 8238
5 8299 6000 8735 6454 1470
1 8858
0 16
2 7154 1758
3 1468 4370 5125
1 3975
0 55
2 5209 5280
1 6315
2 3284 8137
0 60
1 2510
0 49
0 64
1 5670
0 34
1 5795
2 6801 3737
0 2
1 6979
0 94
0 2
0 90
3 29 7667 6751
0 7
0 62
0 86
0 77
0 62
2 9780 9409
2 8183 3496
0 58
1 4171
2 5179 862
0 47
4 3575 5287 2479 5260
0 23
1 5555
0 78
1 3077
3 7127 7632 4885
4 303 2162 2629 8010
1 9775
1 433
1 9939
0 24
2 4033 5333
0 39
3 4038 3596 4777
1 7820
0 46
0 68
0 98
1 6288
1 5854
2 741 2196
2 4365 3210
2 7784 8068
5 1143 1441 8853 3311 5344
0 95
8 5736 9708 8563 1846 1058 3629 3919 5968
0 95
0 6
1 1209
2 6458 2427
2 6763 4510
3 5444 5614 4555
3 939 2164 7686
0 10
0 47
1 9574
3 6131 7812 8591
1 8269
1 3954
0 75
0 60
1 2075
1 8793
6 5633 2103 6468 9239 6035 276
0 40
0 74
0 29
2 7576 2276
0 77
0 95
1 6807
0 21
1 7162
0 10
6 3117 8851 786 5523 3099 6672
3 188 986 2675
5 1988 8303 3992 6813 6056
0 11
0 42
2 1865 4105
0 15
5 5281 9260 2948 3071 750
2 3840 8414
1 3199
1 915
1 8429
0 23
1 8023
0 41
2 6817 2446
0 68
2 1866 3300
1 4580
0 89
4 5774 802 2434 4582
1 867
1 3836
2 7882 1308
0 70
0 4
0 65
1 1683
1 6325
0 71
1 3511
2 2552 5422
2 244 4535
2 6903 4929
0 54
0 27
1 614
3 5495 145 9567
5 5127 3807 833 1828 4159
0 86
0 70
2 4189 9504
0 35
0 100
3 3935 685 8959
1 9128
1 4100
0 81
3 28 2876 5956
0 41
0 38
0 72
2 6583 7161
0 47
1 6447
0 57
0 81
1 292
2 1536 4890
0 74
3 9022 1183 4542
0 84
0 83
0 88
0 89
0 95
0 32
1 5061
3 3688 1870 6883
1 4338
0 64
0 55
0 98
0 44
0 2
0 26
0 36
3 7090 1046 969
0 21
0 39
2 3648 4923
1 850
0 56
1 1535
1 1956
0 52
0 83
3 9640 8590 7097
1 9306
0 91
0 59
0 84
3 5064 1341 3190
1 5792
2 4377 1221
0 8
0 61
2 5688 6038
1 8361
0 22
0 88
1 7069
0 75
3 7549 2433 4910
1 4273
0 22
0 88
0 68
0 76
1 362
0 84
0 63
0 70
0 5
0 57
0 22
1 2786
2 8820 7331
3 8005 5652 477
0 14
1 9552
0 4
1 5565
1 5550
1 5475
0 89
3 87 9499 7708
0 93
0 6
0 48
1 2072
2 1627 300
0 40
1 937
0 50
0 34
1 755
0 32
0 45
1 8558
0 6
2 4180 810
3 2529 6303 5087
2 4856 4554
1 8834
0 39
0 18
1 3650
0 14
6 3564 2768 4633 7381 3914 2780
0 6
1 6195
2 5387 3792
2 715 9879
2 1882 8070
0 56
0 34
5 2116 8099 560 9636 9916
1 7183
0 19
0 79
0 78
0 37
3 6280 6238 237
0 91
0 39
6 2463 5994 6731 8528 5251 4639
0 55
1 8924
1 7032
0 15
1 5762
1 9251
0 5
0 23
0 90
5 2498 742 3955 1626 3353
2 3777 272
0 19
2 6050 2449
6 8114 6286 3051 2685 8984 9393
0 36
0 30
0 76
0 7
2 7314 603
1 6648
1 982
4 9891 9209 5389 1612
0 49
0 27
0 74
1 9049
2 1028 665
6 337 892 6488 7594 3985 7225
0 68
0 46
0 98
1 3026
0 95
0 26
2 3090 5181
2 6994 7670
0 40
0 76
2 6787 6276
1 8543
0 58
1 1844
1 6795
0 43
5 8633 8937 1740 9858 4914
0 56
0 29
0 28
0 78
0 1
0 96
1 8249
0 95
4 3221 6870 3873 9357
0 89
1 6053
0 7
1 6351
1 5852
0 27
1 9202
1 8053
1 8659
0 36
0 38
0 43
3 7030 1107 6188
0 56
0 6
0 75
0 96
0 82
3 5527 4034 5518
2 5431 1272
1 6666
0 38
6 3936 6210 5040 3120 4694 8877
1 7353
0 65
1 6974
4 9428 8377 7182 1913
1 5492
1 5309
0 100
3 7487 7010 5372
1 7072
4 9150 2511 914 6185
2 8791 8339
1 8362
0 90
1 7474
0 99
1 335
1 4076
1 6011
0 33
2 7505 2009
3 9405 6970 9726
1 8898
1 5752
0 66
1 5169
0 93
0 59
1 8803
0 48
1 8748
0 17
1 2505
1 6926
0 92
0 78
0 70
0 4
0 73
2 7536 6983
1 6827
2 669 3085
0 87
0 74
0 35
1 4246
2 2011 7280
0 49
0 97
0 64
6 1706 8428 6884 8929 1005 9831
1 6018
0 56
2 8677 9643
2 5336 2173
6 2297 6607 3301 1150 7795 4691
1 1247
2 4268 8284
0 39
2 5143 1340
2 3274 194
1 7276
1 7218
1 1198
1 4088
0 7
1 1167
1 6291
0 44
0 77
0 69
0 22
2 9497 3016
0 48
0 99
0 77
0 9
2 1402 6722
0 77
0 43
1 9259
1 5048
0 91
0 87
0 16
0 5
2 6331 4699
0 17
0 90
6 8670 4260 9056 4997 8847 7289
0 71
6 6379 5651 6856 4397 5808 3863
0 49
0 58
5 1684 5222 9045 6184 7978
1 495
0 84
0 51
0 44
0 4
0 37
3 9628 3083 8641
0 57
0 24
0 75
1 6010
0 79
3 788 3980 9455
7 5557 5033 8769 1715 3428 5202 8162
2 2942 4472
0 65
0 19
1 1971
0 22
0 57
1 3635
1 5234
0 35
0 72
2 5724 7760
2 1689 7380
0 23
0 46
9 7306 9059 1756 8038 569 1575 2490 2054 1796
1 7148
0 20
0 77
2 4326 904
1 6282
1 654
2 2875 718
3 6240 7077 7151
1 6513
1 7648
0 55
0 72
8 375 2192 4727 53 6790 6619 3461 2950
0 7
2 9175 9662
0 86
0 100
0 30
1 2933
6 5706 6436 5233 6630 1440 9907
0 69
1 6577
0 92
0 74
0 24
0 93
3 1652 1521 8306
0 77
1 3734
3 8588 2860 9739
0 25
1 7440
1 6239
0 80
0 100
3 459 3829 7258
2 9834 973
1 5730
1 9406
0 29
0 5
2 3047 7975
5 2046 4822 2848 6866 5465
0 69
0 73
1 2041
0 71
1 6576
1 4425
1 7616
0 66
5 4778 6389 3768 4600 5914
0 83
0 51
3 6026 582 4770
0 16
5 7718 2287 9320 3718 9893
0 31
0 30
1 5306
1 4947
0 2
1 5786
2 1545 3254
2 5494 5773
1 2220
0 100
0 50
0 92
1 1359
1 3738
3 9669 7774 1298
0 41
4 9240 8770 2986 8408
5 5262 6736 379 3153 4176
0 67
0 18
1 5213
0 22
0 90
2 6430 7301
1 7808
0 85
3 1200 9804 7265
0 96
0 58
3 120 5732 2483
0 36
1 6665
0 46
0 24
1 5671
3 1761 2357 7714
1 426
2 707 19
0 14
0 53
0 36
2 4110 6287
0 45
1 4194
0 3
0 74
1 5242
0 91
0 33
0 19
0 25
2 5593 5409
2 639 7539
0 87
2 8995 8672
0 30
0 85
0 52
0 42
0 44
1 7172
2 8184 5447
0 21
0 52
0 13
1 4495
0 47
0 85
0 4
3 3044 5534 844
1 5244
0 35
0 57
0 39
1 9823
0 100
1 6128
1 8882
0 4
0 100
2 753 9927
0 80
2 5644 3272
0 28
0 88
1 5643
1 8996
0 27
0 69
1 8727
1 2838
0 68
0 76
0 57
0 65
0 20
2 8702 964
0 25
0 23
1 4672
1 6880
0 74
0 46
0 1
0 61
0 15
2 5079 9613
1 2130
0 54
0 31
2 9531 2965
2 5324 1093
2 2527 6874
0 16
0 88
2 5735 3022
0 70
0 27
3 4505 3774 535
3 717 3626 3294
1 5404
1 3206
2 2733 7674
0 78
0 7
2 3214 240
0 11
2 5729 6132
1 611
0 37
1 6968
0 86
0 55
6 3567 1456 7762 2888 3470 329
0 49
0 96
0 62
2 2047 7730
0 100
1 4470
1 5172
0 18
0 70
0 68
0 89
5 1169 5303 3605 3136 1992
0 5
0 86
0 95
1 608
0 71
0 38
0 98
0 9
0 69
0 3
4 653 322 4355 1531
0 4
3 2594 2563 510
2 8484 9545
0 27
1 3390
0 30
0 38
0 85
2 2999 1104
0 40
1 2700
4 2590 1166 4801 7076
0 28
0 80
0 45
1 2327
0 71
1 1320
2 4007 1419
0 48
2 6960 3286
0 12
0 39
2 407 6199
2 7166 3098
0 89
4 1437 7875 7879 4840
1 2165
3 595 8340 4314
2 2172 6782
0 99
1 543
1 9709
1 7293
1 9689
3 3875 1508 1803
1 5647
1 7979
1 9769
1 9185
1 6045
0 4
2 9900 7144
0 89
0 35
0 41
2 7213 2729
0 84
1 3535
1 6054
1 277
5 4492 9943 2501 5946 1474
1 9737
0 67
0 98
0 57
1 1620
1 7324
4 559 5507 1172 4954
0 7
0 94
4 816 7575 5510 7660
0 48
4 6606 8814 8779 6440
0 65
0 79
0 81
0 4
0 85
2 8456 1230
2 3220 7701
0 3
0 57
0 96
2 3660 6425
0 60
0 66
0 85
0 50
2 7783 9028
3 1711 638 1304
1 2345
1 3014
5 731 5857 412 475 3846
0 29
0 8
3 2785 632 7170
0 20
1 6404
0 11
1 5599
0 20
1 3925
1 4066
1 5686
2 3513 2810
1 1108
2 9746 6867
0 52
0 23
0 46
1 5326
4 5211 1694 4108 2335
1 1092
1 2410
1 7726
0 9
2 7455 1275
0 78
0 4
1 336
1 4250
1 4270
3 9527 2156 4775
2 155 3664
1 7418
1 7458
0 10
1 7939
2 148 679
0 20
1 3720
2 7117 8566
0 95
0 12
1 1262
0 46
1 1541
0 6
4 7848 9548 3038 225
1 4921
0 96
0 5
0 80
2 650 4553
0 59
1 7038
0 31
1 3247
1 9565
2 9688 2109
2 4452 5991
0 28
0 93
0 57
0 58
0 58
0 39
5 4071 8450 2462 3638 9081
1 7724
2 8722 8501
0 98
1 8989
0 58
4 848 7420 2496 5405
0 69
0 3
0 57
0 29
5 967 898 5692 1513 7574
1 6578
1 4099
2 1818 1918
0 8
1 9415
0 2
0 31
1 938
2 994 4408
0 20
0 12
0 98
0 20
0 80
0 57
0 34
0 83
0 45
0 98
5 3591 2349 3005 3680 7402
2 1698 414
0 8
2 5977 2990
1 1966
2 7813 2551
0 38
0 57
2 9011 3784
0 56
2 5479 3411
0 21
3 4037 1975 583
1 5109
0 46
2 8438 5014
5 3963 3584 9556 5517 6719
1 7079
0 88
1 2881
0 73
2 1431 3263
0 92
4 5265 5452 821 601
3 6373 8579 7669
2 5755 1420
0 61
2 6715 8920
2 6660 4566
1 6101
0 55
5 1621 5022 7236 6271 5121
2 4494 3962
3 7480 3552 1925
0 81
0 17
1 4581
1 290
1 5746
1 9426
1 9220
1 6203
0 84
2 6621 1287
5 5268 1337 9248 2141 905
1 5548
0 16
1 8573
1 1381
3 1609 2407 3269
3 1800 3895 839
0 28
0 72
1 9321
1 4290
3 8553 566 4827
3 7991 3486 9766
2 4741 3527
3 4196 7987 1379
1 8287
0 19
0 30
0 1
1 1930
0 9
1 1987
2 2425 7002
1 9041
2 838 7653
1 9667
0 79
3 2453 8146 2020
2 4659 5900
0 49
0 72
0 76
0 44
1 5915
2 2338 8110
0 77
0 57
1 9657
1 3343
1 4497
1 3240
1 7773
1 2836
0 18
0 68
6 4025 6706 6405 4013 9660 1665
1 7563
0 35
1 8939
6 4879 9342 5863 6159 2306 6120
1 2829
1 872
0 86
3 7983 5693 8138
0 87
0 86
3 728 7067 847
1 825
0 10
2 7885 6612
0 49
0 46
1 3553
1 7982
1 1537
1 5002
5 3324 6091 4282 8567 6692
0 61
2 4834 8754
1 9516
0 66
4 2408 8928 5621 2113
0 56
0 99
0 33
3 9110 8583 2792
1 8809
0 85
0 4
2 1414 1625
0 87
0 43
0 91
2 8630 4247
0 73
2 1214 1417
0 82
0 46
0 31
3 1720 5165 6610
1 8608
0 31
0 91
1 893
5 845 7611 7930 849 7591
0 79
0 4
4 5824 9196 1729 1348
0 82
2 9352 6599
3 9561 9316 8692
6 3499 1294 3921 7376 3916 5443
4 3122 500 1386 2994
0 22
2 7438 3942
1 3627
1 9076
1 6115
0 37
2 624 8865
0 5
0 64
0 54
0 47
1 3536
1 3170
0 44
0 20
3 6683 9082 2186
0 11
0 51
1 2091
3 6876 1145 6024
1 9278
0 9
2 9571 8270
2 2910 6794
2 2520 2438
0 68
0 100
3 4711 8260 4436
0 80
0 41
0 63
1 8373
0 27
3 5433 4665 7942
2 3230 9095
0 18
1 7958
0 58
1 1768
0 72
3 4413 3946 2132
0 9
1 2
0 95
0 44
2 5559 8399
2 3008 7828
1 3755
0 20
3 710 5300 7742
0 69
4 8100 2159 2001 3898
0 29
1 3918
0 14
0 47
0 76
0 51
2 7451 4389
2 1527 6943
0 28
0 25
6 2195 9672 7775 7489 5500 9373
1 8667
1 5272
0 41
0 100
2 4411 7350
0 14
4 1432 5060 2705 9424
6 7542 3909 4292 4306 3835 5935
0 22
0 21
0 8
0 89
0 66
0 2
0 15
1 7884
1 5004
0 67
0 69
2 1908 9174
0 83
0 21
0 87
3 8533 6231 1826
2 3345 2018
0 77
2 7954 1054
0 22
0 90
0 89
1 6275
1 9602
1 8400
1 5139
0 64
0 53
0 56
1 3657
0 95
1 9579
0 95
0 16
3 5948 2678 5766
0 7
1 9376
1 1044
0 25
0 2
0 91
1 515
0 21
0 81
1 142
1 5625
2 6939 4324
2 8328 8391
0 82
0 88
0 87
0 70
1 6461
0 27
2 6963 5749
4 8810 6034 8396 8022
0 98
2 7198 8621
0 81
1 6449
0 93
3 3225 8574 2430
0 85
1 2801
0 69
0 90
4 4514 9057 4280 3417
0 8
2 7437 8069
1 1512
0 85
3 8054 4792 531
1 2578
0 64
0 85
1 873
0 17
0 58
1 7789
1 8773
0 76
3 2622 2917 4988
0 55
0 77
0 44
1 4014
2 9761 8122
0 75
1 8150
1 9849
2 3679 2777
0 100
0 37
6 2258 2226 6138 1339 8208 6793
0 67
1 6834
6 5000 4862 273 7612 2895 2800
1 3087
0 29
2 9626 9121
2 3748 8379
0 58
1 5605
1 8004
0 81
4 9178 2280 7066 2284
1 529
1 5038
0 31
0 45
0 82
0 49
0 80
1 4617
1 6804
2 2542 1188
0 25
1 4328
2 1613 7729
2 6214 7681
0 62
1 4900
3 8388 4897 3046
0 99
3 5016 1596 6818
1 6043
0 2
0 75
0 2
0 90
0 78
3 562 1147 5973
0 44
1 8876
1 2400
0 67
0 29
2 4485 6797
2 6133 6137
1 1935
0 69
1 4017
2 7621 9438
0 37
0 18
0 32
0 46
0 51
0 4
0 23
0 69
1 3233
2 1319 9358
0 22
2 1939 4854
0 98
0 53
2 245 1175
0 5
3 5687 795 6924
0 5
1 5286
0 66
0 59
2 6773 4431
0 80
0 59
1 70
0 65
4 8182 843 764 3906
0 72
0 41
0 35
2 1064 2363
0 16
0 9
0 40
0 16
0 48
0 81
3 3429 2348 6918
0 57
1 123
3 9872 1657 5472
4 1482 5313 2941 6745
2 6234 3751
3 5869 855 8018
3 48 2012 1654
0 2
0 68
1 3967
0 16
0 72
2 4626 1829
0 40
0 71
0 65
0 91
1 2898
0 46
2 8470 2023
1 3767
2 2254 4519
3 9894 2317 2309
0 31
0 22
1 7754
0 10
0 16
1 9158
0 86
1 8515
0 40
1 7336
1 7560
5 1624 3970 2030 6269 7665
0 32
1 214
1 6998
0 69
0 73
0 99
3 7263 9152 9506
0 18
0 53
3 5526 3672 4843
0 79
0 41
3 1960 3413 3097
0 58
1 8061
0 85
2 2626 9960
1 8660
0 67
1 2662
1 1926
0 26
1 6020
3 6008 2630 9523
1 770
5 1029 1403 9348 3273 8870
2 5883 8455
0 71
1 527
0 79
0 30
1 8802
0 84
0 90
1 5188
0 41
0 98
0 29
5 2347 4293 812 9501 8556
0 25
1 1751
2 9394 1002
0 42
6 4047 3500 7969 3978 4817 5379
0 49
0 10
0 45
1 9566
0 16
0 88
0 21
0 80
3 7658 9190 353
0 76
2 7181 7205
2 4813 8160
0 70
2 6348 111
1 3666
2 4253 6915
1 5661
1 9507
0 62
1 7949
0 34
0 74
1 8785
0 90
0 56
1 6521
0 92
0 72
0 70
5 4655 6107 281 190 2122
0 98
0 66
0 54
0 85
1 5760
0 45
4 1234 552 5720 3831
0 21
0 59
3 5355 7413 7666
0 45
1 7262
0 25
0 22
0 9
0 6
0 95
0 39
1 4652
0 42
0 52
1 6849
0 12
2 1567 1296
0 80
0 46
3 8734 6293 2577
0 7
1 4791
0 18
0 70
0 84
0 64
0 29
4 6114 5017 6768 3498
0 57
1 5678
2 4215 7410
1 7618
1 5600
0 48
0 52
0 15
1 5656
0 27
0 50
1 7933
0 50
1 7994
0 64
1 5938
0 92
0 97
0 30
0 85
3 6908 1554 6973
6 6735 6808 2205 89 806 5117
1 6469
1 3013
1 6522
2 9897 3327
0 47
0 59
0 65
1 7672
1 8953
0 46
1 4644
1 5413
0 43
1 5738
1 2984
2 1764 3376
1 9478
0 57
0 25
1 7168
1 6668
0 13
1 1542
1 2207
0 7
0 67
3 3231 8837 9383
1 3903
1 3530
0 78
1 5677
2 6200 8293
2 7845 3169
0 87
0 99
0 99
2 4657 4564
0 58
1 815
0 34
0 36
1 2761
0 74
0 46
2 940 5908
2 7614 6613
0 44
0 70
1 3298
0 57
0 63
1 2679
1 818
1 5368
3 159 440 2121
0 82
0 17
4 8178 8081 1213 7895
2 8552 5750
0 39
0 28
1 8693
3 8562 6129 7837
0 45
0 81
4 8176 8185 4310 9109
1 4496
3 2916 7952 7494
1 2405
0 83
1 1153
0 61
0 63
0 48
0 37
0 35
0 73
1 3275
0 22
0 2
0 50
1 9449
1 1919
0 29
3 7374 8459 3653
2 1970 3971
2 2727 1840
3 9526 1463 1156
1 8044
0 56
3 2115 3667 4181
0 43
2 3180 7273
2 5307 4730
0 19
3 2851 5423 9238
2 7123 4876
4 7629 9461 903 4227
2 5308 3615
0 1
0 37
0 90
0 67
1 9955
0 89
0 67
0 30
1 757
0 8
1 597
0 24
3 4342 411 9163
0 41
0 79
0 2
0 14
0 15
1 1544
1 5183
1 8635
2 5831 2870
0 54
0 91
2 2955 5153
0 30
2 3662 9896
0 31
0 75
5 2081 6 6177 8544 2098
0 2
0 48
0 50
2 4883 3154
0 10
0 80
0 63
0 54
0 57
0 23
2 7477 7608
0 56
1 6229
0 90
3 4682 8656 6555
1 3825
1 2636
0 92
4 1942 4015 2504 7490
0 52
1 6638
3 8864 826 2468
0 58
0 93
0 98
0 35
2 112 6953
1 3344
0 17
0 76
2 1125 5590
0 91
4 1901 7372 9718 2093
2 8092 7274
2 5059 3976
6 7292 1643 489 963 4680 8243
5 6474 1898 5361 9116 2040
0 30
1 4353
0 67
0 92
0 85
0 100
0 58
2 5424 8829
1 3999
1 9925
0 31
2 3271 5069
1 3717
0 70
2 4232 3393
0 25
0 1
1 4262
2 5667 7951
0 4
1 7153
5 5741 9377 6696 9374 9283
1 5477
2 7704 2643
0 84
2 8203 3910
2 3791 4880
3 1529 4416 2371
0 53
0 66
0 88
1 8974
3 3124 9517 442
0 97
