50 2000 5 0
1759 602 1118 1126 960 666 1023 397 1802 1484 390 1824 264 11 1794 1882 384 1204 893 1693 863 1105 1921 198 815 309 662 1442 606 1983 913 726 1521 1822 138 1487 1474 959 784 734 1092 4 331 388 285 470 1553 213 1836 407 
0 65
3 1304 864 5
1 286
4 633 544 210 520
0 21
0 1
0 54
0 72
1 450
3 457 419 1530
7 1882 1442 606 1338 1573 97 1171
1 1776
0 96
1 857
1 296
0 44
1 328
1 56
0 61
5 409 308 605 935 495
3 427 1315 1078
0 69
1 1413
2 116 1626
1 757
1 1179
2 1971 366
1 122
2 1166 1227
0 71
2 1620 1018
0 36
3 1485 192 1888
1 100
6 1625 299 1071 1500 1523 1580
0 99
2 1054 1582
0 73
2 183 658
1 1366
1 1188
1 988
0 67
2 930 1955
2 722 1429
3 1438 376 1186
0 79
1 49
0 62
0 28
3 318 1718 132
1 437
1 691
0 22
1 1082
0 21
1 890
1 1770
0 70
0 20
0 66
0 63
0 51
1 1769
0 98
4 1210 790 541 718
0 40
0 68
3 1318 843 1372
0 78
2 439 1097
1 1860
2 377 1328
0 25
1 1967
2 588 603
1 564
2 1046 134
1 1065
0 89
1 140
2 1130 733
0 54
1 61
1 806
1 1461
0 9
1 575
0 33
0 96
1 346
0 38
0 18
1 1588
0 62
1 1559
2 655 1229
1 334
0 23
0 46
0 78
1 1431
0 76
0 16
0 36
1 1477
0 67
1 557
1 353
0 66
1 619
0 41
5 1723 135 248 591 295
2 1628 576
2 1618 725
1 438
3 612 468 1278
1 1934
0 90
0 7
0 17
2 1195 1717
0 51
0 78
1 411
1 1434
1 1426
0 58
0 16
1 7
0 96
0 51
0 67
0 5
3 395 162 558
0 30
0 23
10 784 39 796 436 483 360 632 1262 220 1847
2 497 1979
0 32
0 77
1 166
0 82
5 907 674 352 1517 1642
0 76
0 39
0 88
0 25
4 152 536 850 672
1 1279
0 99
2 1839 1181
0 33
2 1468 317
0 65
0 49
1 977
0 93
1 1849
0 50
0 54
2 1356 487
3 1957 1941 1075
1 1883
0 31
0 14
0 22
1 104
4 1697 1107 1261 1036
1 1660
0 63
1 1151
1 732
0 87
3 910 1088 1194
0 94
0 88
0 72
0 74
0 10
0 87
0 57
1 1767
0 36
0 30
0 82
1 1565
0 35
2 1696 386
0 29
1 777
0 7
2 1708 462
0 82
2 1701 1765
0 53
3 1420 519 1311
8 282 1981 1467 1043 715 894 1060 1010
2 625 899
0 78
0 99
0 35
1 678
1 222
0 53
0 45
2 636 1163
0 69
1 908
1 989
2 321 942
3 1129 638 216
8 1246 1383 586 1908 69 1260 992 719
2 76 1062
1 244
0 30
1 535
0 60
0 5
0 46
0 29
0 58
0 90
1 1792
0 52
0 16
0 57
0 7
1 1695
0 85
4 968 1650 90 952
1 1479
2 1651 362
0 97
1 1007
1 895
0 6
1 500
3 98 643 837
1 995
1 639
0 40
2 1641 1982
1 74
1 865
0 87
1 1482
0 24
3 241 1480 539
1 263
1 1669
0 56
0 29
1 1516
0 24
1 394
6 392 1138 849 1471 1762 579
0 87
2 1577 1095
1 1673
2 1367 1203
2 424 1432
1 195
0 75
0 43
1 1671
0 19
1 1572
0 6
0 73
1 1386
0 26
0 8
0 93
0 95
0 93
1 1476
0 22
0 6
0 70
1 225
4 1191 1235 368 260
0 37
0 15
3 1230 371 1891
0 99
0 17
0 27
0 72
1 906
0 51
1 1100
0 88
0 84
1 1117
0 80
0 54
0 16
3 1894 511 441
0 91
0 96
2 14 228
0 79
0 60
1 563
0 86
1 1634
1 720
2 1983 648
1 755
2 444 904
3 1715 918 1525
4 1381 770 398 708
0 76
0 32
0 20
0 46
0 62
1 374
0 17
3 1624 150 534
0 59
2 795 484
0 85
1 1080
0 5
0 76
1 975
1 389
0 73
3 1561 1627 110
3 834 1560 1733
2 290 1558
0 14
0 94
7 1899 84 1706 1589 155 435 1173
2 1596 513
0 26
1 186
1 1257
0 23
0 83
0 87
0 51
2 967 1933
0 61
0 71
2 1874 191
0 66
1 582
1 1705
3 23 954 471
0 16
10 1345 929 1507 1427 1440 1123 1929 233 278 2000
2 1342 1876
4 805 1452 1020 464
1 99
2 231 21
0 37
2 842 292
0 28
1 48
0 82
1 80
1 1601
0 63
0 51
1 1441
1 1313
2 804 423
4 1779 825 453 1325
0 16
0 53
1 1590
0 14
1 1541
1 1336
0 33
1 949
0 86
0 2
1 1165
0 45
4 1185 1846 1149 1906
1 703
0 1
1 943
6 470 404 1416 556 1896 475
0 66
5 44 1586 1662 873 1103
0 48
2 41 783
0 63
0 20
3 194 1161 1973
0 44
5 264 354 1972 33 1013
1 1855
0 20
0 3
0 6
0 50
1 1481
0 4
0 68
1 1630
8 1508 1451 509 505 526 9 799 143
0 25
1 994
0 86
1 1647
0 43
0 50
0 89
0 28
0 93
0 47
0 43
0 72
1 1668
1 8
1 550
1 1201
0 79
2 1870 1837
2 1631 922
4 798 1576 528 1512
0 63
1 1890
2 126 969
0 4
2 741 701
2 1808 668
0 64
1 1838
5 1321 677 1868 530 1055
1 1069
1 179
1 793
0 33
1 348
2 1312 478
0 3
1 813
0 36
0 66
0 28
0 22
0 10
0 17
1 232
2 95 426
0 9
0 29
1 594
3 26 1280 1443
2 896 1453
0 52
0 40
0 39
0 28
0 82
1 1269
0 10
3 1904 1264 315
2 258 1314
0 56
1 1771
0 1
0 46
1 548
0 1
1 1049
0 24
0 10
1 945
0 67
0 46
0 35
2 932 1617
0 25
3 333 447 976
1 1667
0 28
0 33
0 66
2 1991 146
0 89
0 71
0 76
0 70
0 73
2 1639 1332
0 96
1 1923
0 14
2 1755 1676
0 7
0 48
0 23
0 91
3 748 596 1752
0 90
1 446
2 521 30
0 13
0 36
1 559
5 940 1910 17 676 984
4 991 1362 624 948
1 184
1 1917
0 24
2 1070 1800
1 269
2 149 1086
2 902 1505
0 17
1 1026
2 1320 714
0 38
5 20 367 694 1140 939
0 72
1 363
0 97
0 72
0 100
0 64
4 1014 1449 378 809
1 1633
0 69
0 49
0 79
0 75
0 56
1 1574
2 626 962
0 87
2 687 1038
0 65
0 33
4 1549 1694 844 1819
0 80
2 1276 901
0 56
0 73
1 964
0 69
4 759 1094 1168 652
1 897
0 56
1 1306
0 68
2 1790 349
0 73
3 323 1935 1233
1 1806
0 18
4 1193 903 193 64
1 45
0 58
2 347 46
0 19
0 44
0 96
1 659
1 431
1 1608
0 71
0 79
6 1712 1093 237 1937 1397 1157
0 23
0 22
1 1334
0 60
0 39
0 23
1 1145
0 24
0 28
1 235
1 19
0 64
1 1353
0 72
2 516 253
2 1409 1658
3 66 153 1239
0 88
0 47
2 854 1579
1 188
0 66
0 68
1 1178
3 589 613 543
1 1270
0 41
0 48
0 43
3 1775 1520 1610
7 1118 1104 1873 765 1351 301 867
0 61
2 365 1825
1 1740
5 1521 1553 1841 203 1199
1 1942
0 88
1 50
0 4
0 52
3 1368 120 1960
0 20
0 44
0 3
0 95
1 1518
0 45
0 87
2 1329 1265
2 1913 1375
2 1473 1034
1 316
0 9
0 17
7 430 1147 1106 1677 540 1977 1569
4 1444 608 1293 125
0 95
0 17
0 21
0 74
1 443
2 1566 272
0 92
1 1124
0 55
0 70
0 45
2 595 1820
1 1268
0 46
4 1085 117 1599 499
0 21
1 898
0 33
1 1486
1 1205
3 1455 1997 872
1 474
3 1215 1146 937
0 63
0 100
0 40
0 83
1 1911
1 1858
3 773 151 1180
1 127
0 99
1 1341
4 383 1224 1488 823
4 642 1122 506 1663
0 81
0 73
0 62
3 1023 397 384
0 20
0 14
1 1764
0 13
1 168
1 129
0 97
2 1682 1197
1 1619
0 87
0 2
0 7
2 1813 463
5 243 1355 375 1914 1160
1 1494
1 412
2 218 702
0 5
1 700
5 336 1758 1415 482 1324
1 858
0 11
0 12
1 716
1 1675
0 65
0 36
3 1869 1236 284
0 16
0 37
2 1878 31
0 48
1 870
0 32
0 25
0 51
0 42
1 1724
0 13
1 165
4 1143 343 1737 993
0 58
0 71
1 43
0 17
0 53
1 1797
0 43
2 1538 1778
0 30
1 1700
0 87
0 97
1 871
2 1536 869
0 45
1 1866
5 729 337 1042 1119 711
1 1743
6 750 680 1784 1127 1742 1785
0 38
3 1798 1725 212
3 1289 554 566
3 1827 297 288
3 585 320 1707
0 47
0 97
6 311 1089 1721 429 34 882
1 373
0 55
1 1114
0 42
2 1727 111
0 48
0 83
2 597 1248
0 83
0 38
1 380
0 21
1 28
2 1231 709
0 31
2 1226 1535
2 169 1999
0 80
2 1889 1357
3 1240 442 1887
1 75
2 1932 1190
1 1378
0 44
1 767
2 1510 1583
2 174 381
0 33
0 20
0 26
0 24
1 1595
2 1850 1524
1 1266
1 1359
0 44
0 45
2 549 47
1 330
0 67
0 14
1 1448
0 49
3 517 1568 428
0 52
2 646 1939
2 547 1897
1 1258
1 449
3 593 71 514
0 98
0 22
0 33
0 77
2 78 1389
1 1690
0 42
2 647 158
1 106
2 1271 1551
3 1951 1605 1401
2 271 1417
0 66
0 55
0 17
2 16 1377
2 406 364
2 1953 145
2 1988 287
0 65
2 1099 1005
1 1002
2 1421 101
0 17
0 12
0 72
2 1053 1283
2 88 239
2 533 875
3 1067 756 215
3 1547 1339 167
0 71
0 42
1 1821
1 230
0 47
1 551
1 545
0 80
2 1829 604
2 118 1286
0 81
1 688
0 31
0 36
0 85
2 40 1492
1 201
0 15
1 1217
0 35
0 31
0 89
1 1291
1 1655
1 1317
1 1950
3 657 55 1637
0 96
0 68
1 319
4 1526 1522 919 1352
2 1810 1410
2 29 1209
0 47
3 1011 1128 1710
0 78
2 555 204
2 1864 267
1 712
0 60
0 10
0 81
0 60
6 211 1612 1984 671 982 1879
1 1787
0 39
2 472 685
9 815 1487 1474 721 630 782 1901 245 1137
1 1109
0 9
4 469 1177 207 1296
0 96
1 1033
0 25
2 22 1611
2 3 705
2 124 1567
3 1120 1699 1621
1 1232
0 16
0 29
2 1402 1687
2 1872 953
0 98
0 58
1 369
0 84
0 97
0 32
0 33
0 21
0 58
2 618 565
1 829
0 61
1 1243
1 1136
5 726 1552 1307 172 1370
2 85 303
2 109 1101
1 1428
0 88
1 567
1 1875
2 12 1607
0 30
4 102 1970 1447 27
1 79
0 44
0 51
0 19
4 173 1433 1575 59
0 77
2 1250 1131
1 1263
1 1930
3 1012 1196 761
3 1456 10 451
0 24
3 1331 1613 1301
3 1915 221 599
3 493 1412 37
0 78
1 1880
3 877 1483 93
0 23
0 49
2 814 1121
1 569
0 40
2 684 997
1 1285
0 13
3 1609 789 1115
3 1674 229 178
1 440
0 69
1 808
0 33
1 1635
1 1842
0 55
0 3
0 86
2 912 307
1 980
1 1040
0 51
0 36
0 94
1 339
4 1726 1164 206 577
1 1249
0 8
0 30
3 931 1986 1017
0 55
1 925
2 486 916
0 22
0 22
2 574 1044
0 90
5 285 313 686 1654 1064
4 1204 1661 938 1636
0 50
0 4
0 15
0 47
0 56
0 45
2 223 1754
2 325 1640
0 9
1 103
0 98
0 21
0 53
1 1396
1 1391
0 66
1 1730
1 501
0 77
0 70
0 5
0 72
0 27
0 31
0 98
0 58
0 84
0 64
0 67
2 1282 1978
3 1845 1734 1791
0 56
0 40
0 22
1 740
0 75
1 142
0 28
0 37
1 15
1 610
0 43
0 15
1 413
1 996
1 291
0 62
2 1418 1519
3 1187 107 1057
1 1056
1 774
3 1496 1811 182
1 820
2 1527 1685
2 1898 1284
0 44
0 19
0 37
1 1292
1 342
0 12
0 94
5 2 1877 1691 990 251
0 54
2 1780 467
0 63
0 14
0 71
1 635
2 560 664
2 1446 1125
0 21
0 67
0 55
2 1310 752
1 1949
1 131
0 88
1 523
0 57
0 96
1 156
1 1169
0 60
0 18
0 32
1 1966
0 62
2 955 416
1 448
2 1385 51
0 55
0 94
1 433
0 76
0 39
1 1745
2 1783 944
0 73
0 76
1 1657
0 76
1 1593
0 32
1 1003
2 77 1716
1 1436
1 197
0 47
0 66
2 94 144
0 56
0 36
0 23
1 1644
0 95
0 11
0 89
0 85
0 43
0 32
1 1614
0 75
0 61
3 1247 693 512
0 54
1 1863
3 723 1234 485
2 972 1273
0 30
0 2
2 852 1686
0 98
1 81
0 82
0 39
1 1238
0 92
1 921
0 97
0 47
1 781
0 10
2 681 114
4 778 538 247 1638
1 1683
0 71
2 481 1212
1 1622
0 8
0 7
1 1895
0 85
0 26
1 961
1 335
0 75
6 1126 1802 1824 148 306 1454
0 72
0 66
0 83
3 866 276 1796
1 881
1 649
0 55
7 960 666 959 1515 358 1861 461
2 1513 187
0 39
1 936
1 580
0 94
0 1
0 54
3 1344 920 615
0 16
1 421
1 1245
1 1548
0 79
2 1216 1944
1 1907
2 254 1843
0 4
0 52
1 1946
2 91 1133
2 785 518
1 396
5 298 848 810 928 1371
0 60
0 79
0 38
2 1297 405
0 4
0 5
0 82
0 10
0 86
4 1616 508 926 1922
0 4
0 46
2 924 946
0 95
0 68
2 651 1498
0 29
4 1840 786 590 1347
2 889 1004
0 67
0 75
0 62
0 79
0 13
0 81
0 2
1 1308
1 1361
0 52
1 275
1 1788
0 69
2 1437 344
0 30
4 692 1303 1741 570
0 10
0 85
0 66
1 745
3 724 1857 294
0 45
4 1207 1546 255 958
1 731
2 115 293
0 33
1 387
0 41
0 87
0 98
1 1823
2 1439 1132
0 92
1 68
1 1828
5 331 1836 113 768 1961
0 72
1 1403
0 83
0 28
0 72
0 67
0 39
1 851
0 53
2 491 1464
2 1192 794
2 1037 338
0 85
2 1382 1398
2 1562 546
1 1162
2 747 1450
2 1602 1844
0 29
0 85
0 2
2 1623 803
1 1688
1 190
0 98
3 1664 792 1886
3 1206 326 1319
0 7
0 40
0 21
1 38
0 33
1 1554
0 4
0 57
0 49
4 1298 422 1992 1006
0 12
0 99
0 63
0 6
4 1947 277 1251 987
1 515
0 96
0 4
1 654
1 736
0 84
4 830 947 886 1340
1 1698
0 26
0 47
0 45
0 44
2 1643 1470
0 62
0 8
2 892 58
2 941 1406
1 762
2 821 670
2 933 1564
0 72
0 61
1 312
0 43
1 1364
0 23
0 80
2 1113 1295
1 1928
1 1919
0 93
0 64
0 15
1 1826
0 12
0 59
0 16
1 455
0 81
1 1374
0 92
0 44
1 696
0 4
0 57
0 66
1 1214
0 56
0 39
1 171
0 41
1 1175
1 460
0 66
1 265
2 1305 361
3 176 281 616
4 537 1330 1537 1081
0 74
1 54
6 1539 224 1068 707 909 1881
3 476 105 1555
0 5
0 4
0 21
2 202 1916
1 1035
0 6
3 1656 704 414
0 87
0 10
1 1030
0 63
2 490 1028
2 1856 1543
0 67
0 93
1 628
2 766 1652
0 37
3 268 1490 1976
1 279
0 88
0 6
3 621 859 1016
1 1469
0 86
3 96 340 1598
0 2
2 92 1323
0 30
2 1139 466
1 876
0 94
0 24
0 56
0 24
3 1051 627 1008
2 345 1182
1 836
1 1965
1 1110
0 44
0 94
0 38
1 963
2 1592 62
5 1390 1782 1015 199 1183
0 72
3 1142 1294 1333
0 1
0 9
0 72
0 61
0 17
2 1594 760
3 824 60 1001
0 31
2 175 1563
0 17
0 26
1 879
3 1218 578 1938
0 29
0 56
0 11
0 78
0 16
2 1909 1435
0 97
1 209
0 70
2 304 1208
0 92
7 163 1495 900 1713 1198 1153 888
1 1851
2 425 1680
0 84
4 1692 1058 1927 611
0 18
0 88
1 956
0 18
0 71
0 82
0 48
1 488
1 1511
2 1789 1817
0 66
0 56
0 93
1 65
1 1384
0 99
2 623 219
0 68
2 1940 1795
2 1980 1337
0 31
0 78
1 1587
1 1689
0 85
3 238 891 1763
0 88
0 30
0 71
3 196 147 1571
2 846 250
1 1985
0 56
1 1760
0 62
4 496 1299 1045 561
3 1862 617 1489
0 71
0 66
1 780
1 1905
2 480 986
0 36
0 79
0 42
2 89 1736
0 18
2 1859 832
2 473 739
4 571 1048 1200 744
0 11
0 22
2 754 817
0 4
0 3
2 83 1781
7 138 161 1945 1159 1751 1021 1884
1 246
1 139
1 1274
0 94
2 177 1912
1 498
1 860
0 55
0 3
0 76
0 99
1 797
4 1996 1116 800 743
3 25 112 641
1 305
0 56
1 983
0 73
0 81
0 47
0 59
0 86
0 85
0 97
4 1803 351 310 36
0 32
0 37
0 59
1 601
0 96
0 45
4 1134 257 1369 660
1 697
0 17
0 53
1 727
0 22
0 12
1 121
1 445
2 841 807
5 390 863 309 1963 522
2 1818 1604
1 67
2 1719 1645
0 20
1 771
1 763
3 324 644 978
0 42
0 61
0 92
5 529 728 552 524 695
0 52
2 273 400
0 91
1 401
4 1702 1259 128 572
0 15
1 631
0 8
2 839 1404
2 1804 256
1 1158
1 698
3 951 1728 905
0 63
2 653 418
0 6
0 62
0 95
0 85
1 226
0 16
2 6 1408
1 208
0 39
0 62
10 4 213 679 1958 1892 1756 923 1327 1029 1047
1 1852
1 130
0 36
0 61
1 119
2 108 1544
3 1665 1853 42
0 94
0 97
1 1975
0 99
0 54
1 1632
1 259
3 1629 1757 965
1 1346
0 48
1 802
0 70
0 61
0 17
0 98
0 93
0 89
2 1501 1277
2 1254 1542
0 50
1 314
5 1491 1531 1395 1387 391
2 227 1653
0 25
2 751 887
1 1711
0 67
0 57
0 42
0 39
2 141 1252
1 1400
4 432 1648 1414 1994
0 57
1 1670
1 1052
0 97
7 1112 1475 1354 1365 1753 1854 1074
0 30
2 1061 1466
1 1376
1 503
0 28
1 1457
3 1272 713 835
3 403 1534 981
1 568
2 527 525
0 22
1 1211
1 1407
0 51
1 1405
1 494
0 66
1 1924
2 1393 1027
2 1805 1084
0 56
0 19
0 33
1 157
3 927 154 665
0 20
0 41
0 82
0 46
1 1373
2 1189 420
0 56
1 532
0 21
0 69
1 1050
3 214 1773 1399
1 746
0 62
1 833
3 262 1025 240
0 34
2 1814 1509
0 15
0 9
0 67
1 1848
2 950 181
3 329 985 1766
1 683
0 96
0 65
0 22
0 42
2 341 1998
0 60
2 1948 1172
1 32
5 1550 302 1584 645 1155
0 83
0 4
0 15
0 34
0 9
0 39
1 826
0 9
0 82
0 95
2 1952 1585
1 1503
0 82
3 1411 1019 838
0 97
2 878 1031
2 1098 1768
1 934
0 18
4 1799 1009 1497 454
0 1
1 1358
1 70
0 44
0 59
0 86
2 1533 1343
0 85
0 37
1 911
0 54
0 86
1 1729
1 874
3 1096 1244 999
1 1032
1 1684
0 49
1 252
0 4
0 84
0 34
3 1893 1 1936
2 1545 583
0 39
0 92
0 93
3 1458 289 816
2 1987 159
0 86
0 76
1 408
0 70
0 93
0 21
0 63
1 274
0 54
3 614 1499 1460
0 11
1 542
0 66
0 4
0 71
0 68
3 24 1380 1465
1 847
1 913
1 669
0 53
1 868
3 242 1786 1606
0 21
1 1962
1 372
0 79
0 18
0 78
0 47
0 97
2 1532 914
1 971
1 663
0 33
2 1493 479
0 57
3 1394 1600 1514
4 1735 1267 1059 682
0 33
1 205
1 673
0 38
1 1714
3 1141 1807 1666
0 10
1 63
1 87
2 853 1255
0 77
1 1954
2 1679 979
2 322 1871
4 957 1900 53 855
0 56
0 34
0 81
5 822 1253 862 974 1974
0 26
1 1902
2 1322 735
0 75
0 60
1 1761
0 37
0 26
1 1529
0 1
1 1287
0 28
0 10
0 25
0 45
2 261 1102
0 50
3 787 1219 1316
4 812 82 1704 200
0 90
1 1388
0 100
1 1237
1 776
0 54
1 510
7 1484 1921 662 1135 801 458 1063
0 100
0 45
3 382 189 840
0 26
0 56
0 82
0 58
2 1445 1202
1 434
1 1024
0 79
2 587 1831
1 385
0 30
3 772 1000 52
1 136
1 730
0 94
1 507
3 1150 1920 1646
0 41
1 1090
4 1288 749 393 1423
0 3
4 827 1425 402 1348
0 56
0 89
0 58
0 52
0 42
1 699
0 38
1 1073
1 970
4 198 1822 1772 504
0 66
1 634
0 42
1 160
2 1076 1463
0 44
0 94
4 1693 1603 502 1083
0 26
1 72
1 1506
0 88
4 1422 607 1290 531
0 29
1 775
4 1242 553 738 1111
1 861
2 819 1832
2 249 1748
0 61
4 1087 1833 1720 675
3 600 1041 1091
0 84
3 379 629 737
0 77
0 83
0 91
5 734 915 885 856 1801
0 41
7 1794 893 1092 388 1835 1220 1867
0 71
0 54
0 16
0 92
0 33
0 1
0 73
0 100
1 883
0 95
2 1746 13
1 1176
0 49
0 2
0 100
1 1809
3 1363 1528 1154
0 100
1 1993
0 69
0 65
4 459 452 1504 811
1 1022
3 1747 1256 1739
1 1703
0 100
0 92
0 77
1 1459
2 742 1968
3 753 769 86
0 82
2 667 170
1 1213
0 73
0 32
3 1152 1072 1360
0 65
0 88
0 27
0 94
0 55
2 788 717
2 1478 1749
3 266 1281 1144
3 1812 710 1326
0 69
0 13
1 399
2 880 410
0 64
0 23
2 689 1581
0 31
0 34
0 41
0 76
4 1105 417 1039 185
0 27
0 30
2 1989 1681
1 332
0 17
0 30
3 1793 828 492
0 51
2 456 1424
3 592 562 1241
2 236 57
1 1591
0 3
0 63
0 32
0 70
2 164 280
5 1419 1077 690 609 620
1 180
0 7
0 49
1 1300
0 28
1 1275
4 1732 370 137 477
1 73
2 1969 622
0 5
0 59
0 12
8 917 1156 123 1430 1615 1578 1502 415
0 48
0 44
0 33
3 1738 1731 270
3 1931 300 1309
0 22
1 1379
1 1956
3 818 355 884
0 5
1 1744
3 581 656 1557
1 1079
0 58
0 78
2 1990 973
0 11
1 1222
0 32
0 37
0 60
1 1649
1 1943
0 78
0 5
0 34
0 10
1 1834
0 56
0 18
0 68
3 1167 1184 1108
0 14
2 356 1556
2 1815 573
0 41
0 84
0 44
2 1925 1350
3 598 1066 359
4 1918 489 1462 1722
0 26
0 72
1 465
5 1885 1774 357 18 350
1 283
1 217
1 1170
0 1
5 1750 1223 831 661 1830
2 998 1903
1 1174
0 44
0 18
0 46
2 966 1225
1 1392
0 44
4 35 1597 1672 1816
1 1472
1 764
0 27
1 1959
1 1540
3 1228 779 327
0 88
0 63
2 1926 133
2 1995 584
3 1221 1349 640
2 1678 637
0 6
3 758 845 234
1 1148
0 57
2 650 1865
2 1335 1709
1 791
0 69
0 34
0 73
1 1777
0 6
1 1570
0 94
0 77
0 70
1054 863
1213 1553
1432 1836
39 207
1986 1878
